1
8.227112141078912 0.06649878833827082
9.5894441723233 -0.010019014049955997
5.491304630865292 0.21985288649311013
5.855577641975357 0.18302354519613762
2.6539926655244717 0.6500731371050977
8.399774458576683 0.0815699441783749
9.89603382654286 -0.02337510824875749
1.2631180611837955 -0.11923285175529202
1.2759886948650856 -0.11834316473386099
5.293255577068107 0.21078439809945856
0.036706979224581104 -1.7461351553064788E-6
5.274066909430779 0.2095203600073902
7.2717617184806596 -0.07564264281266324
9.59056413610789 -0.01008036232642513
0.8506211638071992 -0.08176388378714215
6.5712868212449305 -0.09984617067692307
6.738735999741111 -0.11827923169308467
8.514389403900827 0.08292024484119905
5.788774715700051 0.19890559015902542
7.080953881372921 -0.09584512674328322
