2
0.0611106002165287 0.7304754302774976 3.152922006709227
-0.4517957036787301 -0.5321812143730984 3.2162921888135125
0.20869029190597055 0.8858127597269345 2.828638382039317
0.38288188743969687 -0.4430409194130136 3.414595300733951
-0.8403269981425767 0.2520530580594835 2.8884201061286396
0.33310915260869955 0.40059746073212366 3.521994806569205
-0.757372653234079 -0.129618865969505 3.0883089757242206
0.3801590721932646 0.08193862530174889 3.718794332677302
0.8475891089005751 -0.7147491267715955 2.4773373092007933
0.9463237480039928 0.16493487552675967 2.73716495101545
0.9645108193566065 0.8559326225253747 2.1840607506023795
0.8724700954290068 0.6997448078440978 2.460897217204216
0.1332749231873378 -0.4829637557723543 3.553950442206236
0.19761182264115829 -0.8261913454736345 2.939401405217868
0.5113985102016378 -0.3869083278710421 3.3178135823448365
0.9379435327134173 0.42087313573127805 2.617054067493068
0.1713731520175401 0.8207737846804057 2.9596324306555597
0.6848541657527365 0.966483821721402 2.350786607257133
0.5309556008108107 -0.322461321668323 3.353039209025141
0.09118859269309931 -0.035604097099927845 3.980925373842445
