2
0.4952709416796164 -0.8123348798829191 1.9613599474978296
-0.42751239143817577 -0.33656739844325023 -2.3480776781384844
-0.10255874079615279 0.8511032703804566 -0.40490126705503143
0.46118049977172904 0.5786730476876003 2.2353230018154733
0.9758073825364901 0.7591727574486622 3.604488660127785
-0.49262095571331344 -0.9405232137526325 -1.6723956575591847
0.9754794663090796 0.38901610120335484 4.596642540802864
-0.8189835663210212 -0.8878150016501161 -2.76596653383029
-0.90641204342368 0.935426510110517 -2.8034459472016837
-0.9955288663145769 0.4674216523732433 -4.4942688073998776
0.8877429397579375 0.8851888509818489 2.9465825349540253
-0.08666561342451073 0.8529443962189587 -0.34160731183769855
0.5853657274796604 -0.10553902351090594 3.296580489314267
-0.7393092520712077 -0.9264863888471746 -2.4282146257929904
0.6309266985045585 0.027849781091056958 3.537987323229336
0.4832283770039907 0.8060346489045429 1.9302043236594484
0.4027032800240673 0.828329604257616 1.5898266646462131
0.21574068983146555 0.556948235089294 1.0903135797107544
0.12260999237070358 0.2511369983673699 0.7107986082078506
0.607509100342086 -0.583352223364302 2.858529809608783
