2
0.6806216918813349 0.14765009711400678 0.944775283593765
0.7795133719093907 0.8161921753856599 0.8160321020882242
0.27029372898514414 0.6121337516278501 0.4489599703754945
0.6117699602980041 0.3049469649322848 0.8608365602496327
0.969260698005151 0.624640505447243 0.980686623267948
0.929805347990569 0.9963128597578349 0.9300548948609403
0.42949692470431555 0.14152958468595034 0.8872642631023816
0.3798330150808984 0.15244008122509223 0.8628058453472948
0.8382464326908198 0.6310003353910513 0.8946383805883216
0.6127294071384297 0.5854668394509009 0.7506766242257673
0.3265305338838095 0.2915874736996352 0.7215497297302184
0.22334008583184672 0.714055529755272 0.3428672916268915
0.3863964062326616 0.9699034468523765 0.3976142672403868
0.9929935659981245 0.020348911610419407 0.9998569351180092
0.8958587065723713 0.7279297396472489 0.923068063398896
0.33029560246899137 0.5421273930861215 0.5485093367715429
0.5552506135699986 0.9602996331398528 0.5683723282078752
0.004455605444379729 0.6097056782794384 0.03685743265225884
0.1780619538411643 0.4895108900968912 0.4296812561291856
0.271273518426948 0.8937111320525761 0.311623274130082
