2
0.7618406868580045 -0.2717129915097962 -0.4117230472194944
0.2947002898699902 0.9923175479556061 -0.7933343709680842
-0.20309164369180377 0.590188647673433 -0.285984322450295
-0.7906209294847131 -0.7137801246017761 1.2237314716568248
-0.8018726398504479 -0.866271385669598 1.2399869126012588
0.4996329585930708 -0.3711315107533115 -0.12911603067811295
-0.5369666734867831 -0.2739899668891077 0.7697072934453965
-0.1422454040821648 0.12498844805158216 0.01765761607609523
-0.5544552234664994 0.7047584521412897 -0.009372128389178558
-0.21208149696414647 0.021767533440320452 0.18841129640549203
-0.05999934016357411 -0.3163330312765722 0.360461989518919
-0.9610311630534503 -0.46619145514481075 1.1990448765221824
-0.907201430611511 -0.8059743904075938 1.3020694928991063
0.04519000414419394 0.9461820024762078 -0.5678139193900058
0.7560421659569199 -0.415000073379614 -0.29034809541010154
0.6106442045021843 -0.5857340844516479 -0.07984806165228842
-0.20511549706644083 -0.5587567612235926 0.6749218415318208
-0.3057455263994744 -0.5040414415158874 0.740042906052803
-0.38355779727715866 -0.7643434655680739 0.9133429938465774
-0.9404947278732347 -0.4641925870763568 1.1882971992950562
