5
-0.50543219555983 0.4637981265172768 0.027108947183505983 0.774296403962873 0.7413309046590444 7.520442850309998
-0.46611547799213127 0.059000412577274286 -0.025239584739962684 -0.12053976712315873 -0.901579675294786 1.6939021396506373
0.9536115006177637 0.21039116510135103 -0.26597321687326714 0.2843989242112863 -0.30999626587487317 112.12459560668299
-0.4922470110680579 -0.0030326615458735606 -0.12501610239785932 -0.7056529770126949 -0.7933816993023857 2.5334953685408563
0.4916975300871529 -0.1459657216734105 -0.5505201190820976 0.12866496006720163 -0.09639726210380051 1676.460941049465
-0.6894953695443773 -0.5925492060150392 -0.4315631888177103 -0.5535209782943908 0.9574414154906616 -3.5099842651196833
0.5714708830633464 0.40170201881239054 0.096168224161012 0.036255049339311674 0.20684619566260443 2162.399904183383
0.9758788864556092 -0.6667684587997142 -0.05293533585500776 0.23000522191298467 0.10110870385944737 -653.7568511475921
-0.7761207276933495 0.6514932903282855 -0.5373081036065419 0.28092749075948076 0.18560138793634962 557.8868351142864
0.9146537502028582 0.1385123742297314 -0.4420637599858317 -0.12014625763936704 0.517150839479936 60.62761319184693
-0.7928496021978928 -0.22910513656193476 -0.5791902061348961 -0.5056517044875981 0.9754688215592247 4.1318592845572635
0.031868004683073936 -0.15196933419400005 0.2912342254031779 -0.23629171068959454 0.8627658987871971 0.36750940125823506
0.6664488557230672 0.853451559292105 0.4117070854432894 0.6050089112806332 -0.018932303839093834 61.58360763886937
-0.05849321219732473 -0.5161643801673959 -0.29495045258326247 0.5083610883314822 -0.36289051916728576 -29.80600180710195
0.6330131796995784 0.409622992448492 -0.7477383794466657 -0.48823259436213595 0.7729831470483961 46.78632592661557
-0.007778526807603825 -0.8166198726338993 -0.8912470218629129 -0.8985734483477037 -0.5385164252671644 -6.531183942894899
0.5331367721493445 0.02633604066052264 0.05435310923912673 -0.861515088820364 0.5710063534266803 0.07200334152714705
0.6006441181084401 -0.20793791425247776 0.8396344548506265 -0.45867612385600043 0.6311282489202881 102.17590859472536
0.5356112150528378 -0.7729765326058875 -0.8570421671188742 -0.33201710762196135 -0.9481972486632446 4.912358098311005
0.02779105256417136 0.9551833804865211 -0.6065175140459234 -0.28617637904065685 0.8605004068261375 28.471800929681002
