5
6.101446716089143E-5 0.31553563596848266 0.5692912443362721 0.9217954452152055 0.18794745577271454 -0.5604927615276383
-0.7684772204225956 0.991314073776427 -0.3043463703922129 0.024213411339099045 0.8898208117218129 2.7513540843415734
-0.9316673206271004 0.7054657982803416 -0.2885532052015125 -0.6764224234283354 -0.16845239135204038 NaN
0.7901930351739865 0.33253071702296944 0.1565885400853524 -0.800475751567465 0.47931121835361146 1.433586993465436
-0.23864772321222283 0.30072260459103983 0.22364124431552312 -0.19851961520442907 0.45141344108164283 1.3058584097618
-0.8471707691777228 -0.7912991948593406 -0.9314885520269234 0.1834551109610567 0.12723230563863508 -1.3915076594245406
-0.4508396137354762 0.573779154773125 -0.18719655230121424 -0.22939892293039787 0.13366097406538646 -1.2865157933878635
-0.987930529965295 -0.6622290378039726 0.2943109382481992 -0.7709912764337259 -0.8703692313082352 NaN
0.8767086537835047 -0.16074802082049588 -0.5340568138701063 0.6008711129589621 -0.8217580237598243 NaN
-0.3915398470186744 -0.05677549773652091 0.937733108134243 0.8412957032614223 0.6569945500632972 2.105230546322424
-0.15085146417512063 -0.25006408814903636 0.283734363034404 0.6051260535712315 0.8165502271049498 2.5683196024028456
0.3133861524059043 0.43114276282503083 0.7614732786073899 -0.5578403539831829 -0.5662673703902941 NaN
-0.17212201697505702 -0.1777631641392532 -0.5247405139557901 0.7904838787213155 -0.43200560560687906 NaN
0.9117960933061378 0.48052276374677816 -0.08796401564276723 -0.3089684230636838 -0.9477226329983717 NaN
0.7652674095760119 0.8297250645655632 -0.5753933859107989 0.9590036657322611 -0.8945582171391964 NaN
-0.33567223000430757 0.9975214833390567 0.10753944565417894 0.9402349747993706 -0.15640714333027028 NaN
0.28959134011367516 0.7771630107538356 0.6988522319342563 -0.5359659306540925 0.4331651452761147 1.2179648389884694
0.8190497599497002 0.23270763480871737 -0.7507909377758033 0.2983161869023032 -0.6756254624584441 NaN
-0.3860658776602275 -0.8328486798978592 0.871545099533837 -0.05029450453825679 -0.1500007310046758 NaN
-0.3506333270460693 -0.9845325557301741 0.1591180321782517 -0.45404383033066953 -0.19312294733508906 NaN
