5
-0.18437622228023098 0.7013160272981289 0.10788019089390599 0.31132450587439364 -0.0738702123624504 193.547738141396
0.019638456874019328 -0.1896375910067618 0.3522608566431231 -0.15908716576741289 -0.6437082192343122 -5.70402203419043
0.9449151689962387 -0.24343168004646132 -0.6126176922034245 -0.7031162434692639 0.6214748893343809 -10.770733433590165
0.40364483217904024 0.21174622837354184 -0.6629993219316892 0.4323534336391164 0.4556820795394103 -3.6415134742661137
-0.26935326143892024 -0.717766021580347 0.4149584129742325 0.3320324605590099 -0.996102514397694 -7.577649999130063
-0.831888180914389 0.29638645707967837 0.5918090459426013 0.6115646999536746 -0.42715774797450945 -8.276247192248237
-0.432855038542723 0.03139098042428312 -0.6512236154513205 -0.8797137761012572 0.4996355149667495 -6.665416352976388
0.9134429600057332 0.09841201713997183 -0.012404997269473972 0.45132509802147047 0.5780674411729676 -6.234693930662812
0.3443346149641551 -0.40980334903956095 0.8269068049595449 -0.5567310620103392 0.5166985834101732 -10.765478090863112
-0.7842168332677066 -0.5872446129030018 0.3488051489468831 -0.7319242171972562 0.1385587368039587 -54.75398839498608
0.21665852976778033 -0.7479671977590863 -0.778768719693274 -0.15204859967179374 0.8378728188837856 -7.868958715697219
-0.9917106987804989 -0.30937730481871717 0.11049888230110683 -0.8189663538825962 -0.022033204189010114 -1059.1131151726304
-0.5374016191881053 0.28732229670902676 0.7234007214569238 -0.6049705419489564 -0.08055168022828973 68.28616733242355
0.35181808815401383 -0.534655084021147 0.660354679734583 0.9588659041829222 0.31103519410025426 -11.248930469235148
0.27864575231594646 -0.9679951635759714 -0.2740002353641042 0.6511784118389838 -0.31882986648855804 -22.872014833823698
0.3911680678423619 0.008334154089969514 0.19037682934193256 0.8019361605651458 0.6372545287168081 -4.323648663995275
-0.10843694975983187 0.4255557051625989 -0.40394332388582677 0.7353275070854641 0.08642405413783227 103.59612404299659
0.4576667016520597 0.9122008620499609 0.6445457768214873 0.639245509661376 -0.6041209042412194 -1.818507105097357
0.7993224660971767 -0.007454337781401366 0.9192101408092563 -0.10141303121439216 -0.04944502295085651 19.364177533537596
0.46437912858846486 0.7876368630699637 -0.07075824125056762 -0.07338857925224085 -0.033844116358771714 1143.6844939620548
