5
-0.40502850109085964 -0.21471036072830008 -0.18569071123170144 -0.5732874550336142 0.7212871635347768 20.383435066073122
0.26239350159113717 -0.7372906722102968 0.10458491143973059 -0.3781672544680279 -0.7570994353105984 24.22128312811332
-0.8234333466723667 -0.8803011919029853 0.7756849786776969 -0.06625443850292312 0.47393206792625997 99.96546126059069
-0.6214277427515813 0.7923509784805078 -0.07411691997617464 0.9655721678362483 0.5641157034372306 21.924072008368945
0.42518040330395945 -0.03364511633546363 0.6066255543218788 0.46230524446344234 -0.983693397057966 17.180997403162582
-0.316227519220879 -0.909624611860478 0.6060009162446927 0.9590061482325098 -0.11231686735706825 15.790740047170276
0.4151268200708822 0.8732730400220126 -0.7122873340157261 0.8812208067387874 -0.4249768579096027 21.073104088053306
-0.6730877875045944 -0.8221321262073604 0.12618311437233776 0.44838233525777205 -0.13176217068422091 19.74030193288025
0.9800716195657306 0.20564953233254224 -0.3589702965730259 -0.9099679116360213 0.7566473887400285 21.361904942837313
-0.12853805893600256 -0.8185590175458106 0.07393962738419768 0.06765311746796887 0.5723529921421975 12.552314005498555
-0.694785313604942 0.9294028467792064 0.8016020520058589 0.03917095121493963 0.702702775960004 62.72107766518719
-0.9974840703756813 -0.3968391040275643 0.9101560652513689 -0.07675316906622909 0.4987220604498481 59.98256010238385
0.26672047040897207 0.5710019868950544 0.8847515854342567 0.635274447788527 0.14374144696014746 20.383318798599543
0.46907775527145446 0.8609951831334437 -0.9146563109952885 0.3390671354757333 0.982679727406403 19.516305758825645
0.8974108696596579 -0.16163537633973757 -0.6780594082891769 -0.7670143752551721 -0.1359550887912384 19.189760549238414
0.9659634448807402 -0.06365657994557727 0.6691813393454773 0.5367999362500593 -0.9211182264031019 18.964652730026284
-0.2770476057653042 -0.874853439539633 0.5302409332084752 -0.050412114014594334 -0.12060653427659895 109.37454562947336
0.23976076305965033 0.7276438265044258 -0.5135351382626319 -0.9759596755395501 0.3751144312024024 21.806531726866854
-0.9733974063141118 0.3422687290896236 -0.7570950342957694 0.4629186696464138 -0.5046889794455132 23.239962976718513
0.5579517704747754 -0.9136731749883564 0.9567393106015907 -0.7655568737171907 0.21656839740658373 31.655287797022325
