5
0.5581805482658659 0.440203916368781 0.22094194686147772 -0.4053983332834792 -0.760325752791956 10.26153960090002
0.8320975132029234 0.5532775681549338 -0.47220772787348797 -0.2637940596427597 -0.640600255368962 1.1490867411612609
-0.8680166170441164 -0.30436901210473644 0.8545463295275102 0.7802405759210853 0.1622614670779532 7.0470963968872855
0.5483278690754474 -0.8443026343454914 0.14082875859173005 0.32139025307995084 -0.04024480951192699 10.938303143429222
-0.2916877031915115 0.10857726570769022 0.817152439894588 -0.7546536502095926 -0.584783381910843 17.693403322559192
-0.6396904028111767 0.14814352606831238 -0.8891899104437186 -0.9354414846698722 -0.8754269275694699 3.391441995806096
-0.019780831288179312 -0.736217143367645 0.13064736464916593 -0.9873398954753594 0.24495916553671004 17.86999998277709
0.04689259163414605 0.5657100879245314 -0.5984009545111659 0.5699157954259866 0.28867102580515214 17.869996943216513
0.17743847795887513 0.9754690739618126 -0.9276053297585243 0.750324333414639 -0.02364646605468801 17.86102845868219
0.9928098227354998 -0.140095244190795 -0.8033711071705323 -0.9846577005825039 0.14807452584205127 14.596824306181233
-0.34926193744070955 -0.561237930841946 -0.4311053515178569 -0.6451278742011404 -0.6077994680196579 17.3522617861001
0.2424684950634497 0.1549538726701183 -0.5036535292289801 0.7157162454462178 -0.5276171744398752 17.811630398725317
-0.018194137910046093 0.49304054663636787 -0.870200229609599 -0.09388976347693112 0.8283606579948366 17.869999989571347
0.9831578164100827 0.24918166586660795 -0.6354818085369884 -0.913743242843972 0.5776194111380837 16.02485199444497
-0.9640649540400053 -0.9562097882180898 -0.46703874508504906 -0.2008746766860965 -0.4029218317294265 17.661402984385205
0.01294763548005684 -0.33511362218695107 0.05221052822988792 0.7767274309813506 -0.35967397370104015 17.86999999864549
0.6983443815656181 -0.40996886319741166 -0.6000764957357165 -0.7612894318911385 0.22449306914245293 -1.6884356545600658
-0.21530660804006563 0.32100931466825355 -0.2810199344689832 -0.7007697381107965 0.6431009844650992 17.841371738968494
0.6927742888147934 -0.23826988010220562 0.10520592618923197 -0.8770713286475746 0.6086563455165053 -1.2701311354123002
0.4750542036620986 -0.42771581104660816 0.5902251446070661 0.176564989574179 -0.8426150322401029 14.727723483018696
