5
0.8693707678611382 -0.1237700345772006 0.5061947841648209 -0.08080397992594768 -0.942107722139341 14.479059992057044
0.5063853416326307 0.03987502520919328 -0.9565222885731761 -0.1604289126058167 0.4230589939648457 NaN
-0.7389862132968934 -0.7767614992649343 -0.5757818126214089 -0.2464277766679246 -0.5992813841805438 NaN
0.40868098336937164 -0.7674002357732164 -0.12125454218811327 0.0618123928609704 0.6987166703561374 10.799546019765124
0.2952884930532116 -0.6708478844141559 -0.5074331962923471 -0.027072968635362127 -0.39165184949576615 8.525019543229138
-0.04077543799547123 -0.4919221576482362 -0.7903653889532565 -0.9775005580911349 -0.8925086285978099 NaN
0.5445274674987359 -0.5838807813320057 0.9515665624703911 -0.5410890042246981 -0.38480906368753454 16.82929806472756
0.8709675412791 -0.12650693923550405 0.29347786519723784 -0.8833707074088382 0.658162726070344 NaN
-0.9156391652202958 0.9369971161223443 -0.5096284955271233 0.5908449443425983 0.932827673175711 NaN
-0.3277723735249154 -0.19801572406985635 0.2613747507015054 -0.6786070346156887 0.05783548160558505 10.224705213954627
-0.8881617088499725 -0.9424918970815657 0.3789427954349638 -0.4681883830576292 -0.10477661362332835 NaN
-0.09542834003277312 -0.26686550996554725 -0.9217211080183161 -0.4785011962338048 0.42075731237634106 10.969754663819764
0.7670465173182521 0.05460396094763831 -0.7496701244337465 0.03465418114937813 -0.40932741702188347 NaN
0.25575089274678175 -0.9266310964905713 0.04960857993352796 -0.6629809331445045 0.9117325781506056 NaN
0.5612305308443444 -0.877103936637933 -0.38223992155151487 -0.8399175587663286 -0.03013136487707646 10.395008841141374
-0.9037488152162874 -0.09673807821586755 0.04859246053842181 0.2555523861385425 -0.1225975220715394 11.846987163894148
0.3918708708071186 -0.4735294409683646 -0.25941190388750357 -0.8486427982087368 -0.20060599377453925 14.509549377420077
-0.08215317149173407 -0.8958919040059716 -0.3548642106275177 -0.6732466783559301 -0.20247216614515873 NaN
0.2413779469299202 0.7183859921687075 0.16198183933728538 -0.7118665487604088 0.36242024241869597 NaN
0.42834394656556785 -0.28026644400913403 0.8754493709919526 0.12135382102218872 -0.4891434942715922 NaN
