5
-0.9468716299566038 -0.47742895854889 0.24275038835655227 0.03970653733222451 0.05820333256652277 -145.16412187850096
0.0104051249381103 0.5017654424977307 0.08777394465190946 -0.9799862013979939 0.11647467082726526 1.2139871364735768
-0.7305654000023967 0.8609035305612431 0.7682390758027129 -0.3636343900508987 0.9293699302410401 -105.09065614754581
-0.4910306426995792 -0.7872308195518549 -0.9051227188688755 0.20929671615866452 0.9091484301737882 -65.91234688064333
0.7226572642691074 -0.07567587898809958 -0.8872758428266772 -0.6193299783125603 0.43512079680959737 69.83726129223396
-0.7556839794516927 0.8614430254313525 0.5017477445070013 0.6247260434244377 0.05014758627082383 -109.50446792330536
-0.9451577956937982 -0.3147767856449044 -0.6065040631336931 0.815466203613092 0.45505266611938144 -144.8276076395049
-0.770924694812146 -0.028189718841771683 0.8033630465400232 -0.2787106858416577 0.1528878537314149 -112.21227591602496
0.3953720284941278 -0.2243624604358172 0.5977659172092973 -0.41121166222636063 0.23295813441751467 41.598040067886615
-0.08450077962679603 -0.8991713626032047 0.019923600142419895 -0.9021606799379711 -0.31742253589884184 -10.119134823929016
-0.12192445176861089 0.04934342391507962 -0.3899001860321516 -0.29507227441963835 -0.2204145667201478 -14.752391713174433
-0.02024159084226107 -0.2835066040809544 -0.5572298090376562 -0.23603981207651303 -0.45940057194816686 -2.381523352314673
0.9353340506493333 -0.6712059283562835 -0.32412247036126884 -0.043543571496243105 0.022461744902841252 85.65509031446626
0.8032352735214039 0.28548356464456703 -0.5454763309840904 -0.32196714118453573 0.8049050237325632 76.04782277211478
0.8654290737193617 0.4295700344941691 0.212684533093215 0.3804047824621546 0.4701927322807209 80.65761625874805
0.5919026339056916 0.17248597063047177 -0.17950484729703264 -0.26887656069642296 0.751173692160169 59.15798650491405
0.7280771202327732 0.6590884276128559 0.16260449865888194 -0.345118553556923 0.8678601553128631 70.26364262062228
0.4852809368043276 -0.8068754611623568 -0.9790934970489547 -0.32311499977667 -0.8564274731703636 49.86603517939517
0.39954936091804116 0.7460342093957504 0.09240161454808149 -0.18648824094046712 0.3561097555180053 41.9912644075726
0.9793320507504193 0.7024661093813267 -0.9901093656063473 0.46142200430464286 -0.7090071987352378 88.70385692757496
