1
-0.5040900030961797 0.14137399981338847
0.6604569366301078 0.13865450042341215
0.7515949200241001 0.10694388879167382
0.7726419340821542 0.09696596422845849
0.3388710952359715 0.0899743823826243
0.43168297036548564 0.12336867225489408
0.8468507572657338 0.05737293553838807
0.22885094863457267 0.04703059893401468
-0.19118060197913533 0.03392704159975712
-0.6601072757099209 0.13873469428083351
0.27087394294841616 0.06300059453490912
0.680252053382544 0.1335685221360547
0.4822215430214105 0.13696430967031892
0.749444243162456 0.10791644698947661
-0.35054005555683454 0.09453551256171946
0.6329053213804463 0.1439314435429772
-0.5694605988562134 0.1480655418572941
0.3241508099131838 0.08415282862605257
4.668541228953771E-4 2.1795267705760053E-7
-0.5669338227355434 0.1480043832692169
