1
0.14769253111133063 -0.9784261003688731
-0.03456612959653582 -0.9988058966919704
0.6921422454996069 -0.6451266162743721
0.19720500490709947 -0.961873559507095
0.9751395265722418 -0.543338559338605
-0.5838144989608642 -0.7210895127189151
0.813330410061059 -0.5779210207969159
0.41437949795389173 -0.8435933573530382
-0.32359985088170173 -0.900899616914564
-0.24127125044208353 -0.9435062069343793
-0.652032969790342 -0.6721596320617442
0.9607297649941535 -0.5431425242040488
0.8879951725998867 -0.5524402547539473
0.2022811575152228 -0.9599277945213506
0.6237087830471346 -0.6921356677280297
-0.8015977098421712 -0.5831886653536857
-0.17298838116517512 -0.970526056195752
0.07624279416634683 -0.9942039560703065
0.08079212939366598 -0.9934939697104594
-0.7728867839903089 -0.5973383623756795
