2
0.7587443248708768 0.9553457089504089 0.7944136917694156
0.13060916175677129 0.4775636093685238 0.23133350725888233
0.8360403780711303 0.4502530239423185 1.336090029329906
0.11791751523585248 0.20003496226356576 0.2305971336609948
0.54845766638853 0.7452443123313677 0.7663353638931293
0.6668541942470244 0.9341086810011011 0.7354606352200397
0.7155634557731096 0.395355625098485 1.210870821272635
0.6048363021505782 0.4509977350855078 1.023543781679215
0.11792061468801562 0.6443780732773504 0.18811214963593897
0.18237149193959123 0.6818804703769683 0.2816152746223463
0.6081258507709971 0.17443048752871182 1.1253213618833025
0.9409548564524665 0.1421536700173076 1.5999390342436877
0.6757865607829698 0.4426751561924921 1.130435059801729
0.7423256060481682 0.36424099663648246 1.2633077442778862
0.010685821867782441 0.8679590426217789 0.013814050581611524
0.6390636449921098 0.12068201020556091 1.1842121039511846
0.5608523044051835 0.8063802820262855 0.736283848136115
0.835293906202824 0.6498931715378782 1.180678181127119
0.3712139865219001 0.6116519832537303 0.5939623208583168
0.5975270815234045 0.23663440240656985 1.093843006269225
