1
-0.4982956731243773 -0.3737232022577229
-0.2462946863280584 -0.2005741136416422
0.6388124238511836 1.3075811493185094
-0.43742680695022407 -0.32978280809596694
0.1335422222995697 0.15375727601446856
0.9778483412402692 2.869041961654813
0.5620366488671609 1.0554608997759702
-0.04133737102877211 -0.0396992291854621
-0.23210602789363133 -0.19073711607067687
0.6472291553367095 1.3372626392517661
0.3971635479658371 0.6175505665538594
0.1656705947542545 0.19766445944877692
-0.06517432246062604 -0.06120347062063264
-0.7497501534835098 -0.609078385275174
-0.7445531055542165 -0.6029437370674571
0.41243239299824963 0.652687819311778
0.49059167835343853 0.8493475739706133
-0.741343003931016 -0.599187847857969
0.2572389905690917 0.3404328811528565
-0.9971383699984917 -0.9942930944158374
