2
0.34546195406172797 0.36029634427616 0.4680805449188242
0.7091317922692006 0.5707664848938705 0.9712176418672489
0.030678481482986464 0.7441391522421261 0.5565482950272886
0.026223484610588987 0.8587179749989879 0.6985835497144364
0.5644039975107329 0.32958340118795204 0.6433240689479031
0.37434209497870785 0.2830009000736956 0.4456641810388396
0.9463803567318643 0.5042762152904983 1.0628673562296076
0.8158958823806971 0.7419540859772308 1.2514496662092562
0.03248842062279289 0.4377122581151034 0.22290473193559068
0.3872139739212366 0.996057546111368 1.2148032602105272
0.16236056759285133 0.7737410081559435 0.7251967076886726
0.2961451391145089 0.26820498758394506 0.36370722535987676
0.945521063598086 0.7720328844243436 1.3721674343578636
0.042490049950906106 0.19496631538642883 0.08047997671293664
0.0379105947166859 0.49563124580197737 0.28108869905406564
0.37605703420440684 0.39707878380390094 0.5242749805185186
0.24535813067660817 0.9014668308204253 0.9690103518505181
0.1914499741578416 0.9449146869076183 0.9691536238018841
0.6090386771886942 0.016835579274564583 0.572362685905472
0.43055261956096447 0.36970188944918037 0.5536273773763265
