1
0.49596637706083024 1.1516077340300068
0.4349761423508185 1.0058211658444365
0.03075666678604927 0.062449146964608085
0.8160758060892146 1.724528157250482
-0.23783218779706217 -0.4158733718186115
0.3421899917657176 0.778857319440271
0.6763685031313529 1.5320102303736634
0.5186750033153822 1.204461522100627
-0.15535919169696788 -0.28558141614506694
-0.9059464436023081 -0.8721138240204906
0.09528974247552147 0.19932609656448586
-0.0866331096665851 -0.16557004964183913
-0.3603272208191213 -0.5810365267134739
-0.501281873007712 -0.7279524609374964
-0.4722242302388102 -0.7015245928076683
0.05389537841847902 0.11063884372612778
-0.31571221628741464 -0.5248549924181926
0.25173775147772814 0.5590080351795527
-0.8391692321732716 -0.8786432247362348
-0.17994301773508892 -0.3260020898452624
