1
-0.15367100712015302 -0.1331274777147181
0.29114935892550586 0.4077830474080816
0.12768817336504368 0.14634013459558318
0.5981207920097242 1.2978300553938706
-0.8808941236917724 -0.18633464782303655
0.09141031685766987 0.10059979358156862
-0.5461138732988997 -0.321799396398668
-0.7244236207846353 -0.30439990208663587
-0.20660508590614035 -0.1709164334500336
0.496933984806194 0.9275729660394135
0.5962988551020827 1.2903302277793927
0.2769992016094014 0.38086878008857245
0.33294122488648314 0.49298526331663256
-0.23999602950051613 -0.19290370878083452
0.6590972902144541 1.568535865803319
-0.19344780825627028 -0.1618645579998581
-0.194302070506154 -0.1624590079595838
0.38462663986196644 0.6113506028928459
0.27286175401112844 0.37317414259962306
-0.24542026102956394 -0.19634330394792007
