1
0.8415272926514998 1.1460168367388213
0.5372917478585317 0.6836425813399005
1.2085901904009442 1.692796288414796
1.7926358381997543 2.465289815140203
1.8818076213179853 2.5716090210468723
0.7470528136802554 1.0013896302331577
1.6418623880593541 2.278657374549865
0.7480579970512196 1.0029289137444817
0.24793821560226914 0.28115066610564565
0.5858311443039435 0.756162085465593
1.8310320998864873 2.511432759181849
0.5153768227701996 0.6512209386208727
0.8712739921122514 1.1914322351336861
0.5996465752036111 0.7769556119271477
1.5457359606132937 2.1550430972806685
1.4531388223024657 2.0325094168257296
0.24678003982720798 0.27968222992538694
1.11020066656852 1.5499254688854447
1.3512485280654254 1.8937636720197737
1.9794257829175597 2.6846582427383363
