24
3 32 3 2 24 0 1 0 1 6 1 12 0 0 2 0 0 0 0 0 0 0 0 0 1
1 4 1 1 1 0 0 0 0 1 0 1 0 1 2 0 0 1 0 0 0 0 0 1 1
1 5 1 1 3 0 0 0 0 2 0 10 1 0 2 0 0 0 0 0 0 0 0 1 1
1 2 1 0 0 20 0 0 0 5 0 14 0 0 13 1 0 0 0 0 0 0 0 0 1
1 2 1 0 0 20 0 0 0 5 0 14 0 0 2 0 0 0 0 0 0 0 0 1 1
2 14 2 1 10 0 2 0 2 5 2 32 0 0 1 1 0 0 0 0 0 0 0 1 1
2 5 2 1 0 1 2 0 2 7 2 0 0 0 3 0 0 1 0 0 0 0 0 0 1
1 4 1 1 1 0 0 0 0 8 0 2 0 0 3 0 0 0 0 0 0 0 0 1 1
0 0 0 0 0 0 0 0 0 0 0 0 0 0 1 1 0 0 0 0 0 0 0 1 1
1 6 2 1 1 0 0 0 0 4 0 5 0 0 1 1 0 0 0 0 0 0 0 1 1
0 0 0 0 0 0 0 0 0 0 0 1 0 0 3 0 0 0 0 0 0 0 0 0 1
1 2 1 1 0 0 0 0 0 4 0 2 0 0 1 1 0 0 0 0 0 0 0 1 1
2 4 0 1 1 1 0 0 0 3 0 1 0 0 2 1 0 0 0 0 0 0 0 1 1
0 0 0 0 0 130 0 0 0 1 0 5 0 1 2 0 0 0 0 0 0 0 0 0 1
3 15 1 1 11 0 0 0 0 0 0 2 0 0 1 1 0 0 0 0 0 0 0 1 1
0 0 0 0 0 1 7 0 0 6 7 9 0 0 1 0 0 0 0 0 0 0 0 0 1
2 9 2 1 4 0 3 0 3 4 3 8 0 1 2 0 0 0 0 0 0 0 0 1 1
2 14 1 1 5 219 0 0 0 10 0 18 0 0 4 0 0 0 0 0 0 0 0 0 1
2 5 2 1 0 1 2 0 2 7 2 0 0 1 2 0 0 0 0 0 0 0 0 1 1
1 2 1 0 0 20 0 0 0 5 0 14 0 0 10 0 0 0 1 0 0 0 0 1 1
3 25 1 1 20 0 1 0 1 4 1 12 0 1 3 0 0 0 0 0 0 0 0 1 1
2 5 2 1 0 1 2 0 2 7 2 0 0 0 4 0 0 0 0 0 0 0 0 1 1
2 14 1 1 5 219 0 0 0 10 0 18 1 0 3 0 0 0 0 0 0 0 0 1 1
1 12 1 1 8 3 11 0 0 16 11 27 0 1 4 0 0 0 0 0 0 0 0 0 1
5 15 5 5 0 5 0 0 0 2 0 4 0 4 3 0 0 0 0 0 0 0 0 1 1
1 7 0 0 4 0 0 0 0 0 0 5 0 0 9 1 0 0 0 0 0 0 0 1 1
0 0 0 0 0 0 0 0 0 1 0 3 0 1 2 0 0 0 0 0 0 0 0 1 1
5 15 5 5 0 5 0 0 0 1 0 2 0 0 2 1 0 0 0 0 0 0 0 1 1
1 2 1 0 0 20 0 0 0 5 0 14 0 1 3 1 0 0 1 0 0 0 0 1 1
2 5 2 1 0 1 2 0 2 7 2 0 0 0 1 1 0 0 0 0 0 0 0 1 1
2 5 2 1 0 1 2 0 2 7 2 0 0 1 2 0 0 0 0 0 0 0 0 0 1
5 15 5 5 0 5 0 0 0 1 0 2 0 0 2 0 0 0 0 0 0 0 0 1 1
4 30 3 1 23 0 1 0 1 5 1 16 0 0 3 0 0 0 0 0 0 0 0 0 1
5 15 5 5 0 5 0 0 0 1 0 2 0 3 5 0 0 1 0 0 0 0 0 1 1
0 0 0 0 0 0 0 0 0 2 0 6 0 0 3 0 0 0 0 0 0 0 0 1 1
0 0 0 0 0 0 0 0 0 3 0 11 0 1 4 1 0 0 1 0 0 0 0 1 1
0 0 0 0 0 0 0 0 0 1 0 4 0 1 4 0 0 0 0 0 0 0 0 1 1
0 0 0 0 0 0 0 0 0 0 0 0 1 0 2 0 0 0 0 0 0 0 0 1 1
1 3 1 1 0 0 2 0 2 1 2 1 1 0 2 0 0 0 0 0 0 0 0 1 1
4 30 3 1 23 0 1 0 1 5 1 16 0 1 1 0 1 0 0 0 0 0 0 0 1
0 0 0 0 0 0 1 0 1 5 1 4 0 1 2 0 0 0 0 0 0 0 0 0 1
1 3 0 1 0 0 0 0 0 4 0 7 0 0 2 0 0 0 0 0 0 0 0 0 1
2 28 2 1 23 0 4 0 4 5 4 15 0 0 2 0 0 0 0 0 0 0 0 0 1
1 2 1 0 0 0 2 0 2 3 2 7 0 0 2 0 0 0 0 0 0 0 0 1 1
1 2 1 0 0 20 0 0 0 5 0 14 0 0 12 1 0 0 0 0 0 0 0 0 1
1 16 0 1 12 0 0 0 0 1 0 10 0 0 2 0 0 0 0 0 0 0 0 1 1
2 28 2 1 23 0 4 0 4 5 4 16 0 0 2 0 0 0 0 0 0 0 0 1 1
1 2 1 0 0 20 0 0 0 5 0 14 0 0 3 0 0 0 0 0 0 0 0 1 1
0 0 0 0 0 0 0 0 0 4 0 5 1 0 3 0 0 0 0 0 0 0 0 0 1
1 2 1 0 0 0 3 0 0 6 3 6 0 0 4 0 0 0 0 0 0 0 0 1 1
3 32 3 2 24 0 1 0 1 6 1 12 0 0 3 0 0 0 0 0 0 0 0 0 1
5 15 5 5 0 10 0 0 0 0 0 1 1 0 2 0 0 0 0 0 0 0 0 1 1
2 5 2 1 0 1 2 0 2 7 2 0 0 0 4 0 0 0 0 0 0 0 0 0 1
3 15 4 3 5 0 22 0 0 26 22 39 0 0 2 0 0 0 0 0 0 0 0 1 1
2 9 1 1 5 9 0 0 0 0 0 1 0 0 1 1 0 0 0 0 0 0 0 1 1
1 19 1 1 1 0 1 0 1 6 1 19 0 1 2 0 0 0 0 0 0 0 0 0 1
5 15 5 5 0 5 0 0 0 1 0 2 0 0 3 0 0 1 0 0 0 0 0 1 1
2 5 2 1 0 1 2 0 2 7 2 0 0 0 13 5 0 0 0 0 0 0 0 0 1
1 2 1 0 0 20 0 0 0 5 0 14 0 0 4 0 0 0 0 0 0 0 0 0 1
0 0 0 0 0 4 0 0 0 1 0 0 0 0 3 0 0 0 0 0 0 0 0 0 1
0 0 0 0 0 0 0 0 0 0 0 2 1 0 4 0 0 0 0 0 0 0 0 1 1
0 0 0 0 0 0 21 0 0 1 21 4 0 0 3 0 0 0 0 0 0 0 0 1 1
2 4 1 1 1 0 0 0 0 0 0 2 0 0 7 0 0 0 0 0 0 0 0 1 1
2 11 9 0 1 1 0 0 0 3 0 1 0 1 1 0 0 0 0 0 0 0 0 1 1
0 0 0 0 0 0 0 0 0 4 0 5 0 0 3 0 0 0 0 0 0 0 0 1 1
5 15 5 5 0 5 0 0 0 1 0 2 0 1 4 0 0 0 0 0 0 0 0 1 1
1 2 1 0 0 20 0 0 0 5 0 14 1 0 2 0 0 0 0 0 0 0 0 1 1
2 11 2 1 6 2 0 0 0 7 0 17 1 0 2 0 0 0 0 0 0 0 0 1 1
1 2 1 0 0 0 2 0 2 3 2 7 0 1 3 0 0 0 0 0 0 0 0 0 1
5 15 5 5 0 5 0 0 0 2 0 4 0 0 4 0 0 0 0 0 0 0 0 0 1
1 2 1 0 0 20 0 0 0 5 0 14 0 0 1 1 0 0 0 0 0 0 0 1 1
0 0 0 0 0 0 0 0 0 3 0 11 0 10 3 0 0 0 0 0 0 0 0 1 1
2 12 2 1 7 0 2 0 2 7 2 19 0 0 2 0 0 0 0 0 0 0 0 1 1
0 0 0 0 0 3 1 0 0 5 1 11 0 1 2 0 0 0 0 0 0 0 0 1 1
2 5 3 0 0 1 2 0 2 4 2 14 0 3 3 0 0 0 0 0 0 0 0 1 1
1 18 10 2 6 0 0 0 0 1 0 5 0 0 3 0 0 0 0 0 0 0 0 0 1
1 12 6 1 4 0 0 0 0 4 0 4 0 0 1 0 0 0 0 0 0 0 0 1 1
1 3 1 1 0 0 0 0 0 1 0 0 0 0 3 0 0 0 0 0 0 0 0 0 1
2 4 0 1 1 1 0 0 0 3 0 1 0 1 2 0 0 0 0 0 0 0 0 0 1
1 0 0 0 0 0 4 0 2 2 4 6 0 0 3 0 0 0 0 0 0 0 0 0 1
2 4 0 1 1 1 0 0 0 4 0 11 0 0 3 0 0 0 0 0 0 0 0 1 1
2 12 8 0 1 1 0 0 0 15 0 29 0 1 1 0 0 1 0 0 0 0 0 0 1
5 15 5 5 0 5 0 0 0 1 0 2 0 0 3 0 0 0 0 0 0 0 0 1 1
1 20 15 1 2 1 0 0 0 1 0 3 1 0 2 0 0 0 0 0 0 0 0 1 1
1 8 6 1 0 0 0 0 0 3 0 5 0 1 1 0 0 0 0 0 0 0 0 1 1
0 0 0 0 0 0 0 0 0 0 0 1 1 0 3 0 0 0 0 0 0 0 0 1 1
3 32 3 2 24 0 1 0 1 6 1 12 0 5 18 0 0 1 1 0 0 0 0 1 1
2 33 2 1 27 0 0 0 0 8 0 7 0 0 5 1 1 0 0 0 0 0 0 1 1
2 28 2 1 23 0 4 0 4 5 4 15 0 8 10 1 0 1 0 0 0 0 0 1 1
5 15 5 5 0 5 0 0 0 2 0 4 0 0 2 0 0 0 0 0 0 0 0 1 1
1 4 1 1 1 0 0 0 0 1 0 1 0 0 2 0 0 0 0 0 0 0 0 1 1
2 29 2 1 24 2 0 0 0 7 0 19 1 0 3 0 0 0 0 0 0 0 0 1 1
0 0 0 0 0 0 0 0 0 0 0 2 0 2 2 0 0 0 0 0 0 0 0 1 1
1 3 1 1 0 1 0 0 0 4 0 11 0 0 2 0 0 0 0 0 0 0 0 1 1
0 0 0 0 0 0 0 0 0 3 0 1 0 0 4 0 0 0 0 0 0 0 0 1 1
1 16 12 2 0 0 0 0 0 5 0 14 0 6 2 0 0 0 0 0 0 0 0 0 1
2 11 3 0 6 0 1 0 0 14 1 14 1 0 4 0 0 0 0 0 0 0 0 1 1
1 2 1 0 0 20 0 0 0 5 0 14 0 1 2 2 0 0 0 0 0 0 0 1 1
2 5 2 1 0 1 2 0 2 7 2 0 0 0 3 0 0 0 0 0 0 0 0 1 1
2 10 4 0 5 0 7 0 0 4 7 33 0 0 3 0 0 0 0 0 0 0 0 1 0
6 101 5 0 5 0 5 0 0 3 5 8 0 5 2 0 0 0 0 0 0 0 1 1 0
2 2 1 0 0 1 0 0 0 0 0 6 0 0 6 0 0 1 0 0 0 0 0 1 0
1 2 0 0 1 7 0 0 0 10 0 15 0 0 2 0 0 0 0 0 0 0 0 1 0
0 0 0 0 0 0 0 0 0 2 0 5 0 0 4 0 0 0 0 0 0 0 0 0 0
1 4 1 1 1 3 17 0 17 4 17 14 0 1 3 0 0 0 0 0 0 0 0 1 0
2 13 1 0 5 12 0 0 0 2 0 7 0 1 2 0 0 0 0 0 0 0 0 1 0
2 5 2 1 0 2 0 0 0 4 0 11 0 0 2 0 0 0 0 0 0 0 0 1 0
1 2 1 0 0 1 3 0 0 18 3 13 0 2 3 0 0 0 0 0 0 0 0 1 0
3 17 2 0 11 0 9 0 0 3 9 34 0 1 7 0 0 1 0 0 0 0 0 1 0
1 4 1 1 0 0 0 0 0 1 0 7 0 1 9 2 0 0 0 0 0 0 0 0 0
1 4 1 1 0 1 1 0 0 5 1 11 0 2 2 0 0 0 0 0 0 0 0 1 0
2 8 2 1 3 0 5 0 0 3 5 11 0 0 3 0 0 0 0 0 0 0 0 1 0
0 0 0 0 0 0 0 0 0 1 0 0 0 0 3 0 0 0 0 0 0 0 0 1 0
2 7 3 0 2 0 0 0 0 14 0 2 0 2 2 0 0 0 0 0 0 0 0 0 0
1 4 1 0 0 1 0 0 0 6 0 21 0 0 3 0 0 0 0 0 0 0 0 0 0
4 9 4 1 0 1 0 0 0 2 0 5 0 0 3 0 0 0 0 0 0 0 0 0 0
1 4 1 0 2 3 0 0 0 6 0 3 0 2 4 0 0 0 0 0 0 0 0 0 0
2 4 1 0 0 0 0 0 0 2 0 5 0 1 2 0 0 0 0 0 0 0 0 1 0
0 1 0 0 1 0 4 0 0 8 4 20 0 0 1 0 0 0 0 0 0 0 0 1 0
2 12 1 2 0 6 0 0 0 1 0 3 0 5 3 0 0 0 0 0 0 0 0 1 0
1 4 1 1 0 0 0 0 0 2 0 3 0 0 5 0 0 0 0 0 0 0 0 1 0
1 3 1 0 1 0 0 0 0 4 0 5 0 0 3 0 0 0 0 0 0 0 0 1 0
1 2 1 0 0 0 0 0 0 1 0 7 0 0 2 0 0 0 0 0 0 0 0 0 0
1 3 1 0 1 0 0 0 0 4 0 5 0 0 3 0 1 0 0 0 0 0 0 1 0
1 4 1 1 1 1 0 0 0 3 0 2 0 0 3 0 0 0 0 0 0 0 0 0 0
1 4 2 0 1 0 4 0 0 4 4 22 0 0 4 0 0 0 0 0 0 0 0 1 0
1 5 1 1 2 4 3 0 0 1 3 8 0 1 3 0 0 0 0 0 0 0 0 0 0
1 4 2 1 0 1 0 0 0 5 0 8 0 3 3 0 0 0 0 0 0 0 0 1 0
1 1 1 0 0 1 0 0 0 3 0 9 0 6 2 0 0 0 0 0 0 0 0 1 0
3 11 3 1 3 5 0 0 0 1 0 12 0 0 6 0 0 0 0 0 0 0 0 0 0
2 8 4 2 0 2 0 0 0 5 0 6 0 0 3 1 0 0 0 0 0 0 0 1 0
7 44 8 1 18 0 14 0 0 2 14 33 0 1 4 0 0 0 0 0 0 0 0 0 0
1 8 1 1 4 1 0 0 0 0 0 13 0 5 2 0 0 0 0 0 0 0 0 1 0
1 3 1 1 0 0 0 0 0 1 0 0 0 2 2 0 0 0 0 0 0 0 0 1 0
1 7 2 0 2 5 0 0 0 2 0 4 0 0 2 0 0 0 0 0 0 0 0 1 0
1 12 1 1 9 0 1 0 1 5 1 17 0 0 3 0 0 0 0 0 0 0 0 1 0
0 0 0 0 0 0 0 0 0 3 0 4 0 5 4 6 0 0 0 0 0 0 0 1 0
1 1 1 0 0 1 0 0 0 3 0 8 0 3 7 0 0 0 0 0 0 0 0 1 0
16 43 15 0 19 2 5 0 0 4 5 12 0 1 3 0 0 0 0 0 0 0 0 1 0
4 13 2 0 4 0 13 0 0 9 13 10 0 0 2 0 0 0 0 0 0 0 0 1 0
1 4 1 0 2 0 1 0 0 3 1 13 0 14 2 0 0 0 0 0 0 0 0 1 0
2 10 4 0 5 0 6 0 0 4 6 33 0 4 2 0 0 0 0 0 0 0 0 1 0
0 0 0 0 0 3 0 0 0 15 0 10 0 0 3 0 0 0 0 0 0 0 0 0 0
1 22 3 0 10 7 1 0 0 7 1 25 0 0 3 0 0 0 0 0 0 0 0 1 0
5 64 10 0 28 3 3 0 0 9 3 44 0 0 3 0 0 0 0 0 0 0 0 0 0
0 0 0 0 0 0 2 0 0 11 2 6 0 0 3 0 0 0 0 0 0 0 0 1 0
1 2 1 0 0 0 1 0 0 4 1 12 0 13 2 0 0 0 0 0 0 0 0 1 0
1 5 0 1 1 0 0 0 0 2 0 3 0 0 1 0 0 0 0 0 0 0 0 1 0
1 14 2 1 9 2 0 0 0 6 0 11 0 3 2 0 0 0 0 0 0 0 0 1 0
2 11 1 0 5 0 3 0 0 11 3 27 0 4 3 0 0 0 0 0 0 0 0 1 0
1 4 1 0 2 25 0 0 0 0 0 7 0 1 2 0 0 0 0 0 0 0 0 1 0
1 4 1 0 2 0 0 0 0 2 0 5 0 3 3 0 0 0 0 0 0 0 0 1 0
2 26 2 0 22 0 2 0 0 7 2 14 0 1 5 0 0 0 0 0 0 0 0 0 0
2 3 1 0 0 0 0 0 0 3 0 26 0 0 3 0 0 0 0 0 0 0 0 1 0
1 2 1 0 0 0 1 0 0 4 1 14 0 0 6 0 0 0 0 0 0 0 0 0 0
1 2 1 0 0 0 1 0 0 6 1 3 0 1 2 0 0 0 0 0 0 0 0 0 0
0 0 0 0 0 0 35 0 0 13 35 22 0 2 1 0 0 1 0 0 0 0 0 0 0
1 2 1 0 0 0 5 0 0 2 5 14 0 1 2 0 0 0 0 0 0 0 0 1 0
4 13 1 1 5 6 0 0 0 10 0 13 0 3 2 1 0 0 0 0 0 0 0 1 0
1 4 1 0 2 1 0 0 0 1 0 6 0 1 2 0 0 0 0 0 0 0 0 1 0
3 10 3 2 3 2 0 0 0 45 0 45 0 0 4 0 0 0 0 0 0 0 0 0 0
1 2 0 0 0 1 1 0 1 2 1 10 0 6 5 2 0 0 0 0 0 0 0 0 0
1 5 1 1 1 3 0 0 0 6 0 3 0 0 3 0 0 0 0 0 0 0 0 0 0
2 19 1 0 1 16 5 0 0 4 5 19 0 1 2 0 0 0 0 0 0 0 0 1 0
1 3 1 1 0 0 0 0 0 1 0 3 0 0 3 0 0 0 0 0 0 0 0 0 0
2 8 1 0 6 1 1 0 1 3 1 6 0 0 3 0 0 0 0 0 0 0 0 0 0
1 8 1 1 1 0 0 0 0 4 0 16 0 0 3 0 0 0 0 0 0 0 0 1 0
2 3 3 0 0 0 1 0 1 5 1 20 0 1 2 0 0 0 0 0 0 0 0 0 0
3 10 2 1 2 9 4 0 0 5 4 15 0 0 2 0 0 0 0 0 0 0 0 1 0
1 2 1 0 0 0 2 0 0 4 2 15 0 3 3 0 0 0 0 0 0 0 0 1 0
4 8 1 0 7 21 0 0 0 6 0 15 0 1 2 0 0 0 0 0 0 0 0 1 0
4 16 1 0 10 2 0 0 0 9 0 12 0 0 2 0 0 0 0 0 0 0 0 1 0
0 0 0 0 0 0 1 0 0 1 1 0 0 0 3 0 0 0 0 0 0 0 0 1 0
2 8 2 1 3 2 0 0 0 4 0 11 0 0 3 0 0 0 0 0 0 0 0 0 0
0 0 0 0 0 63 0 0 0 4 0 4 0 9 3 0 0 0 0 0 0 0 0 1 0
1 4 1 0 2 0 0 0 0 2 0 11 0 4 1 0 0 0 0 0 0 0 0 1 0
1 10 1 1 5 0 0 0 0 0 0 0 0 0 3 0 0 0 0 0 0 0 0 1 0
0 2 0 0 0 3 0 0 0 2 0 2 0 1 2 0 0 0 0 0 0 0 0 1 0
1 1 1 0 0 0 10 0 0 10 10 6 0 4 1 0 0 0 0 0 0 0 0 1 0
2 4 2 0 1 40 0 0 0 5 0 16 0 0 3 0 0 0 0 0 0 0 0 0 0
2 10 3 0 2 0 3 0 0 17 3 21 0 4 2 0 0 0 0 0 0 0 0 1 0
1 1 1 0 0 0 17 0 0 1 17 10 0 1 2 0 0 0 0 0 0 0 0 0 0
1 12 4 2 0 0 0 0 0 2 0 3 0 0 2 0 0 0 0 0 0 0 0 1 0
5 13 1 1 6 0 1 0 0 3 1 11 0 0 2 0 0 1 0 0 0 0 0 0 0
16 43 15 0 19 2 5 0 0 4 5 12 0 0 3 0 0 0 0 0 0 0 0 1 0
4 22 5 0 9 2 4 0 0 21 4 57 0 0 5 0 0 0 0 0 0 0 0 1 0
1 2 1 0 0 17 9 0 0 1 9 8 0 1 2 0 0 0 0 0 0 0 0 1 0
1 2 1 0 0 0 5 0 0 2 5 14 0 4 2 1 0 0 0 0 0 0 0 1 0
1 79 20 0 5 0 0 0 0 2 0 5 0 0 2 0 0 0 0 0 0 0 0 1 0
1 3 1 0 1 0 0 0 0 0 0 0 0 3 3 0 0 0 0 0 0 0 0 1 0
4 8 1 0 7 24 0 0 0 6 0 15 0 0 3 0 0 0 0 0 0 0 0 1 0
2 21 8 0 12 3 0 0 0 5 0 11 0 4 2 0 0 0 0 0 0 0 0 1 0
3 12 1 1 8 0 5 0 0 1 5 6 0 1 6 0 0 0 0 0 0 0 0 0 0
2 10 4 0 5 0 6 0 0 4 6 33 0 0 2 0 0 0 0 0 1 0 0 1 0
1 6 1 0 3 0 0 0 0 1 0 4 0 0 2 0 0 0 0 0 0 0 0 1 0
1 7 0 1 2 2 0 0 0 2 0 10 0 5 3 0 0 0 0 0 0 0 0 1 0
2 9 2 1 4 3 2 0 0 2 2 4 0 1 5 0 0 0 0 0 0 0 0 1 0
1 2 0 0 0 1 5 0 3 2 5 3 0 1 4 1 0 0 0 0 0 0 0 1 0
