1
-0.7502723437040031 -0.08395353527239094
0.2691137771696579 0.00131112298667617
-0.5874188247530396 -0.04281341960330597
-0.38061382173151515 -0.006776434776596205
0.6751467201259407 0.08879184518595062
0.029412111241105432 2.199151505921523E-8
-0.7670819264405997 -0.08637264393288491
-0.5093627946015 -0.024549854999959143
-0.42728521040633294 -0.011478803466675486
0.48974376788727114 0.02203717185670932
0.321295088221653 0.0030809934471808893
-0.15562364221724723 -8.90616463075736E-5
0.7211633474135397 0.11629918521383821
0.9954378797583203 0.3936421696573437
0.47215457670188554 0.01867210969872424
-0.25458458200626444 -9.99066973399536E-4
0.7803698381800812 0.15925055358847542
0.24893380855100622 8.97537081946545E-4
-0.757252885318394 -0.08504122807512046
-0.5566239388694476 -0.03500728546224921
