1
-0.30972142629909283 -0.5453779015916547
0.3364342951474182 0.1372249125639059
-0.7879232628893003 -3.8749238943582376
0.5856278337105658 -0.0052393099148383415
-0.5538120044030892 -1.5569347219369476
-0.40519494702887715 -0.8486101514722995
0.462557523445039 0.09394486146731296
0.752724264792715 -0.26022749908983034
-0.4434978275507315 -0.9985484161346924
-0.1079193684942743 -0.1326230529563374
0.47947679152606915 0.08392469605730757
-0.6715610496955595 -2.4614714130300435
-0.5054539848707897 -1.2856013585335733
0.7424022775093413 -0.23955019227532892
0.9537062213875735 -0.8235565080353715
0.14599831170224076 0.10607335383192223
0.04180725401577079 0.03838169599766677
-0.16899071796152088 -0.2319363460495611
0.19436665850564006 0.12490556234301023
-0.6964513287703991 -2.7111778920612855
