3
1.0950214005245642 1.8555230630897546 0.6303317153743547 0.03437077149914844
0.9816398035555323 1.5564404001987935 0.1138903701057263 -0.02234052975088021
0.3241322082965967 1.3481690278224412 0.3356621182450759 -0.7659376287407256
1.4061479889395605 1.2627421750242729 0.30630126246749767 0.6168211026671381
1.714306954866515 1.9044424650651888 1.069917850283941 -0.04985740225615328
1.0083353497016803 1.0004201925588994 0.3881470712645748 0.017001495454329447
0.7066627961099655 1.8036556624557818 0.6354594443969593 -0.10610975190380427
1.897361998021061 1.2429117165889094 1.4712987262393646 -1.0136270552110174
1.3233596451743659 1.3057949732673118 0.8795514162473544 0.07897819263436305
0.15024185303959706 1.188838485490613 0.7525803537231331 -0.45308480229613185
1.3764843937163276 1.5623289811749044 1.5847968352213764 -0.31379347956587456
1.9686554168932968 1.977597195831018 1.1369949170438174 -0.1267450727737993
1.8389800015402062 1.3790616143012868 0.6701472225235255 0.5349106274298567
0.4514159446959197 1.887578075260055 1.5777786556736926 0.27949697083228986
1.7548205549175502 1.5328467358835067 1.7931518532492758 -0.927093929738786
0.5194785855229567 1.901889126344277 1.3466574392234416 0.14572427778620256
1.7211672125349287 1.1027880565382668 0.22037412742021895 1.6752909889975882
1.9196121617100854 1.9209492359803568 1.8462934997393141 -0.7830382614109165
0.485699177899496 1.0340450783744286 1.8243008013694733 1.2501679841169702
0.6948946389285239 1.3459709424808204 1.9536838415004338 0.5178248099316791
1.0708755242561099 1.959707135044754 1.5399198766755302 -0.03347770129512829
0.4332954691153967 1.947727222226595 1.873227108708171 0.4090595346472357
1.689134729870082 1.4829504268263838 0.4476352482920468 0.6248155657868568
1.2081256640100324 1.737295201545106 0.5312000397462023 0.11030767861135138
0.8102016282082563 1.6567296890652126 0.36199641162119134 -0.1440215782109908
1.9452136052377438 1.8859403031106594 1.9924523544603787 -0.9823154487542092
1.5620302383011702 1.95262771004017 1.588354015603636 -0.3083491798948483
1.2152859293629703 1.5482697379253052 0.8402238357114533 0.04900360278332695
1.584412285974319 1.7563156180717598 1.839797814972737 -0.5671863296785886
0.6003968329377917 1.8833486919542435 0.32855719497614894 -0.24142831997201167
1.4528215643294793 1.613831039763168 0.985251320118977 0.009000416469489693
0.864107416291469 1.3669032139776247 0.13950912080298647 -0.2055118023287698
0.9510452152880126 1.1952158580221008 1.13311496456782 0.015123495069972825
1.1678129192935573 1.957960777634335 0.2984589990730828 0.10430940554430942
0.9311670493831584 1.2870773471218881 0.5669919779237227 -0.059518624791824404
1.8156252820746628 1.5619260186304156 1.9505155998641446 -1.1648359314631773
1.2204290386044108 1.6722812799208793 1.0634357625527622 -0.01708568032245041
1.3573550434277308 1.1829500377012376 1.540720971582409 -0.4793082530514054
0.8900305413875551 1.8247467174339147 1.6545291487815306 0.07118692455269064
1.5217366006703132 1.9725533572985343 1.2434235729896268 -0.11549701696354264
0.8366264054766073 1.3206167914443736 1.049344239924118 0.015133192609169543
1.611885761830711 1.0775455619387473 0.8543105025319129 0.27458968950823104
0.3280471784006049 1.18279042076832 0.9381342518790817 -0.09216807968816994
0.8265290843306754 1.119922259370263 0.4979567734625635 -0.2270803714363674
0.35662774769904604 1.5870849758835108 1.1959406113212798 0.15569646324663536
1.9669166228645039 1.4235928865088927 0.12206266392958218 1.5642995012363041
0.7184524929738058 1.2288753685681795 1.3944723757117181 0.23771329170661382
1.620058317237673 1.7680061919424372 0.6394281009366164 0.2560572692738932
1.5928790286615033 1.057110638609247 1.7114756508850175 -1.34697396473837
0.7540227346113236 1.9397483493987329 0.9669340510849472 -0.0070138037669937574
1.3862908329269952 1.183536959814779 0.8414307196646096 0.15230033486806166
1.8712002772447447 1.3511592067734228 1.73686798699945 -1.2977453325151227
0.4323633255092475 1.5705864617794738 0.9460230364638268 -0.038946799742317004
0.10388261175394309 1.9387107978458498 0.05085106262473974 -0.686008707814308
1.3732649376163766 1.519624916675091 0.6438841253592559 0.2001753114202768
1.9695086802772808 1.1137798397596066 0.7363164109421093 0.769866169518463
1.8574249159823195 1.3555591565509069 1.8105150009036985 -1.3934124596297703
0.7090397572670802 1.3760764224984228 1.1883576676588596 0.0934528391438741
0.7657553433609114 1.952549447512701 1.2848173801895069 0.056852815409370996
1.6425436377065505 1.0460572542548778 0.11627997090583395 1.8627456237644828
1.978971605614247 1.2960673537445409 1.2976253787667327 -0.6487481236756872
0.5165516646664818 1.711519332695329 1.01620257463688 0.008459125218133088
1.3809701717696903 1.238972127801299 1.101312226437328 -0.08751704216260071
0.14142737305786174 1.2239012877106041 1.6287353499219868 1.0966280443208594
1.1824758462618434 1.98516723330214 0.910725188766663 0.014064190078466134
0.9924390727198478 1.6290704699005096 0.7151062905210491 -0.002703287429076326
1.723127637085121 1.2450220012549646 0.840111900651621 0.2703535300025209
0.7730724100181204 1.5091965782448455 0.7578816968010075 -0.07843094378997315
1.3969862644095694 1.418407091100322 0.5638027234941138 0.3001423517253999
1.3773410615007664 1.092105155172495 1.886496111068476 -0.9758027409690925
1.7114598956936042 1.6738562115951154 1.366022482171081 -0.3364070597348823
1.904001417273778 1.6403514600294793 0.9505815980871016 0.061522619811871675
0.5732912749132503 1.2881328418532187 1.4985533222752148 0.40802145333589185
1.2083214598249872 1.646763921679442 1.0692914790683146 -0.018163544793634696
0.10359073841248587 1.3590723768802215 1.9255088389563944 1.361586830995335
1.8361950673132432 1.9140506612029449 1.7185334325278627 -0.602665540806913
0.31952141709616266 1.420447625140827 1.9209211702843236 0.962522507755221
1.7993480500205996 1.211836939305049 0.07366466750191475 1.8445424340828158
0.76564860363588 1.0490460739573861 0.8447196848200857 -0.10742606845187981
0.4000472949152949 1.4586158404136458 0.8271357460160527 -0.15233248334519386
1.2030839945471274 1.8275938623798194 1.010588743584356 -0.002195591579047211
1.6828444749382059 1.2009358853042116 0.5416308143932531 0.7827877153982836
1.4279036329069204 1.8378844359650195 1.6161365837678865 -0.27316231207310143
1.4147870597065066 1.9085125632074897 1.8724651706180087 -0.3471789894175123
0.20258711549182873 1.5685651726134135 0.9651492710256293 -0.034585959097329005
0.12129904115268635 1.3127765926587385 1.5511214123103014 0.8533518843010085
1.7711121957645488 1.9510311222361518 1.2574401110763134 -0.19012774853086245
1.1712952756735877 1.021235608214122 0.6464332874937361 0.19732818430182653
1.5449993398565796 1.2582407631786248 0.9790147132287779 0.025632501512936993
0.8806642309181585 1.469505258581365 1.5585498356294636 0.1015426104154896
0.9731158501299512 1.305555916419854 0.7951302877312779 -0.01073906563645374
1.511954889929462 1.3934514608833224 0.9573230246137125 0.039769965408165873
0.7061982452644852 1.0133260331679765 1.2083075091165232 0.19239277602744598
0.8199331246926692 1.7379921488570838 0.7739672733963134 -0.04403367589145196
0.3830452419441341 1.960976552097939 0.9404677434866396 -0.0297950790922599
0.5146122613170439 1.4812881163482081 0.36409437332721234 -0.44490630261203357
1.0245866413273115 1.4117334053513426 1.8822849845885186 -0.03638057064254678
1.0323711944231757 1.575605516090968 0.6126844080022967 0.016895550663012373
1.9891528495753565 1.202821344494165 1.4511552961646659 -1.1551277665483608
1.9239146814703687 1.0740165278086549 0.053552680508448365 2.8159616822703524
0.7598967660750362 1.536607276074522 1.8587882738800303 0.2835324536005293
0.17068373895596362 1.5675962656308673 0.7768599390651723 -0.22984085777555152
1.1797874324893198 1.99343533919931 0.7977180815224634 0.031128220278472733
0.770168885243265 1.3941746900513867 1.219424675609078 0.08433102912702772
1.1712661975731007 1.9876604637485977 1.382806212227724 -0.05638830838779861
1.8239723959921166 1.421463069770033 0.8007259714108095 0.29817491693747267
1.6013985641125354 1.4736629027477035 1.1788344110270188 -0.17690147601609288
1.5913046349152418 1.845053904010451 0.669869357404644 0.20458398732841687
1.7887032166465084 1.7390753522631064 0.4720813404765966 0.5029830271297149
0.8141052234272939 1.1993202063937107 1.8477241585186668 0.35780897792801963
0.3723814492713464 1.4465524961867702 1.2884221025793645 0.2695617652594648
0.8613974859062866 1.615051394723897 0.31273432429352543 -0.11988491363501008
0.4202482731294823 1.040645475890246 1.9848758827561397 1.6511440106218362
0.26075239667532435 1.1292439920019817 1.82144108218611 1.4668530717492585
1.441557015821866 1.9737234980705423 1.5941245368057195 -0.23605768733508523
1.874915040193443 1.8463590393817393 0.6630315353832644 0.31931268476799035
1.0681488997263704 1.8180608330059174 1.1144400075330987 -0.007925007554073446
0.9754445800224677 1.7298002292562171 0.08157561204831362 -0.025054994495098824
1.4779928715712367 1.7498828856711701 0.08485294192250703 0.5028908133217319
0.21336317716909942 1.616912812298986 1.613993184520515 0.5663076133825292
0.5681209488252378 1.1302294521976841 1.0638136180835305 0.06862230451120531
0.430879146485639 1.8172338155150132 1.3330441000550257 0.17994253705969152
1.3723448148472024 1.8220112562072908 0.49264234765181864 0.1978727042738119
0.9796587358399109 1.5750943735855136 0.6283902199279038 -0.010133283685220408
1.5290646989728902 1.2528349881911702 0.7631889962693702 0.28269153654339485
1.5084661457941846 1.4267965305503545 1.4161041365177758 -0.36717668426370664
1.6478111286877484 1.9345062204003525 1.54425066020105 -0.3383982091217004
1.2398533236812268 1.5846360283277865 0.8290635026524723 0.055915391072310174
0.9666593370825166 1.4457099250758572 0.6727413003140977 -0.017337080761134323
0.8643985615286177 1.0812642051855987 0.23584786542414105 -0.29104797737204247
1.431554556412367 1.7511226885322708 1.6177994000618416 -0.30441724926993236
1.438663727201341 1.2150789429692055 1.0245145179193607 -0.025522651549223698
0.46521745789090885 1.6730365340326365 0.11281690265793042 -0.5333227293257629
1.8027308371365445 1.8802437050117053 0.9316641400274644 0.05678614451764596
1.0137464181545222 1.4561754589228793 0.6590527056026393 0.007378905847816975
1.9292682348494006 1.1166889321206763 1.5167905719760115 -1.4315271583663323
1.8902275803032744 1.358188447750293 1.374404642109511 -0.6683974636119704
0.8100463671707153 1.0070572151968673 0.5550716306362814 -0.27204286849826054
0.320654732351179 1.3452907570451709 0.1914867666893767 -0.9406339367112714
0.5485197399455958 1.22085419027194 1.7896413659194115 0.7592109870213269
0.35205204828145775 1.6328915691679837 1.36715455732561 0.2774346199507438
0.8083188014146193 1.7748043294754199 0.6003453113780745 -0.07937610267898328
1.6593801267235033 1.2205421958839135 0.8992475009450387 0.16040171618529717
0.4150381363826993 1.1709454605711043 1.8088799585139528 1.0801129157425167
1.155266477740971 1.4629688218428816 0.6863131727991756 0.0771863213101675
0.5239004742042943 1.4712826858724997 0.9052255634892512 -0.06599155359750573
1.2155668152844505 1.8326630002887603 0.06313337893100085 0.2053534287701395
0.09357949778154716 1.0703296656827925 0.09407844224076337 -2.1706494140211525
1.342996280390214 1.1803392966669404 1.466059400820939 -0.39762217912399056
0.7866419050895894 1.974834367593063 0.8596717894188324 -0.02499747038720873
1.7648553570896859 1.9811647237144618 0.7388762856907991 0.18536787778345623
0.963487009723213 1.7740474229479837 0.34478634894790977 -0.025235985322320683
0.7249726578490486 1.4473524732345209 0.4614697042333882 -0.228688040355916
0.6613628634093021 1.7946824513454236 1.1843791433592623 0.0622743061811812
0.3136543186080978 1.8481916387109698 1.4342061787639993 0.27021297133386607
0.7130804668843015 1.9257335829478675 0.09133349324545179 -0.2271024396380474
0.9720807560538289 1.2833630110767655 0.8370735197068211 -0.009177615993606074
0.5835314224637341 1.4280106263012895 0.867652859904582 -0.08611268195408699
0.5262886167504853 1.5325411697456843 0.19464017861034466 -0.5143758673821457
0.7122616153981791 1.9383131407629335 0.347259267646445 -0.1614737444419757
0.9904691489083978 1.7098674464577877 1.8987035520463778 0.009755338249129497
0.9219759665950715 1.9598697949839932 1.5062112129446692 0.033980960086094
0.8650365127082729 1.3406274340813291 0.9445034132662635 -0.013686134338741895
1.7410021965588451 1.0423500522514932 0.05271362310072919 2.3467536723204736
1.3033889693985776 1.8024950230196486 0.18785450662966285 0.261611412486798
1.652420721776956 1.4630458911535547 1.7688728162642784 -0.8422229234130002
1.2990050996409934 1.6131635528881547 0.46367906545960647 0.21247061894850286
0.6588385729822837 1.629625916262214 0.660280139112448 -0.1401604205350917
1.0128907204310984 1.7254397501970935 0.44912948288911936 0.007962113299476813
1.7035565256301621 1.0729448382490558 0.5182999699755755 1.0645110538620715
1.017592868404975 1.2374510229143338 1.5647147284207388 -0.0216689690824672
1.8887721426803323 1.1812575829509322 0.05430320881205511 2.227859422677173
1.0957228759098523 1.5474823386288186 0.4139864140764069 0.0789213685034425
1.3134944688418277 1.2990221891530165 1.843998596581981 -0.5415201512455124
0.48766427488926606 1.1413558402576909 1.97928953816424 1.2146683328496648
1.1353000744190087 1.0973698629688915 1.4348725908153845 -0.16535267641791399
1.7474281629640458 1.555489615380679 1.6124213445417739 -0.6877292340025623
0.6927053458644344 1.317106235023276 1.4491993122463231 0.25647808831346325
0.6131415912951061 1.3173001155140056 1.8580627780396195 0.6113678996847587
0.06430362837472109 1.2570387497452373 0.7322638527594207 -0.4787045631161465
0.7864069374835847 1.297585847541375 1.0095012916426047 0.0039245495737174965
0.9393058571374765 1.4078957873482842 0.8289062577530646 -0.017346013238565168
1.2002128687749265 1.5135113417305184 0.4233660635936008 0.17181849684528988
1.583294812397138 1.5744343516975432 1.8611800697884988 -0.7222908448193205
1.3852830772518427 1.3461739352388498 1.7692899718563735 -0.569571032648907
0.12552754182123765 1.0069672680689798 1.3791540401436886 0.9934327385020362
1.361218430649951 1.72765447763621 0.2884221587314502 0.2990524044176058
0.166953834966784 1.3723834794123868 0.4037879797481066 -0.8045480948378905
1.0798114772086627 1.399265288660969 0.7045948546024864 0.04049771361206737
0.45778171850061955 1.125745874445466 0.5741145855674741 -0.5728726683127143
0.22182029783160967 1.281935777465562 0.06633443509010144 -1.3564442337641744
1.7599287240688606 1.3497198335468994 0.6761564983096457 0.4918255363932129
1.903443811659781 1.5877255762405609 1.5934906463446374 -0.788106782642775
1.5298193808874245 1.970786859004144 0.9756079848629174 0.01178486981886838
1.9964791648098474 1.9804981286001535 0.4136294426285886 0.5583823475202679
0.4437841756426132 1.2064432887160819 1.892068562807057 1.0701953425012471
1.2070505987363696 1.7870662957062216 1.5163944659121784 -0.11422559334542849
1.7121824371285732 1.2547076853843948 1.478289352450319 -0.7832094667694478
1.8805462466362164 1.319480564218291 0.9010701074621573 0.18487072941816812
0.6966366784061993 1.2463464680637868 0.12993031003530653 -0.547924612294801
1.0057231579637 1.4258077410957943 1.021661844337322 -2.0340622077148236E-4
1.7197517166879857 1.5935942997350185 1.1126230625842652 -0.11564647578633225
0.45606121192588917 1.042320132617839 1.2511428571318393 0.3952412069422746
0.24556394789582126 1.485577800908553 1.7816452464417016 0.8217891659881477
0.7381468230028017 1.800556267823438 1.130246603467486 0.034074871077061614
1.1080945905075616 1.5006455010381892 0.8541971884165253 0.023612396044868464
1.694231107169838 1.6076948286562704 1.677253596242528 -0.6570366142459685
0.3667210489675456 1.8460754570393783 0.39460419235135225 -0.3503343193386869
0.8145265112029744 1.7957946423535005 0.1555774808898481 -0.15861637173804563
0.5076473853571843 1.018261858609852 0.30567670554167947 -1.0419968919119722
0.06553009963334154 1.7755484692616803 1.701400480645255 0.6278311625978701
1.427766754232444 1.2664661442792298 1.4267562374472469 -0.3983153214248313
0.842758371998019 1.6755075174132128 1.993468628192178 0.18229951304314307
0.5316143038649507 1.6404764187913408 0.2869990674356646 -0.3931869109240969
1.793515849613939 1.288722762878478 0.7593006910166228 0.4204124510191615
1.5248842776323812 1.210567533212436 0.7870976118285391 0.26992410533848926
1.6371722741454702 1.322311210143011 1.081540319654045 -0.10659332858216584
1.5621208460636387 1.38994623829268 1.5895554952226671 -0.6098827242158683
0.9397011282911018 1.102189770419361 1.2338804713315796 0.03843873838625055
0.6057755099206231 1.392601115619397 1.2057724459664287 0.13357883858601866
1.0228776181538872 1.4380475479688724 0.8248200077024325 0.006476389007877768
0.5928247934180599 1.476023258488656 0.5654780287729462 -0.25898146695761093
0.07171279489299921 1.481675496420155 0.27231264979408343 -0.9297536999193416
1.703294352441727 1.1853389731823478 1.019137256535195 -0.03463755696626278
1.4517116480979422 1.2966261663964112 1.8285134298565775 -0.7812200310187096
0.479399166329954 1.8653750953408093 1.7410622039029255 0.3493687630137488
1.081986308238774 1.5378852225928294 1.7473926816198369 -0.08715562953729761
0.6267154647106277 1.3130869090393629 1.2710614908267204 0.18782367398941457
1.1772300917229201 1.9872600668886946 1.7053285232230635 -0.10763060940278156
0.26157548159430777 1.5800891580305056 1.3436804052615001 0.31313401479235087
0.6849677381235851 1.4986345193891668 0.6074450841123485 -0.1773376214953409
1.3197488443612226 1.5139460680162649 0.4395243942982272 0.27023018166284607
1.258199509910519 1.6414336828070337 1.321705598275412 -0.10580049853871056
0.07990063162828781 1.352681442894795 0.7885461232948283 -0.32156187504320904
0.13224594991643707 1.7155113165268663 0.6101337778648103 -0.3494845835322694
1.1421780925850376 1.9914605456579935 1.342340526902916 -0.04156635050357701
1.3546336385301214 1.5646723020111364 1.6429285240939278 -0.3231719697828141
1.8842413865690277 1.4404454882017004 1.7168358290329158 -1.1292471947074059
0.8257729052524828 1.6232640381050383 0.9510948252414535 -0.010574112914483954
1.60227864518168 1.9743042900643175 1.5343256767511937 -0.29494098435647986
0.15128693470393487 1.998797095136972 1.8075069882401433 0.5225303589995881
1.8882507325345033 1.4727155529434306 0.7237852749980858 0.4183611915653425
1.2964097175705211 1.422675964243818 1.2663166493443203 -0.1344316667392444
1.484948961302196 1.504169478662578 0.1759762815462121 0.6222661845834724
1.8811433406029558 1.4841851408499769 0.8839684198557869 0.17150350188554125
1.412224697333121 1.395217760844087 0.504787418574867 0.36633825088896455
1.5661373302472812 1.0838987039703687 0.7042766660186147 0.5069028371993379
0.16113984389793085 1.5959880287431227 0.28919384921888497 -0.7137694439617396
1.7094544516967838 1.2053320953049993 1.0952946938925072 -0.168390637284581
1.538115420546131 1.4614841434417165 0.6620081340113213 0.30188923600216583
0.9387493674842162 1.47193882309447 1.6862139241524094 0.06422789598446199
1.3505509718049018 1.72866908970345 0.7142316642260124 0.11627179018523448
1.3604125874316688 1.118947659752433 0.41106582054484647 0.5886747624345323
1.3002454910031225 1.2532642007979105 0.7418360679452358 0.17017707290883718
0.7662583425579597 1.4345608377899635 1.6711636588435759 0.2476681417363893
0.7220254142415834 1.5582431400500565 1.5184140979935252 0.19190201017709949
1.106198350236768 1.4852949997299323 0.7926772979562529 0.033664565049986474
0.5995297978882329 1.4809269883680471 1.6644681589129335 0.3872119604145026
1.6126833323994134 1.5703672888246043 0.7520424371653273 0.22034802325957908
1.198523049360805 1.1801139639478069 1.1709930834400541 -0.08308206482515626
0.8720635279466422 1.8533719400946893 0.9350228198206365 -0.007953874049677517
0.9080641936461801 1.3193013222581094 1.479211400574934 0.08351966229446559
1.3282461449602878 1.017220941425274 0.5274639092105741 0.518583084236999
0.44651845270874374 1.0835155906827976 1.3795069561373403 0.5618393372930964
0.9518480853766018 1.9055013882211354 0.6905057084067234 -0.013608461706815242
0.15701020570585578 1.6157833896389242 1.0543441206008042 0.05348140692559425
1.073088719649679 1.648216695885015 1.934496806267722 -0.08449277881905061
0.29920448577212083 1.7201437684222176 0.16673225143172613 -0.6103237887386341
1.8288202371058535 1.493916285438889 1.811881569820462 -1.1069729178197096
1.1747403746930074 1.7849714776967516 1.2176607627256748 -0.04057930567310619
0.9183122581325686 1.7350243348728158 1.6377689777099842 0.05716942574248095
0.5195981240634342 1.5658171329014556 0.5987876648190468 -0.24876621430551057
1.6239908122216173 1.3002549931764853 0.7957753576200509 0.2699686834125447
1.6509506022658635 1.1903278767403918 1.4357406358690257 -0.7193282405259531
1.5234360392661592 1.9962520535774297 0.6693930088340452 0.1536902488260212
0.36158358861230994 1.849159389370585 0.2643499160687391 -0.42750599254419563
0.21254012254453797 1.5570400864465865 1.320973551963404 0.3195577507582491
0.4321583066706482 1.3970912470837846 0.07380145484827508 -0.8448684680019952
1.6909646568284542 1.3383039766041072 1.6223619228508726 -0.866881947673979
0.2562225440428829 1.5642952545918654 1.677851102938094 0.6343570348727483
1.1303048418199384 1.5407993623055718 0.11865883392982232 0.16361570573724837
1.1567798035262622 1.649936133782747 0.8024968728121475 0.0385869667183465
0.6203249963046203 1.0133946079658878 0.2454914922966862 -0.8921798955572147
1.2846664113618356 1.4365399968553931 0.6477865818355234 0.16724144789154075
1.5160543353508238 1.725116021846914 1.383014913063765 -0.23485395264788156
1.6165189964284419 1.3305461130341605 1.9454486802345667 -1.17820654704078
1.1222834442212013 1.3690852124458552 1.8298784178292005 -0.18295368160949307
1.0942436245729525 1.41815268025022 1.252340176999159 -0.03983298456225063
1.0609638901107843 1.9672089532125718 1.6388646996138891 -0.03377622756098824
0.36323075963911183 1.8919264993541396 0.181166287432789 -0.4534809689084931
0.6927223954576178 1.3190964288812235 1.699721454673219 0.398292012274416
1.6898235675633146 1.8290764623873284 1.933295232714027 -0.6947113008257181
0.17200174080123815 1.2964682513136698 0.7968555740043302 -0.3054687206261307
1.223029185931718 1.6669136639582858 1.271955905015484 -0.07461232609995012
1.5466205707608414 1.7763895123168478 0.756435909402887 0.14973168837399592
0.5949787371541605 1.3700003873315059 1.3401343624666036 0.23412534254593836
0.8400008662949894 1.201916688222374 1.4248739547989144 0.1541185207914832
1.9247446316967878 1.6486373275696804 0.31705127086821994 0.8632262774842
1.8522690775629966 1.5426040266779355 1.2460730079732605 -0.32450124309434086
0.5958279434657046 1.1012633971067234 1.963581021571329 1.0244076212003221
