2
5.480766147941571 1.2575365338466358 -1.3294812809343735
1.8946104039121623 3.5921824899539017 -5.120438127310493
4.704666452431876 1.3641578226795343 -1.230989780838059
1.3929086382713753 0.6090020974807817 4.843655637817213
2.347189078461456 5.018935175064614 1.2917691888915415
5.671306955435524 3.218897808880709 3.4361432414105932
4.806441063614241 1.046288223916624 -2.9914439714521426
3.948688097785243 2.602808400777619 3.7197484098162
5.387370645211824 4.8244358362565505 -0.5237647168573664
2.757090820729595 2.018599024114089 -0.9744713544441517
5.111095156597021 1.6569044708400533 0.4755368634750928
3.989952889036128 1.7876799421995937 0.9685974163504609
4.877642076478461 1.986417607031352 2.3895473730487207
1.8874884662553557 0.6907696621427627 4.394560611313558
5.858918418457154 2.796326410253036 2.3241554674235196
5.838739002044981 2.249225382439889 1.6189744867003948
1.7540103925472332 1.616603795729108 -0.2701502904544834
3.219062872346533 4.180083476794508 0.23567077050452775
2.1524596372651805 1.4970742508802029 0.369256171841751
1.027685546003582 5.604143363042053 3.9971967152618952
4.982147489750609 3.4046509323673524 5.584071668202997
0.4067136437072699 0.8056854171226474 1.6439674382253848
5.190995124391818 2.972305021890345 5.2496937976892415
0.265941721026909 0.29279156416124696 1.5097977728060283
2.3419591436147935 1.541626012134837 0.12549052097304342
0.4978401109928181 1.0516648852836825 1.4214877094831764
4.525872659218888 2.6442445949540003 5.181649606921722
0.6649871880406958 4.0934383148644615 -2.14800010866579
2.779351346498617 0.8121221337725767 1.4627580270837819
5.792131319744123 2.7094542530315033 2.5692392558849058
