2
3.0687365866350906 2.625088341411719 0.031739112385382434
3.7538015534769835 4.988412136028082 0.06903411091632745
3.7684172466603285 1.2584461253311434 -0.30982583045615514
2.5380803590747076 1.4108074127625105 -0.23505127874182954
5.715722205340128 6.033119375617061 0.2886682347074651
2.4638613442081274 3.3828147481415547 -0.017873639147866587
3.37970299885016 3.876486521850226 -0.008141406764508835
1.939601363775016 4.207242206884256 0.05384849266408077
3.007104645012049 1.9617748728914168 -0.008088956846672227
1.4645486914344545 1.5335589763117015 0.3853023817238765
5.964050090563988 2.528831626056653 7.69513655875035
4.340814959845882 3.061720921105567 0.2813086580757249
1.6307932118020234 0.888854472945442 -0.3283042139509002
4.595177008288672 4.361648106180585 0.18580450615717645
0.9842685330708241 4.150639358120531 0.5377691420451808
2.790350418945506 3.069731842285408 -0.0059649862561267
3.062324389805619 4.408880466520844 0.031775581208889694
4.450370632482694 0.7952964491641019 -0.33756883528524584
5.4071603524145475 1.7785415040603048 3.2966475090104437
5.693295671996629 0.13580008910141012 1.4487979158946573
3.0724351058942436 5.74905085374753 0.08685135038887934
1.7654047893976028 5.678033106247556 0.09767482224685474
0.18374690483513983 3.8181148192852943 2.9930648831464963
1.4712454955759033 3.457773106251537 0.35134514526188054
0.18957889931343858 0.2811327106699432 2.403005520519168
0.2574611246469824 1.0730942359074174 4.781609912192544
4.915812156715182 0.7405298649297338 0.33522689825353813
2.4571096064045137 3.7347783623027633 -0.013181960692307714
5.157797357455463 4.402458671104397 0.5318215404525124
1.252142340489199 0.889047024427339 0.1768029806048093
2.809853674304877 3.9504628882607484 -0.003699086316643385
2.460842508099212 2.63935731152011 0.039169235612091145
3.2670502101634646 1.4159634936874899 -0.23580614082021906
4.333374654016738 5.225970281138017 0.10113393987045184
1.311138892189111 2.1003691930477153 0.8306783843922221
2.5280301163918644 0.06953419348825136 -0.9287261386559584
2.4444755539406104 1.4041401274357697 -0.23436436975420752
1.2654505851715443 5.565673326609129 0.13618327285873047
1.9489185342368234 3.331188225236161 0.07044487914944877
4.567621022241831 4.368282977480166 0.1744503569952581
0.9752314431436249 3.6140705917557696 0.9784200155671582
1.705159863429278 0.7672051613305633 -0.49452669756954104
3.475987432329715 3.548409095771702 -0.021090622452841743
0.5553402772149496 1.7678255133097502 3.5068123489494734
5.296323415608314 3.2408562517719517 2.2293483569467623
2.321993025188593 5.196820488927152 0.07529086559176133
4.873013408861618 1.2572256862083206 0.8498159325740454
1.1931587342609336 0.35398422199894547 -0.30112395651531837
4.575472835514947 3.0740572349084445 0.5372301323855977
4.517435242020627 1.3728638536764 0.2581259345721623
