5
4.642769330998017 2.540689840604026 5.5923777665888865 1.4102875619961732 5.314962378194868 0.44412238997965864
3.1548288618769327 3.2902326809753752 1.3326160212811018 1.4784306795993376 1.7849837842497156 0.8561780238127464
0.38090209823000526 3.4965319902707916 3.6342796153369807 4.956390543611051 1.9853961979106847 0.5758572990204487
1.7464654356221618 2.435281530378344 5.716198887295518 1.2244489365554765 2.76920890485483 0.5722841081163655
0.2892464409974886 1.5819816041695502 4.002780669338181 1.3866447569852727 3.017056754362501 0.5565531408106323
4.624893473331902 5.5959159966862115 5.192668882039938 4.230283993634897 4.864339775892016 0.4136296428425517
5.583638883571347 2.664222470831235 0.22347775259169061 6.030505372042936 5.4375168718584 0.28882982261287216
1.2225290072934207 0.6011513113732876 1.59424785603337 3.993956869464733 2.01876553262676 0.56051333997244
4.198767194519468 4.78788495768212 3.4237406197160336 2.4546745183642433 5.414856715906743 0.6272721223062878
1.8450487371243238 3.7096444338541765 0.16144227645825454 4.210892047847582 0.7552347315223351 0.46728648237676035
1.871136201705099 1.070304861921497 3.4516565593395807 5.670068634733787 0.7252475254375317 0.44432959445994297
4.626042033313793 3.73409731154391 2.238681442539108 4.84794917452952 0.23143584977084924 0.5039717736169538
1.834204758507981 4.832937563213492 0.6537325932261482 3.9512408655020286 5.530918842984153 0.44377151378258306
5.850983324170591 4.052023978960362 0.40157581558459027 4.9650158033363505 1.79472862253554 0.3802189594394056
3.623979046841319 2.6217665721052055 1.1930311170416348 5.8273624352518745 3.9377534463348245 0.5659019155270998
0.6349643152823974 0.12739071808163355 5.825060349141299 0.21459106786212317 5.456012973797367 0.2462038656915623
0.45245199656072205 0.1483840757273886 5.513910304319087 1.1706506528597285 1.3655544311277228 0.31289708028905194
1.5122223742313892 3.3716777308315606 4.266439275096143 3.0039338641210573 4.43947442129846 0.9068158629337976
0.09140177082824948 2.409440490418398 5.195004536658119 1.4889341920601387 5.2526640901820585 0.38484385622676837
0.777639775906116 5.295781299275073 1.3763318125688844 2.6631405721206605 1.7458492901398388 0.5119760568918625
0.37094230464361216 3.5306045887785444 2.750639306612027 5.700861585815162 5.2847327220754545 0.40370890165480605
5.060230485456695 3.8962329773203197 3.3346455085561564 3.737255428677829 3.4479370369932427 0.9170976740662642
3.0056638037784733 0.6390079260657149 5.666545219589959 0.7186312695159962 0.9436123525494269 0.3687566842776322
1.654703516061559 0.5439426594069399 2.270231588489446 3.1160023730551822 1.59723629430205 0.6512195314677915
3.3300023228726463 5.579254619860685 2.0106381096172945 2.4096472725393143 2.5777962111273416 0.7537461981547675
5.6282868094750915 3.6019852645465464 5.907168207747101 2.8891287310871956 0.9461816475592675 0.40076358186075023
3.287539891785256 2.6934286587105865 5.541883975345704 4.860397824927558 2.5248538894051493 0.652542036936638
2.6966836832884225 3.3243157340652223 3.814289078300181 6.038450710540455 2.967153801145679 0.6625364243345448
5.492522482244439 3.0917172212502155 5.096515003657711 4.97831991085802 2.2403829842508918 0.4973337140364634
3.5350534580824675 3.3284799233326297 5.643570920797482 1.8739181774171978 2.3774623907057184 0.7123389011023792
0.9546861557800026 2.535147022802545 0.21601237445896054 5.35103589354264 1.9534934004440225 0.42065358724857027
1.7375088265087932 3.6391702069629073 3.326324069701977 5.918518000530829 1.8119643423440752 0.5869203867404659
5.5048602668173725 2.585042058768564 0.6836074466586333 2.594418180545511 2.5423934340257155 0.5818659196405653
1.0849416459651264 0.6567514320781669 4.8367674278876125 0.2380175625656657 4.377790805957946 0.3695651095648138
2.7366834762553767 4.536893799074052 4.587671217849812 0.7651136849678408 0.9145797971990046 0.5182482382244212
3.0502928162166656 4.197274309947896 3.3797191906792565 0.20821941988324272 1.9479918329329582 0.6459555324285959
2.9218877563813326 1.9916702696233008 5.658033098008451 2.282560942212672 0.06736031286729656 0.4503882754839646
3.906008085112617 5.744432237759893 4.282277930322196 2.391402862370512 2.5412226458981637 0.6419365825690956
4.22065846389376 3.9885614290951388 3.476583745088485 4.2719018383383665 4.84407738257472 0.7866119570008843
5.961368909251786 2.8570383048264008 5.8034737255124345 5.818929339477733 3.722671360050284 0.3320248752263894
0.5265346450130985 0.5789099841469563 3.140720554272807 2.077428562891516 0.06879236000726081 0.37817726164948157
3.289841623752652 2.4276537594562972 4.686364964342049 0.7533138308107106 3.94674325039753 0.7042582487155574
1.883519325165188 2.085997389539265 4.253078051430847 3.073480549198343 3.8957867429309 1.0570860558982438
2.363934774004043 2.882205762359746 0.4390743676821615 3.696282493232446 3.873987535796129 0.7561174778164194
2.466830758987481 3.480270862792885 4.734401223168516 5.106703486229726 1.4038941239204406 0.6447939370442293
0.8603893273220826 2.437672330014337 2.8006388556714645 4.8195924352471256 4.472739833626674 0.6487705325206914
4.661802283095287 5.519637398424628 4.9417497873472875 4.787027750678951 4.476875067766089 0.43001172522992237
1.1876052106623816 1.3202618905770853 0.38299075868717963 5.463098794963515 1.5733205004616577 0.3837695796954972
4.679424606724748 5.342801848606067 2.6681470228694204 0.05388430189584699 2.2161747133504397 0.4402708005982619
3.1957414108342483 3.019474337116711 5.354983061467314 1.8002841240325465 0.12338098634605728 0.492637670361937
2.717121053225349 4.572241421543142 3.329376206335682 4.85540947047071 1.7621291216563937 0.7914322153126895
1.5380406771301922 2.133134069926922 5.321062632540802 1.6537756710308427 2.0567791538741584 0.6258566861231099
3.202647190973713 5.66524103959837 1.8015195000260962 4.932354548500818 1.5838858694354159 0.5175901853740623
3.6612332348228565 2.2502323348691426 4.008751321059722 1.4749524108437133 0.969014749610555 0.7425210638742976
4.489126781555458 2.8654730677318314 5.888812765631114 4.868574551626183 3.5139218496443227 0.5171560899872434
5.743349307199403 2.372147594508636 1.7756236504428766 1.2112422917098402 5.876489891155233 0.38620312891714575
2.5139212230253056 1.4246879271817148 4.45437714961655 0.8622756097552013 3.9350497210273474 0.6545669037620354
1.4500664937147647 1.6143904208744941 2.6688487091045348 4.091160611500627 3.2660532948174725 0.9351663397793947
3.5917906164366724 2.351752317260397 5.257168144048873 4.014625764351674 1.4352380940706733 0.6971947573837763
1.4059687617291325 0.9957575842363897 1.795115546581374 3.4163843099055318 4.4751643163126325 0.651077465352473
5.404434118097439 2.578638580843175 3.9663204131551737 1.3048095482100324 5.227222520921001 0.5069242085448047
3.8846011072581303 3.633470433860434 2.9687878311833917 5.512085155081659 1.590917997181965 0.6905666238652685
0.8292480419798358 4.592022748169932 1.8948095778055694 4.510851801734858 4.835953065440913 0.5229703429995425
0.14521239519761914 1.1879155895868774 2.7318724981455675 1.317035520480151 5.161408527205463 0.4165033488130994
0.6648571539770494 5.289654980542902 2.615831083730966 2.617319819183127 5.1032404817427315 0.4898823989912565
3.9903776735385565 2.0531241330570813 3.799161448718152 5.726850185630605 0.1787873452181194 0.43647092295185036
1.543653271612079 0.23613915785596656 3.803454556499424 4.484301818747066 0.8630047506114507 0.45095193424187724
5.605097625707615 3.352995863504641 3.793343037895294 0.2579213164051141 1.1100373412909692 0.4231642254607038
0.45717572288042113 5.760212180132635 2.1088756441342773 4.508970978442011 0.6630006319191821 0.362090714751457
5.859376788038518 1.0105299276943915 5.596018781434718 3.209082152252285 0.940225596458454 0.35511708869178854
2.652801184969512 3.1621467096363487 5.74684313082991 1.7428240411825302 0.2311791171524848 0.45581248415883463
4.849275159228106 4.393245152862181 5.664593849118892 3.0216990801321915 5.797295815614173 0.39547034935168784
4.281476347281494 1.1409656615759902 3.492454292855425 1.6903265173518716 3.920217647335891 0.7750287785858987
0.33810434697175545 1.0145315434125324 5.002601820278961 2.3262951653128088 1.279777056829605 0.4264168170903961
2.0150302611218125 4.311289623378919 1.230555990095242 3.6240056268770915 1.9233028443622873 0.8084572548891931
4.420269383282837 2.5698688728811763 3.652921964265552 2.770969986133156 0.05130599774665985 0.6106595734190173
5.049116710070224 2.625104365071866 2.195903437246806 5.514812206347736 3.0516340025964404 0.6130101417549085
4.061865441095946 2.390070482825931 4.194302878167567 4.194970465154037 1.471244763806034 0.855360390163093
4.843371293105864 4.118652015590794 5.758662579735634 2.0403993161491187 0.3057675666071091 0.39309194118118224
3.625374975954293 3.249582310019906 3.2756359000025617 5.377097759536814 0.8652653729591242 0.6354432708453407
0.3582696330309287 3.8529859497559045 1.508009533194763 5.213525370925721 1.6332380047927717 0.4608275216257984
4.6444479885105325 0.4446630452422839 2.916143450722628 2.777963296551012 5.563937774073281 0.47929297919510805
4.605492242396839 3.005958589480837 2.9020705816302517 4.239513690806397 3.003284004715481 1.0960542496825723
5.1877502610527175 2.2319798617972113 2.515136581903321 2.752320236491809 0.1749107598212875 0.5360874460805987
1.4337641043572886 1.0569702893833728 1.3681018332429755 3.971070621523686 4.536083432732425 0.5815954775958108
1.894825346353891 4.881076977652505 3.744892728289963 2.5459729954258155 0.971785361341581 0.6833157959355157
3.554947762425704 2.5454851915446586 0.7275168515011312 0.20061343675883497 5.772933419740948 0.38161449633433653
2.964125464087205 1.727290571978084 5.8877261497762605 0.9521873496557691 0.19680173108869686 0.3702127451319995
3.5349295555772606 2.7473833397545473 1.6054057100077166 2.1564765681211506 5.400234864596668 0.7263473752174046
5.570583062724836 2.562323832094091 2.047118620762098 0.27173261796594245 1.4388131663821302 0.44270926279292383
5.005898569534391 4.41988473891917 3.99253703708536 5.030375550359272 3.5172053940764503 0.6092078918759369
4.342550748359433 3.3286342326857845 1.4922649229179894 5.151915293218781 2.608281252949131 0.7159276924305681
0.07924164829412557 4.904721994373888 4.451100075338586 3.399260789897532 3.5077761833922527 0.5080853531548735
5.614149385155465 5.611400215451795 1.3515107991396604 0.20146889124969886 3.911271183299214 0.33296821953303685
1.5084755134530532 0.1857451718940763 1.7573372087344794 1.0775016295709317 4.422868085375671 0.44624051458016606
5.80809880234217 2.8284117647796405 2.0607203278521844 4.015819595876209 3.7878037489284013 0.6472646118866174
1.8296016680117826 4.803996140487077 3.5893570091843303 4.810039818865761 2.001768009601437 0.7020358275847904
2.2695274353975923 5.17336075034892 3.0965274536571137 4.052921338358072 0.5204970896233605 0.5706791003453172
0.33756409066774523 5.7455801588846045 5.9408434383763185 2.168473793038727 4.6416844916769735 0.31583702232675537
5.222613729381118 2.5780054716955796 2.7802741933906048 0.519815475111256 1.7617541570622708 0.5601946316491705
0.43617339657191095 4.19566300519272 4.868654958144206 0.11349440694563402 3.51141269329929 0.39859462377722926
0.4637970462012521 2.463620275793115 2.0860158284012043 4.824546337382383 3.9770774488038656 0.5938578925929705
3.8850172927733153 1.7045626467486823 0.3414074466930081 3.1222319532369136 3.765814599449656 0.6608974478572012
2.6545130718265786 2.2281624966439004 1.4518155101021495 2.8857576508626663 1.4712904662749913 0.9558425848474836
5.210995025491165 0.39090869201581685 3.8635558673334303 1.5948803049400029 3.210301163899956 0.513870042863528
3.0468844168762583 4.827553687301445 0.8080222001074875 3.1338212638951948 4.774886344120525 0.612931119293124
1.9541435251912893 0.5898727936611121 1.858481343751446 5.6081995536507385 4.685514119770505 0.43765100154435843
4.566420490576839 1.0493855799694216 1.9416426365899462 1.2659444935638273 3.525661867467535 0.6384897326938016
2.7239288378280957 2.909420812904891 2.5580508114960265 0.18434169257181282 1.7318387591672004 0.67495039596727
4.320168514712049 4.40159642817434 2.4324889488718173 1.3111422361212408 2.4021476832112807 0.8170565998872543
0.21924536625587726 3.5153863374056975 0.30787839651021115 3.1811000722078466 2.1064036386028255 0.4744497014587708
3.815128399452282 0.5916653087193602 0.10881328353758142 3.1105758494960494 0.9918555446896027 0.41896500228431566
5.065772670886673 4.659370473842321 4.045428935997724 0.5164267060581815 5.08540997814347 0.4231743862437798
2.215792162384699 4.2648282595523765 0.19228660157900762 3.2031928522976263 2.301791677199592 0.639925904416446
4.748539300331969 2.1596103499550807 2.4535962556165063 4.8626341855312845 0.7361484733485322 0.566359449032863
3.8456166524761275 1.6937824343466223 1.3475524162294092 3.0642458009873503 1.558197210140148 0.817342191601111
4.147560627161302 1.1373838820111186 1.1627325196113492 2.2129832561082 2.746396331073808 0.7222565287443882
5.393153775210433 0.24135446349123318 4.4878494860001865 0.7156750948578048 0.06874023980122641 0.29102397375585626
0.7245938256776316 3.7219881460312694 5.543086256059026 1.6601548189810011 1.8680226215736406 0.49400803473479926
3.7354155705070395 2.027280963437824 2.234962313679412 0.4813109199241394 3.5759766785817977 0.7273867358441877
3.3366667008685327 5.029916956977582 4.926655611093262 3.577803904625484 3.556308798871828 0.7358760010242995
4.6168725541317395 3.7992264607660653 3.3507585264113726 1.7053520372955022 2.952557797903585 0.9945859271848216
3.459530998432869 0.8665708025192522 2.409119726228237 1.8566000596330354 3.873050886807066 0.82092305290812
1.9152426228628863 5.828915006109972 1.919838781157919 4.245019145978239 1.6574616314158843 0.534796854620442
5.729449102684183 3.5375751866637177 5.058319485567325 5.023248699907585 0.6401889393690272 0.3754063473335982
2.463920322583081 3.177038729393771 5.087249720344243 1.1452670612970388 2.892492328904468 0.7617928755379064
6.002739531285555 3.2283373461804707 0.3208803503967416 0.05220918728205355 4.761206833114746 0.3026855632718157
3.4242113540284675 2.0449978313509978 2.5314631728246093 1.8002258703401726 3.3180715080304255 1.2735383930585924
0.6798315279154057 4.263527811917471 0.15861482140089062 4.928374504114993 5.933518318329944 0.30885825277007967
6.031266959535311 0.5554197842216719 2.6920113724701955 5.910489367580351 0.8946064357074905 0.3015405172015179
5.132784092028073 5.508288759132813 2.108616663392688 3.3775680561467514 5.827210872408538 0.4037056351914063
2.54500025388346 3.231511583542274 1.6396468275989313 4.884398251115966 5.0403799814664945 0.674523044611745
3.2195766332320606 0.3568479458277682 2.8869728493566496 0.6513327124935004 4.085668919235354 0.533556520859331
3.479410039393906 2.6376797776391303 2.25780949606627 6.049002198360147 3.2335710474490535 0.6551823460105861
0.30610663532342447 5.568882356509066 3.541884386174032 2.368911514951296 4.191091305368681 0.47694386845570036
3.721245396745953 5.864948519055425 1.6453044977082774 2.483602587490357 3.0754262898353057 0.631485344385461
1.1046917493608093 3.751670092590719 0.47061477481914776 0.8236709295312312 0.4493626174062035 0.3731740102503075
2.860275891516851 3.76508820453258 0.6939828826812227 4.46615418075709 0.3647195564725087 0.49957763632470065
5.334940083175557 4.937191636385541 4.036843595661678 0.8478292032557084 1.2233907066222727 0.43350319019290795
4.652762543158985 5.63268950217433 0.12703052491236594 5.862950906968641 3.8133311408309156 0.3147165181055097
2.4365529235544514 5.381398871573157 5.075443248434062 3.5901343578508853 3.9296778848304736 0.6057464475670463
3.636202840600478 2.0511627060656745 1.9476870075625243 4.243224778471991 1.1121842656706122 0.79860308378039
1.5395132004480958 3.5423710006134623 1.6896945358218087 2.6232020687332795 2.604016645741419 1.0590003063201237
1.4882011767820806 1.40726054703343 6.047213746868317 3.734577046818975 2.771673055046656 0.5076244456305793
4.933069911638843 0.533730357525251 1.6879048376865895 5.6912582869369865 5.332006566545159 0.3422083384403408
0.6527460895682096 5.99944872362898 2.753665769898501 1.0531287387509725 1.4552208587667683 0.3884456918804907
4.083329190923193 0.34265566588773105 0.7775630336958068 5.0328985541931175 3.279601536969701 0.44672451313132744
2.8456559839745035 0.4040037071110045 1.484706008318049 1.2324588394353124 3.0154413065772956 0.5819510817558758
1.596023646229269 1.132443119744146 2.4957520174224195 2.3873764790369676 5.152569010133882 0.6360495622084581
2.517799108478278 4.407218188074423 4.604535626934995 0.9487919429546581 2.5003797252783917 0.7020307536019529
4.876706156747733 1.2798533013698277 2.7989675416050526 4.8599344896482295 2.560900924473695 0.6590433359161175
4.747079668811958 3.304982140074361 0.09504383142111168 0.44647773564234344 4.896374928173729 0.37452081504910095
4.544777015065591 5.864954976190151 2.011205769726884 1.4160088366759445 3.6230410629111915 0.5136311216834014
5.849047012505506 2.0359433868651458 1.1450797536663238 1.1626717431771698 1.0491295135584038 0.40536913147604947
1.0794738278460032 4.608893395732873 3.18217141496768 5.331479974195369 4.259968196444388 0.5454506612314213
2.9684805982438034 5.741067884849778 1.4471970537879064 1.9738365205686745 4.323738906331024 0.5639858979939952
3.412246203514353 3.922509069857299 3.287918914013727 0.10353472164611639 5.470093969943334 0.48556081618771696
3.0674457318444026 1.0898662693109222 0.1415658041385907 4.1412375011443405 1.7223895858379463 0.5061108519579836
2.2019950904409793 0.5724809501810495 4.24533995872591 4.452091004984879 4.693112615237424 0.5538407783420982
3.0941782785225422 3.001442637964084 2.1635612161183846 5.326900635665895 5.3571146277769905 0.599557859464171
5.780169786215296 1.016621090652939 1.9443719698799982 3.0869983202731475 5.659363091604851 0.4022968375681354
0.5602162166159792 0.14240949512241546 5.735938926201834 0.5402376469045937 0.7394618569088598 0.26480109885378045
2.050910393496964 2.4874412367544756 1.8231732641053178 5.658840040905053 2.9041075560142096 0.6836655802828352
0.7569859116323323 4.332567334475623 4.8498962614682934 5.75112589619718 0.6790493922564689 0.3548053299349176
4.698505380618069 4.285957028742071 1.1971789791701821 3.5547057065946657 0.9856271941154005 0.582948776402751
4.2033086107513755 1.7924349406663502 2.8604842536892505 3.0994822393616537 5.07681820883352 0.8164131559007957
2.802531224875162 1.6877546723814663 0.7313700426048004 2.5811089502423163 0.7404359140026031 0.5817754250598776
1.3820888971032712 2.346150664630661 2.0141798667582016 4.5426397692323075 4.056209854775915 0.7992127217436262
1.1744051571674885 3.518384251069625 2.916931590586401 2.893622308401837 5.222284565237687 0.7375564622892656
0.9684850688620055 5.189005695960846 1.331550314196338 1.2168261733222216 4.257908876368271 0.46588408108829066
5.3501377196143505 0.9111842188869195 1.785406513661746 3.7531472853872008 0.9719551615008282 0.4752460331894519
4.6130347946856425 0.8130610252559645 1.5122173429302261 4.170138025911675 2.9209461716669782 0.6260347936377421
4.513455093384128 6.012600249895812 4.222650549857183 1.9381165891411474 5.239257779455092 0.4166136745610025
3.6950546936237565 3.389695877205 1.2738027556360525 4.4741376574088685 0.704839459945505 0.622837020629677
1.9524229145073633 3.6717507425785803 3.2768474775443686 3.7479620041900086 1.5618227213490377 1.0807174482179627
3.9037230172478554 5.146446296115535 5.93966648504179 0.07464561957757883 3.6353406611092116 0.35679953896857725
1.4661329705453385 1.2119172316864564 1.7562146067084587 3.7299501948511793 2.6185556983866882 0.7827594294277874
5.535809022754073 2.215907794851442 0.8610455987701937 0.9228792443209064 6.0228033803692895 0.3325349742043627
3.302008589734272 2.7066246100041695 5.180554246615259 1.0668912245170423 1.0724685224683914 0.5752289524948676
3.1303953547569163 0.2878913821895565 4.144294393356811 2.7528179084813402 3.3456562409716617 0.7213694080509564
1.9290759387686849 4.710976508308573 5.152894731332301 3.2816469152189573 1.969012697648717 0.6733310965990745
5.464242098463127 3.9740367973010295 0.5852076072159136 0.7999596135571134 5.984951306093953 0.3164299501768988
5.277071026121085 5.056983850806226 5.147214832255945 3.202861797302874 3.3832260762514426 0.520432662779612
3.0274654306543027 1.4257358652397192 0.503603796686823 0.6568945069673591 2.027484926897896 0.4963521876881961
2.989177570972494 0.1506471466896126 4.881729253895224 4.806307814032502 4.10910505381122 0.47275298272545174
1.9626300578086506 3.906417694938901 0.07347600462227062 1.4970041902122737 1.7484832766637584 0.5184688280724504
5.205973141154936 1.5636495739048177 0.9950606823250647 4.492547363105243 4.194677999510358 0.5100959499518049
4.703496574256005 2.872139272304779 1.579974099264503 2.2680941555407474 5.579932424266777 0.5838918264823666
4.2464887617751295 2.0445015165653015 0.5651243089670659 2.700512732663599 1.6751318575334342 0.6561550869294651
3.25716678043199 1.3468207081761296 1.3679451960773228 0.6530105960889099 1.38317873208169 0.5380622641044549
1.3510561956894824 3.5119031459590215 2.8505205903087485 2.6892839505985298 2.2156935687855297 1.147435655567505
1.8787440390286936 4.565246053913864 3.7918536722805225 2.213117593923756 2.5644471750072055 0.98588872213905
2.382097120416562 2.3849181392218837 5.226634474944751 4.552824098631913 1.2599349879119057 0.6189221965378965
3.3115280485298664 5.770662237068598 2.2910521092074005 1.1476862556976788 4.508232718303579 0.5268132617685047
3.6428949923505964 0.626642059046951 5.512039867055667 1.7576834112062198 3.8169892383615567 0.5110565003263857
0.30300693520139393 0.09463836922074305 4.6107201924399375 1.5029083630824245 0.48470194231301983 0.31370260812413264
1.4250217872951731 1.335010504695472 2.691161265741853 5.768294587096432 5.502743851603799 0.4119411954721443
4.489800723907795 1.0189477394769961 0.9614592155069008 2.1241866003869254 2.7502403969336493 0.6199954065262078
5.22465870732018 0.19571741558623906 5.797140598257898 0.5455572242613076 1.4913394010489587 0.2946597443254781
4.251205876821142 2.177821702053368 1.3755947498929688 1.0870215725662964 4.119036804775841 0.6760449629229944
2.421045062583214 2.840289436446925 4.388886899892253 2.5901004396206178 4.7244468752814095 0.9586406218640747
5.9538833457722555 0.7952169244416067 2.7379552755512857 4.648704262899538 3.3712742599152135 0.46487339913222164
5.459104592872368 0.42859909799866663 0.20927261848101159 1.2890570163260926 0.08832810211554305 0.27135115395753223
3.9700511966363474 3.2820852830309777 2.1714842767749287 4.760553661088198 5.788254366653402 0.5687984040104435
2.6424131933272594 4.75952470386528 2.1696973389558902 2.6355760588315444 1.6651768328364298 0.9235524207259286
0.722911060216733 0.6069576501937755 5.337619614715887 2.0697513389328313 3.626853592775816 0.4418022863411107
4.307354357967871 2.799314445371402 5.542970511504323 0.07132331930869036 4.929297170753887 0.3919188864523833
4.833270139583415 3.7800986517153072 3.4762290292003435 2.9474300676772844 2.1828210437924946 1.013502648121195
5.7683316418336625 1.1676006889588568 1.265541219997077 2.1730063891426887 4.336849536492523 0.46509941241415437
3.3104645333841365 0.91033403304925 2.953130011402174 1.0547850928660034 2.655050842088313 0.7480472321128863
4.8619227507757 1.8983417169835153 0.8881646688152425 3.9409786584882784 3.421738731098112 0.6577406800638846
2.878848461278025 5.761393822925962 2.9030751047802923 1.6225589397570477 3.6816780322947706 0.6661605272199707
4.398999605384851 0.20918638423924957 4.547794641249657 4.568476390325113 3.7790752513435724 0.49483919291575373
0.40000705468635717 1.1146395263058697 4.478761281053881 5.433313400717416 3.4414660146281766 0.4234204216469592
1.251666141460205 1.3695658872616838 0.3205997621138081 2.06191739562086 3.088544525144888 0.5324243382587664
0.16240117353538314 3.167647681095122 4.695866338822713 2.0945078018274685 4.8334956159022 0.4965820806947985
1.0903975089472426 0.7088982461350275 1.8365357353058402 6.035964610659309 2.552161278628742 0.40539962046534367
1.410540975769247 4.590820407249903 3.0080711069538264 1.09137069437491 0.09139839192015815 0.45126386695784515
0.6391483609151523 2.122070080822981 4.078910648049056 1.6294817162368471 4.891817138708194 0.5566155357237185
6.020042961172388 2.360024409179262 1.526668104199001 5.811007657403318 0.051204144256160114 0.3003174700886688
3.909762735440884 5.704698891527918 1.0329752573389417 0.8742177513274525 4.017126941989194 0.44314950149500293
4.645021295013551 3.2966854076386207 4.18764413869225 4.165268199965175 3.5848793722119714 0.9170484090647304
5.354940718841295 5.427688354795948 3.653274952194575 5.9866260650825405 4.9115259656806005 0.33967331918588767
0.6727236010219195 1.315433022553858 5.95438263643302 2.599238844526904 0.5225739341703546 0.3535991931621212
3.973844799030021 3.364247227359828 3.4312796861002965 3.2289291762907015 0.11620664711210078 0.6832596466447846
1.4532965712469406 1.601412766650268 4.183571521398171 3.940804951126428 3.2518114424772495 0.8548687413722226
3.4158803579364783 4.188143849688851 6.003863573012276 4.3434787380686215 4.12262290324521 0.535530982616304
3.082039011086822 0.1318600207034763 4.858279334465947 5.655873552034509 5.831950113261271 0.3148637887931594
5.659202776522258 1.045466830658062 2.3250808509764336 0.6830659187558368 0.17316496307160584 0.33662944007756934
2.7006880354923823 0.8724055094437453 5.094656160259103 3.2744417480427286 5.875649611985505 0.4474571363129741
4.877740749856835 2.724397433406759 1.670358198443635 4.7059506941209195 2.8997456987636916 0.7524379111804963
4.233187913274092 1.362876421462269 3.8655162818508395 2.083762263863432 2.5239935347445943 0.9077607739063918
2.8112322294749426 2.2712588438280132 4.039371911030276 4.816527674114841 3.2211996335357247 1.000430887381167
0.7408743460354446 4.756109912826273 4.831375503818053 5.748833948281795 0.9886579694008661 0.3553269862242808
0.49044041957848233 1.757602822509913 2.606081056601939 0.3503711676796523 2.096448299343721 0.47999498977902544
0.5378908998014962 3.4479122216371696 0.6612871208600062 2.7454050422093905 5.948549636504355 0.3922961192201398
3.667233550614503 4.917669063196461 4.389919415604247 5.622203774114044 3.8763828333058896 0.534801377879803
2.577302946071038 0.6767495588450281 3.3590286051682483 0.3926033364801204 4.28182348538169 0.5222844200847568
0.22619916909224397 5.723522120310085 3.2734547877602465 0.5355882368804161 1.6791944511494274 0.3570896259659041
3.5781800420845897 0.6345276626955991 2.3153999760180444 4.573826403595185 4.883754499813552 0.5739246748949768
0.992948248153015 2.7667704623149847 0.9572231898305665 2.9671657021441322 2.2439150568255357 0.7231529966810054
5.720942701351258 2.6887263641271986 2.3630340178777822 1.3003755413997717 5.866213046217088 0.4164923186543022
3.3250424860328187 5.216282166534746 2.791393910950868 4.53056786842391 3.4905325943163885 0.7908679436600974
4.07916210553963 3.6642324680072944 1.470434672026404 4.5940837412169975 1.8445521132596199 0.7799382105224909
0.4057617543529794 5.602473784648069 3.495547779088561 4.018606389100854 1.777470174643282 0.4699105109811222
4.7274583878993655 3.2312887465730284 0.6442179567792254 0.22019051622767577 3.2223978065740777 0.4680745636109787
4.112391016650172 4.2811709734766055 5.837573439603006 0.5862216767879249 1.9656501368864434 0.4380807607432724
5.404863801884391 1.4227281295569032 5.5896172720005985 2.674884042520472 2.3158142363309535 0.48659232275155173
5.67643468493774 4.874020665026335 2.178312370744829 4.568977170526806 3.381960247029787 0.5274815339996891
5.9884932865866505 5.738581086887679 1.2156231408397273 0.8538766877607691 3.362121604728089 0.34069348694355633
0.9332176162501054 2.5034701612696377 0.5349234959571498 0.21838953364409347 3.5299302154947236 0.4234970333970125
0.27374971831893385 2.789531420512032 5.173714704639423 1.971201696450645 3.5018419550750015 0.5401888473578406
5.560550596676857 0.5430520911701384 0.6529818588456022 2.7843162800760766 5.688680772130746 0.32919610313581626
0.9186835132959823 3.0077941133356516 2.5376016083042146 2.967914574248379 4.243926316984779 0.9013772913614607
0.4306768051070597 2.2779602314480574 2.1035593213319874 1.0108203840321264 0.09621223602675007 0.3950197814635094
3.5015638806144986 1.878871721034783 3.880661965443692 2.395455304822644 3.2091359632415677 1.299836954228972
2.7024604727428363 0.5456395182454561 5.4659783774691215 4.599703346501226 5.661172935765507 0.37265659520559374
2.567999655057191 2.926596176686742 0.900665880690773 4.568098224396305 4.093960247763325 0.7544381391534584
2.754793885340932 3.854543286050813 1.227922058019248 4.836873182402991 4.733622969632136 0.6531600915819463
5.691327767107627 3.2050879712580764 5.899041041787975 3.7811166828190634 0.8192902892734844 0.3837978464517673
0.5936443516667393 2.7163833177116494 2.8355498194325133 2.0455537372193175 4.695166939135121 0.6810788207284415
5.226619723895008 4.38139937395639 4.692547883876236 4.122128235611139 2.983486078767309 0.6253806046359532
1.5029792339691104 1.9576398177077994 3.9989416169910044 0.8143157455018188 1.451017863084398 0.6059859927109928
4.533638745080045 4.031791328021481 1.5420733112620273 0.4407923291138 2.849785743702088 0.5843067045441801
3.6841798925080664 2.1303120076573063 1.2578081198504436 3.4400419262452315 1.8587127298073542 0.9297252821615558
1.5877371826651967 5.792081256689416 3.5773326568384625 2.1091571395240694 5.678016114267561 0.43310876916475455
0.743215955953267 5.040741503804425 0.543347661355021 3.513948807469959 1.3091430124707244 0.4270587581040144
0.13369387434278462 2.8524174073403414 2.928637127653401 3.8872118081207425 5.907040501435472 0.4448277207279116
4.384626173181954 0.8424453102998761 0.1357816086189711 2.3548787894014946 5.611964817851672 0.3701712941939207
2.33462541900652 3.693449369470631 5.674256276780635 3.0185291597125596 1.8516834911431872 0.694723485476699
2.4387336073207724 2.005060813643612 1.3858467076534224 2.6983182271368524 3.6999453598124985 1.053590879199605
0.4808496421996448 3.1293836733405405 4.613840442339285 2.6839498856278374 4.087357603245583 0.6557560288659894
1.0509950296416002 1.2303626742507139 2.519800638221888 1.395071093764372 5.711750533495324 0.4526891037735187
3.560535482987534 0.4229051138298971 3.9001907270183396 2.3331344352711882 4.28016916951369 0.6734231567090392
2.732518211951752 3.439867545827826 4.349046359760327 0.658712808639925 5.255556428024528 0.5664401255726337
5.4850838100381205 3.6101907397001183 1.4001875530276124 2.245500935317162 3.6178609944576032 0.6640813892165318
3.4028051926412646 3.145752641270281 3.7364754850757427 5.890026021636774 4.730812556814631 0.5856908289288889
3.111772477057105 5.456475123635349 0.6487741016006416 0.32163144328884 5.864015378034838 0.3129766188287702
0.5654878423634098 4.638721811036912 0.19818106062766988 3.051955844937304 3.964435579798617 0.44652259261948984
3.342137548546713 2.34083041100432 2.51671911794645 1.7468799250414415 4.7524071403626404 0.9591071463181178
4.684271626883127 4.692642825381277 5.390861288338937 3.03151627897655 0.2584410583467242 0.41779528747279465
5.943780408422017 0.8109277653608353 3.1640799461179787 3.9163377510780593 1.9569652598561882 0.4898983231921222
5.801518235211906 4.477881614796834 5.5415399618150545 1.5081750977792672 4.3543609941329295 0.391360343024907
0.13835895563386907 4.877893096510668 1.0769745044701815 3.418670279704873 3.5273285492107203 0.47922880490786024
5.781537923105103 3.500095628660648 5.9992340226249 4.083552170758688 3.4899041029025506 0.4274135363336455
2.1978129182245385 3.6345349944387135 4.219983237750944 3.346105227423392 2.835181070682844 1.301837207848582
0.7609759321053278 2.486039900380642 0.36502942470902927 1.5550949161099106 2.3115795146950275 0.5055068102369625
1.0444694016731995 2.140270863727123 0.6730629785125117 2.8532087098514314 3.4170798300262035 0.6590492316148205
3.0767414041716172 0.5602372885579172 4.624471131185445 5.739803440046794 1.1872813833683624 0.41000898416606657
0.5836891180443087 4.355775004126127 3.7314208242204705 1.6524645983045296 3.038861388846044 0.6653792718420795
3.593345578326585 1.2264714832673105 3.4230822951572275 3.02343188199087 2.2953847384118458 1.0900973382225994
3.010035533554084 4.079955235343015 1.3117971768134877 1.508376119191935 5.775907781581597 0.5277869648561407
0.7436002024782971 0.1519872222270537 4.715691307783358 0.32611466777784187 2.639480269776236 0.3517936990364913
1.754280106784374 2.154316281438218 3.117671437726587 3.824176245241989 3.455346624662424 1.224371965869134
3.80095936021962 5.338698715486308 1.2485348597560717 0.9578836101221897 3.2843868233334534 0.5425996937335252
0.896182430513988 1.3577427919387124 1.3483269214370326 0.5055042831995629 1.603396583882492 0.4343276779364425
3.0186679129255767 3.047301167313049 3.6394636552853594 5.58934313789743 0.5897185289053339 0.5578596923216508
5.418413889261356 1.7142361813467886 4.838553791860457 4.78164865643231 5.568873949545926 0.3897787585494819
2.196935273606881 0.9972443341450095 2.56639173663497 2.7672628471834098 3.3891682205710434 0.9950666759319972
3.364849596612438 1.206208432178636 2.443979989988788 4.3044898067704604 1.6342160633405698 0.8178606980068309
5.7005189685365805 1.9294288795487406 5.81263274261144 2.11885902580107 0.6940570615783894 0.3643835430912332
0.6362987542618108 3.5601959994429913 5.923961748041558 2.6934936877194215 3.3603013807555646 0.5082793975334917
3.8601946715758304 5.492514571653358 1.1543727962554593 1.5139188426192802 2.029872778207667 0.5402926609586128
2.1585077965762847 1.9675429950680219 2.0585459082914044 1.9834446874244718 0.7798043432776871 0.7340491562498929
2.090231821940058 0.31608019262396797 3.7979456375286373 3.4659658680484 2.5742046553207256 0.710921694958532
3.4681405225616007 3.1079405629124492 1.8753838613410956 1.380399782131209 0.1269948042074573 0.5756113949045928
3.652082852305168 0.38551914248065494 1.190751469308634 3.8072440195790413 1.613335400726452 0.5522242912209601
3.955944288081999 5.5088412862853335 2.939386353759277 1.49839951165255 1.131353860862774 0.5568415341891567
1.4471797107486337 4.177412267315211 1.6411515933610208 3.8120621026247097 1.2226459358446196 0.6914456916302342
3.5797104472188686 2.3812514219541523 0.6664934517355594 3.1044983836058497 2.9515878269595266 0.8946600052309638
1.7155715763695978 1.0192558627773851 2.894664423635878 4.075853390756274 3.038609208697183 0.8515602360923206
4.339775359078048 4.29540004742943 5.414781167641709 4.219129546905368 1.4827660997201835 0.5527151235620614
1.7788023845631797 4.794792085673283 5.472606072203702 3.4098651728579767 0.9113998305468609 0.49124061098070887
0.5133860097453009 3.473104276661792 1.6954857683783429 3.3761228314876455 5.137762075481849 0.5611568596779293
0.1842814914908732 0.4128227209744712 1.8903820446482398 5.364744979330724 3.4694324505038194 0.37501788870072106
1.1519337653580835 0.4936471725147022 4.408504182578455 4.2595414361156045 5.280873322986521 0.4260782908488416
5.834697184421417 3.1161097774776887 3.244261088120215 2.127126101515936 2.33974294223988 0.6989829156660938
4.348122340301662 4.3785662442405 3.2086915227224337 4.12333352431105 3.928281687836753 0.9186941033528875
1.1400416471964168 0.5261265765130758 2.132102522062591 0.20688147979201682 1.5817740230248702 0.397683623152356
2.413548972619341 2.375189773034763 2.375996446113623 4.78742435750576 1.6762830944204032 0.9032766533869042
3.9220053409042794 0.7145146759241421 1.2342184196468067 4.328409697386598 2.465391256294561 0.6156877065950801
2.9801296351648343 3.388656085389295 0.7251345409172227 5.2530156404374475 5.656039114389846 0.44529377811956944
2.2740752718679746 3.6902070596272525 4.501085661839318 2.548086881258709 5.676113648423811 0.6401056784191163
0.9501482730097537 1.640390437892491 2.1182288288321782 5.614100079678434 1.483425346829087 0.47706581090825784
5.895139452560764 3.2565658177398173 1.8743334855820708 1.4623456095748173 1.1937708776633524 0.4916027312789883
4.8743217540497055 5.271337558703237 2.2751047860413345 5.362549954793204 1.840024146338229 0.4733791521440784
4.3876957107976455 5.458961873018488 0.2973045321718146 5.990064517757049 3.401182500132955 0.340388580033944
5.283262945087949 3.2766086259489073 4.948207212563953 3.0977817752817165 3.907168306296077 0.6703388291165501
2.230823724407871 2.823805782297451 4.978126854825624 5.5221597168508705 2.162754248173928 0.6024846774646228
1.827804715622406 2.118090957045972 4.249036605967659 4.250683929688924 2.231876271457671 0.9202915142301475
3.1444474423065163 1.0282048760302298 0.9756250235939457 2.2537384303680787 4.445688149983569 0.6388202501923881
1.9208817266133806 1.7722470119674771 0.06609950077238765 2.1327161489693607 4.9867770827682065 0.4766646385253392
3.7587039626790864 2.0772860223182597 0.7752612426473549 4.13325925635041 3.9654035931515192 0.7356848980027858
6.039540106505941 1.08524444425949 3.4023209986564744 3.7199952412978554 4.931232489305414 0.44812891741296124
2.931061339467286 3.197966188447488 3.5058424507253747 1.6367157872052442 1.58582173300473 1.0919100248166127
1.514033611544972 3.64512683320966 3.579814179602634 1.108341544303281 4.416870374753926 0.7382055464071541
0.5341125828827218 5.800727537498839 4.036024957917701 5.219613080374053 2.09720830678738 0.3885043388298433
5.655196862068409 4.934457800703649 4.614515789135799 5.303765809517692 2.5936900914777006 0.4189133822327049
4.790751374237193 5.629397912929898 0.5600750039843412 4.885862866075079 5.381342374959275 0.33002180530701386
2.343502881010118 5.732495784619001 3.3146694271895205 1.158147588078262 5.349753063115265 0.45640638324636973
3.411372114214402 5.952732918829317 1.254128194212937 5.312794011240447 1.296178408951788 0.39701522018308333
5.583066810231344 1.9532800156991648 3.9351068019911266 3.1671152488123893 3.4694213706650174 0.719913093291296
5.566644961558292 2.9532706424075594 3.3313721219539465 0.1601918994912674 3.1075592923469486 0.5056701674772655
1.8015447751017932 5.049896976989825 4.972211665712243 0.9906784791389791 2.486605648362036 0.5310973954192371
1.3687585416354073 1.2699782310410295 1.1598497766619214 2.7163424981469078 2.033787554848959 0.6642706456128435
5.630173971328842 1.3076505665758886 1.6358048909993834 5.641006505362308 3.7398592707200162 0.41381826722583936
5.7828724389161605 0.7429870676032495 2.5958229918393956 4.3003468907470195 2.9926985825928885 0.5077997846549623
5.942070683634887 1.3000486681784342 0.28254579048316025 2.823059481942809 4.683438328605337 0.37319776679787725
2.48863531875484 0.24991859438676295 4.070871355132495 3.553516616849175 4.925385344719261 0.5560282906613666
1.4453418552935213 5.871861181462508 5.386058389161977 3.5356990213987483 0.7897354425669825 0.3769308364405761
2.186088392007911 2.46341222486143 1.2272184627013114 4.404308224839517 1.070429528375764 0.6762030811663712
4.835946093949533 5.030968674991748 2.728880851742527 6.002051319402489 2.946492727497059 0.4633015900141321
3.218404741642372 5.688646047949819 1.5266150206988907 1.5485865434591932 4.120765331538485 0.5614792410993932
5.656802996951459 5.029049309266629 5.605379734260059 3.3902808858591866 2.1660223447143805 0.41996541233272267
0.9150610464685882 2.4811215248908356 1.7176922159150456 2.080305845462752 1.214563707176691 0.6538452555716482
0.9050893462000289 0.8928307193723204 2.3560171472731675 5.291284304266236 5.5291526848115184 0.3862476671781756
5.449275174966817 1.0686711488636385 1.1198493962156226 2.3356175773820933 2.7731193737062068 0.5331392669743661
4.068107581520882 3.9302146511074145 4.6739084697459266 5.8143135428966435 5.786884633263294 0.3922305506406605
4.086670973146805 3.1764894960891645 4.722232669423307 4.0186260175823385 1.0590204562966887 0.7151496013903541
6.0246800730018855 0.7760199242349466 4.326774910289749 4.927178876104052 1.890981643999207 0.3876111909836996
2.8835676350617008 0.15585306478575317 6.030255821613033 5.1604720477970405 1.9808853809605889 0.35725242256724626
3.1835419561111804 2.068872358593602 4.20277794110677 2.689231136340001 0.28593895217068427 0.6752164478382705
0.2726672240387424 5.160213981344604 2.649937309931448 5.31915827934436 5.892261438229085 0.3228818235485267
5.499485400401917 2.9290517673476137 1.1731017256685676 2.5565823983714306 2.5325868480253715 0.666439524200621
5.352771466730899 4.8537033937066685 1.726765637143722 0.957196063260489 5.001339107077981 0.4206756754469074
0.1964754711071363 4.670464496715385 2.1977888910683925 1.7390246540499381 0.22826809056968295 0.3911398885579441
5.804979534489269 4.9033932755134835 0.12387202204561594 1.8816542855792273 6.043989346511038 0.28345075669990044
3.6482586236386085 5.1520664932212 5.803601886223771 2.027381789397762 2.9959259875671833 0.5302841077419888
4.612578840566176 2.05946449929571 6.026090594617424 1.1431182103617594 5.795465052267303 0.34596238253455064
2.8678562446613878 5.666271684902193 4.0530613453483175 3.535492645068442 4.996179662789081 0.5712036645256531
0.27328603907221555 4.293944255679104 0.44994202578514314 2.5755473115303973 4.606897357839649 0.4278196461024876
2.3915786803939723 2.78212925885661 1.2399438177913336 1.8959841500249281 2.5684672800786137 1.0080123462176227
0.22032551695508812 0.6777046554615691 4.538555952985129 2.3893502811692455 4.930927333225245 0.40669958231488523
1.419342705631058 4.208908608058995 5.5582263138664585 1.7632141963368853 1.2250333159246076 0.4954270784728745
1.8429852604749173 3.0215847873977064 1.8462614204971184 4.554043030398064 3.05209316406322 0.9912742923369905
3.141055972000435 2.3078612479381295 2.7515273225902344 4.08943263967434 1.160023889081223 0.9868680356199383
2.996208826668396 1.3056715301278559 2.5895692890090523 2.0068476625472647 3.6442901683118767 1.0592459464093908
1.5915373357077616 1.9313120852870331 4.521218445158717 0.5087717045174738 3.7220248887086864 0.582495830650642
0.4984083845081157 1.5498198612771843 1.4491084281329 5.951928969119304 5.251515343385409 0.33841573193778707
0.7658848205973736 5.287770833429867 5.8665301783045765 4.9617900143522675 2.6656158049407708 0.3649289534738402
3.867836582693118 5.856392313279723 2.3071229512546942 2.830569848551087 5.440996100393757 0.4906924348843055
0.8538165626550176 5.106655376626303 0.4686245077571069 4.034522477082219 2.4282196255744433 0.45768409274831606
3.3566565358770206 3.8039473987246524 4.956888769381942 0.20822378778680556 4.687240773788704 0.4939797500324455
5.015562910248232 1.9829796320340525 3.8497322505945353 2.226279811237598 4.313029024535598 0.7609448222427458
4.480965990607509 5.775352979460313 4.135767182697861 3.286234958473867 2.0433975312379133 0.5819763014720408
2.427914124157838 3.5583989139944805 2.5009942761007484 0.8100051877811703 0.7929680340586456 0.6428732552499518
1.3721808436858907 3.8140788474145544 1.7813766862094318 5.320746049741563 1.3734103730630267 0.560877082586525
0.4745216025805549 0.8550572412638109 3.7955378075612267 5.127144880618889 0.6683147481535643 0.37631896361659545
5.948722630359198 2.2723730511481337 1.4927310930002116 1.7213160503345792 0.1941999803917504 0.3845590011860515
3.0380164958430766 1.6107668268928335 3.646415226304694 0.1431383590158361 5.775559770030201 0.43076233786863305
0.29697117197580897 3.300133822427433 3.3983465421414363 1.560766668049557 3.823043584030044 0.6534274233904661
3.308281125190912 2.5156836622862686 3.899951895160868 3.6726227713231445 1.9724557794443416 1.307568737686142
5.764128364692936 2.949257554131015 2.0110955122073015 5.954320927028937 4.330766023338687 0.4145960556830407
0.5157310606139023 2.8357173686312045 3.1233569686222387 3.8994988445489422 0.949696557785632 0.6162705179305441
4.912367633641937 3.691045337060385 1.2797111425038301 1.9671908423746927 0.8172003178976017 0.5578677131224665
2.3388778739025495 2.10765817106925 0.15156275561291838 4.488737890915924 1.6384262154080953 0.5429714436745374
0.1545925124732152 0.11200664726425087 1.525368933357892 5.1211792524848185 1.8029898695535884 0.33848254609469014
5.857955610073853 4.993273800244535 5.167499920672983 1.801028642518855 4.183135506869125 0.4052447002250792
2.97134148933712 4.662975842484973 4.923838244844903 4.787128711410538 0.43195478568025697 0.47045210728282616
0.30984017012416504 2.1065653656603427 5.16084024330718 3.054959496832181 1.909130967150012 0.5291724375777547
1.1516834077525313 0.5104063273791946 3.0146479763523066 3.509224859571601 0.992113219301509 0.5289470302157794
1.0981937921850125 4.527840529439187 4.105160891255165 0.2659679643417194 5.518281828014484 0.3847749379313384
5.733909159372451 5.080059027013067 1.3299834951101275 1.9358590151125823 4.949438595997582 0.40778765377189524
2.86833118813463 1.8416541916011584 1.7061575112764613 5.726840780541382 5.334044647444572 0.47809019873549496
0.19191214916384797 5.735877540928404 4.651510943253595 0.3730920463795015 4.0765904742454975 0.32094935135135816
0.6398891229531798 4.794313525809089 3.989850899212522 1.0792967121446386 0.18747858077060603 0.3792351027413808
4.225410139037794 5.277221728441292 3.808114263753154 4.911606435374404 3.926216650486016 0.5933825766175881
3.531021111520846 0.36948075873380776 1.327402889382785 5.9857831782197275 5.1179342640784276 0.35211586582567606
5.7524738097490795 0.3769032896477628 4.823817450267411 0.395237446228009 0.2194434473107431 0.26810124984930606
1.9450511359666516 2.8834836148635326 3.7514082712227887 2.3706701380564 2.1842394565742307 1.2898850344757107
4.53505456941522 5.246922014528622 4.560954985915985 5.9245652696613496 3.108832179701671 0.42723069323993385
1.0291596729248735 5.4381021935395415 3.013944081684093 2.729032985886399 5.02701682285584 0.5260121237471519
0.16393066110002902 0.20384939701292976 2.6469540056363456 5.616843220161635 4.7648187728992895 0.3231138590767054
5.081834327091644 2.4326605017633978 5.088285912493499 3.3390975992152803 5.898453530065123 0.44379617910155367
2.3545118481848526 0.6997316086760976 2.6416196729764003 5.1582651985384045 1.155410923590417 0.5291861056872021
3.5113534610711716 2.0598249325844264 4.10832169672648 5.167420142151216 3.341419427191571 0.8204747302324449
4.392627589225788 1.95643084787131 5.1244222579572085 3.4080564928177903 3.0858530335640397 0.7864418091236959
5.886973845109374 0.595090547455698 5.604643434398535 3.7380195550663426 3.9333480449358014 0.3660565121327745
0.9638818631695485 4.454475209629844 2.5463355190793777 3.0207297773218444 2.227841291573144 0.8289299566558513
3.7621676026265267 2.9652966898016597 2.888174085904824 2.9208811100929983 5.711832845601696 0.7719083416983427
0.7116032315758061 5.424750247052989 4.674702617920228 2.2459387324756364 3.6415665641086488 0.5024868465940163
1.0760125237742673 5.741808865685363 2.8395689519222174 1.2510835838151781 2.873820978068485 0.5176087504560296
4.0217669242400325 5.353815633988248 4.382925845205767 4.657749809972699 5.584510474368932 0.43620942308696475
2.0951806134426674 0.2788174244195873 5.062549372468062 0.5265107864844372 4.683583108822932 0.37835443910266886
1.3057476926198104 3.34887495359094 0.1506752385003915 0.3312825290755845 2.946956959767064 0.4303718082220184
3.839020769770182 0.6098533964464061 2.8697073491259992 4.686655923422235 2.5786813613467974 0.6917518765140309
5.461369461893689 2.3948531865661087 2.5521232351042107 3.2990297508296735 4.612618457866472 0.6985633987140737
5.162128485521891 2.6787663963626738 0.31169640521916947 4.72537007933292 1.8291798754917414 0.4683251008929052
2.2419511352894865 4.464623407180478 1.829894049670594 4.362047677302731 4.134722862137246 0.8175493448234814
2.1603052966176772 2.968475744582787 2.128853699440202 5.578635613505377 5.648486477669164 0.4968001326967943
3.060094216264581 3.8179826563004866 3.4327935292958243 2.098840101935078 2.502247429877214 1.4451151140810206
2.270086684297432 4.734067914773691 1.914109821337769 5.028361853185262 2.701826287389652 0.7182833803669876
2.7703683497643836 4.70655151350534 4.039636416489345 1.7448165998720202 5.357792984101588 0.6180253611036375
0.9938299489968645 2.7268822277786455 5.467162434048569 1.514564258070711 4.754170754572297 0.48852368830966403
3.906791066764484 3.0409665761626403 1.3437224308782303 1.5668185565976547 2.0637941854878017 0.8697396144067647
3.8201532940102156 5.3604914527394065 4.532177489861618 2.920444145578066 3.5332032917477427 0.7203171318923082
2.6516159042813934 0.9759059357116595 4.032503527514948 3.7677766141461984 2.3713038949419096 0.8873798292629507
0.11795476079842233 2.121908286778015 4.912491380533829 3.4716102988040656 2.22624486941335 0.5389102242528097
2.286330310880016 0.1125479283777104 6.0105860662053106 6.004870356002516 5.767304170243553 0.2525408731977081
0.4399069332777276 0.643654573424155 2.5380442676417703 0.5615653026105913 2.230669795018769 0.41915230768383704
2.929740604561257 1.4248045419062123 0.6587184688795906 1.8784791217386574 0.8795715732122029 0.5341366145419322
1.9822419175663277 2.8931487380613303 3.947823524970894 0.24668683623522208 4.828928207792683 0.5595554472696612
1.053416761392057 5.712127912088772 2.338624699592495 0.15661353026764585 4.654909128391284 0.36488610193437865
3.5322019925963746 2.713285800786975 5.369888836346056 4.500531520075159 1.9895809292846547 0.701539806806561
4.102231504808688 1.8900031049882218 5.025238768608763 1.9049369126877 1.6051710808859618 0.680581827012292
4.461252944136841 3.2452229631596428 4.064241706173318 4.461354133175564 4.328564974436238 0.8177520445599719
5.849600446163358 2.241310512521692 2.878468249969292 1.8525472920486865 2.0541419121637263 0.6280658387497455
1.4318524066252851 4.840781396733717 1.9709917327040405 3.5049257009390593 4.660117045444485 0.6703599204684872
2.6805839979376067 4.77461951364276 4.959404544084117 2.1135808893195756 3.318319028554213 0.7705565407040085
4.910562464339691 3.19970987219591 4.2329128206077575 4.883969023819366 5.478216637392818 0.502484687009513
4.254079310310746 3.4348688863742955 5.278264574893567 5.448541838778499 0.06324509715338818 0.37633313424939036
0.96604409002592 4.409781145665776 1.646549066755616 0.12887941915389195 2.431788533181061 0.4646303273564167
1.4656444957107813 5.8791808371182315 5.395405124651853 0.9514308149057105 2.2781096762080284 0.3831468099594475
2.910003963012362 4.499679010149478 5.484847537959613 4.159215263956583 6.027127238800808 0.4177304336616838
1.555057813207662 2.2449742287285552 5.052080797622415 0.5182905259071435 5.860986827301092 0.38148886360796563
0.2565162616798486 1.8055489655816979 4.787056118557845 5.273478597972416 1.332507824987795 0.39846636740632774
5.538984317528338 3.6009996767598436 2.196227922097508 1.6150524125719028 2.459310432432356 0.681936750886297
2.4754144058354823 3.586120420358174 0.11720108942963976 3.1261819671581397 0.09053437575770991 0.44622599958537956
0.9171989473989461 1.6036409162619427 3.5940523681579806 5.223571473689195 3.983170648694235 0.5697462976633139
1.6221389762371565 1.5215455130706554 5.682289110224109 5.065050193479004 2.3097391020585865 0.47573974788514917
4.893916651422554 2.1832456711626604 4.825410579999761 0.4876549374218268 2.8879722421000644 0.5288050800005766
4.825999981914961 0.07174420746898443 2.3721778204782114 1.7551848316931775 5.4812566294022815 0.3998509695659685
0.7496982348793539 1.9274775387360323 3.7967762805747842 4.5584651186716725 4.277435734666623 0.6285485301393923
5.561046658529518 3.6492972880818453 4.782995211211805 2.0224574517824814 0.9517343617551473 0.4923537357245437
5.0896880031304566 2.9527658296402723 0.18760245888694754 2.7473804607187526 1.2749885032496946 0.4921722890880983
5.713562359433578 2.6704021128048208 1.212078692357247 4.556764124192049 4.767134992886514 0.4713646300789029
5.625170473187891 1.1378617140795562 3.9607587291921122 3.8274903133362557 0.8298616073752427 0.4613317024627855
2.9846728261855286 0.8398125195795527 3.546621162156356 5.2792363109309495 5.162847509167622 0.5040762865691921
2.0047369869098106 3.7356332272778356 0.09714200815610648 0.19572384736603116 0.10450955135453928 0.32044997421779753
0.63561779062588 2.106435805821738 4.605262416722732 5.651434084235345 5.6454429722902555 0.35721814277565533
0.97457898748442 3.053201261730597 1.9897278960814337 0.18290166134029268 3.147278830000257 0.5529889348454881
0.7179503644951122 2.3619754964199653 5.359005829540418 5.667678648929378 1.9408248046913805 0.40953234399754856
4.621519048659234 5.447875994904337 5.718549260866571 2.2080856813347367 3.5441938880009864 0.4558881223346945
5.154262091471938 1.0071957919094352 5.4852971904771755 5.8216152225719435 4.064955897509718 0.34620692924900615
0.8850243709585879 2.5395863557414544 5.141158245212724 1.4195731144568373 1.2768373455773547 0.5066703162217836
3.513152258004612 0.9370919284953796 2.8370943109617555 3.7022522657714525 3.0134082854636812 0.9961358652788914
4.264240413409901 0.11470365960761582 0.22333709206931224 4.973696368253951 3.0920018213325955 0.3768318163665583
4.082839309244078 4.734092032230718 4.866288841699835 1.2654460729737642 2.6925723690001933 0.6342827574670102
2.106883228099261 2.7521919361870353 2.8305054829086975 3.2116764437402043 3.8655562073520997 1.496605117193603
4.55137543593369 4.324266079591606 5.692774663622781 3.630139292820238 2.708367337693731 0.5919399005441544
3.6360742196655425 0.34452549037256225 4.716412601301037 4.953791293471495 5.876195120179514 0.36374209632253285
4.02215228519047 0.3285098617581314 2.2037649683478326 5.508286786175741 3.9892197087550354 0.4742549893574042
5.372106904456307 4.890406760674707 5.716275342096562 1.5647578822680324 5.494496003967885 0.33488372361875646
3.6372703198363556 2.426631564806856 2.253056425171102 1.7150053297797108 1.3992523869412903 0.9518013733117403
1.4282596039132518 0.9334703524989298 5.099033304038683 5.967003150663621 4.107185411038692 0.3820319567106122
5.830932600456101 0.4314384075142343 0.21124591867197634 0.4370080805359983 0.4333277534991759 0.24663606066818283
0.6032672041211857 5.6504504555136945 3.9221898502776824 0.6640533846918102 2.1519149573931413 0.40329825929299906
5.500026702464798 0.2860106187335711 4.682892984198219 5.2027037891838095 3.7390725332410932 0.3724931278167957
0.7030547144270645 0.522778538456804 3.096180898339461 0.9169748163434164 0.9395305657701436 0.3998982213471166
3.503112893254447 2.102965319025172 5.620394840848696 3.761499178264349 3.5061046091331916 0.7267290917322227
3.3081742852836817 4.065363249668798 4.9121897760821485 1.4638806196332121 4.504487588096494 0.6891995574596196
0.8677000649335058 2.427499730449775 4.183954082992218 2.855193161755216 2.242854948638178 0.8424284370405837
2.2464114475844603 2.4237200593768087 5.774245575051135 0.9458714550947978 0.8647144350733682 0.44692095642155244
3.1216613169472254 4.340014873443146 4.913783852031783 5.130945525419825 4.374104652728883 0.5916423746775273
5.0009282115640925 1.001483569705742 0.3655117314787923 4.176608136217165 2.273243091841035 0.45764721310180906
4.825115305037787 3.4830598010600005 4.051898306134562 0.6111658743581765 1.4059710167668937 0.5580874253912289
5.796483763551708 0.5218810105555172 2.6694414653202645 1.393276212214935 4.025798821201331 0.44044154214306197
2.805340171721767 4.211160769725887 5.346842988371433 4.3228273575182765 3.8823073888461685 0.6877194358471804
4.629457373332733 2.841540588668118 4.647353808103415 3.747905642360064 2.5730256909291978 0.8980138917272021
0.6605838419087018 0.773079723006532 0.13935675522491592 3.4635904728663514 3.3101757879597766 0.41794755750027046
