0.1325344165113589;6.875817283996301;195;7226464 ;
0.1037346502625294;2.613607536845525;160;7243616 ;
0.12132174622850654;2.6344959375304255;256;15999488 ;
0.1912292971494497;3.0390266959917396;209;10059568 ;
0.2464380351255493;2.7594151033376004;206;13505488 ;
0.21682739405108084;2.5054837972048567;105;11648776 ;
0.1539015320808467;4.9315040761117475;182;12563888 ;
0.1835459412941307;4.836278758459363;204;15862392 ;
5.551115123125783E-17;7.0;5;6642560 ;
5.551115123125783E-17;7.0;68;12292280 ;
0.1980944145923595;1.5985440792745031;195;9706312 ;
0.19662601948088315;3.2786092392665886;141;20176296 ;
0.22408255677746713;5.227362452943959;149;11831736 ;
0.06932079084041003;4.500152350056068;145;16211008 ;
0.22392813225383273;3.759471575673252;189;15945768 ;
0.2796372608238058;4.896538502904236;277;19333600 ;
2.7755575615628914E-16;10.62578328264081;167;12711200 ;
0.1963588571120134;8.838635129306315;242;15078232 ;
0.1856372655741914;5.719774660410835;147;16809472 ;
0.1772740949229729;3.9574335474753823;159;17232432 ;
0.1833825372226484;4.370823564089582;202;19353648 ;
0.1334871257821858;3.9140872813277054;163;14510432 ;
0.22394335633254348;4.519862659743151;187;21227432 ;
0.4273743405040546;3.731667150636349;217;14058688 ;
5.551115123125783E-17;8.5;42;16040200 ;
5.551115123125783E-17;8.5;35;13589424 ;
0.3014834540526985;4.5091233590063835;219;15660016 ;
0.19004152474722194;1845.9347065171435;174;11819344 ;
0.03210501119399879;7.016501784822667;144;12726176 ;
0.11076325769513622;4.14176159995539;173;15704584 ;
Average---
0.15676910042039585
Average test---
66.39121559753848
Average size---
165.23333333333332
; Time: 250172--
 00 hours, 04 mins, 10 seconds
