1
19.630305889129435 3.547739657143682
2.526765957290121 1.5
35.21924514615649 4.146781419016861
19.587500744346993 3.547739657143682
28.378226774536945 3.927171038966368
23.19805349489773 3.73429151108684
3.1710676573232983 1.8333333333333333
11.750701809932536 3.0198773448773446
10.067720502014213 2.9289682539682538
3.753317080891199 1.8333333333333333
37.897380298303574 4.201586223821666
32.73005621091598 4.05849519543652
8.957429873449492 2.7178571428571425
18.9103492731424 3.4951080781963135
37.24825548606467 4.201586223821666
12.119247868911007 3.103210678210678
17.87503949587425 3.439552522640758
28.29463709441668 3.927171038966368
34.94493568660415 4.118209990445433
46.17219291089818 4.416687245986104
36.526814184064925 4.174559196794639
1.0402139829663999 1.0
34.985452746369944 4.118209990445433
1.5199461784337913 1.0
22.77634720393478 3.690813250217275
4.127636603628494 2.083333333333333
20.73445057294211 3.597739657143682
15.54178291603004 3.3182289932289937
13.798755589550904 3.180133755133755
19.074199343423334 3.547739657143682
7.838736587650587 2.5928571428571425
46.22604904425245 4.416687245986104
28.674631027335 3.927171038966368
43.11559556717268 4.349998620601827
44.44105347282267 4.3727258933290996
33.32812529494392 4.08879822573955
40.27684722049096 4.278543038936376
43.024935895848934 4.349998620601827
29.484583062168152 3.9616537975870574
34.25627543561283 4.118209990445433
39.63881045119829 4.2535430389363755
4.311001504065077 2.083333333333333
17.704694249227067 3.439552522640758
45.986192796345364 4.394948115551322
21.710071772735564 3.6453587047627294
32.7113560032339 4.05849519543652
34.18781372408728 4.118209990445433
29.732116852724914 3.9616537975870574
46.25607053347761 4.416687245986104
19.363134435761133 3.547739657143682
27.266412660498595 3.8914567532520823
46.22449221389472 4.416687245986104
13.158353261122686 3.180133755133755
8.28677575927232 2.7178571428571425
31.387378445519335 4.02724519543652
33.30310957022103 4.08879822573955
10.045633344621871 2.9289682539682538
39.40374153493205 4.2535430389363755
33.73044266650578 4.08879822573955
18.1688410888703 3.4951080781963135
27.238294328383855 3.8914567532520823
46.600337124808505 4.416687245986104
24.851358062209986 3.7759581777535067
32.2999315724326 4.05849519543652
45.98845834324173 4.394948115551322
25.333125658324818 3.8159581777535068
6.783559074156907 2.4499999999999997
37.88491654730355 4.201586223821666
19.14852747848591 3.547739657143682
8.18494176672754 2.7178571428571425
37.600865509035486 4.201586223821666
2.317432047585985 1.5
5.649249973548184 2.283333333333333
1.5559546006881224 1.0
18.187080017047926 3.4951080781963135
3.0424541012833304 1.8333333333333333
21.207565957710205 3.6453587047627294
37.257166141656626 4.201586223821666
20.363655901995614 3.597739657143682
24.452597870904178 3.7759581777535067
49.1421463585992 4.4792053383294235
16.341903942259076 3.3807289932289937
8.602985388088548 2.7178571428571425
41.925340412882235 4.302933282838815
6.7403055107677785 2.4499999999999997
22.406007285140888 3.690813250217275
10.439532647625187 2.9289682539682538
17.907011737601625 3.439552522640758
22.78669521216872 3.690813250217275
6.471555402438274 2.4499999999999997
40.704536864540906 4.278543038936376
25.474951702555288 3.8159581777535068
23.20053488360489 3.73429151108684
3.710858703946208 1.8333333333333333
35.42848149324828 4.146781419016861
16.794456239952005 3.3807289932289937
41.58137463539452 4.302933282838815
14.31979615555867 3.251562326562327
46.680544959686785 4.416687245986104
48.13390568401804 4.4587971750641175
