11.06806726113113 20.900628249753428 16.1

8.688034165539614 19.9462062401284 13.85

6.737038818108969 17.668615340051307 18.85

5.834643046698065 15.131470220053224 15.4

5.332854201788101 13.53433766083337 16.85

4.767784640653735 10.564334541903253 16.85

4.359803162293998 10.500779420509783 17.9

3.8956853920838697 8.258880958332742 16.25

3.7420934738385276 8.258880958332742 19.05

3.4549567990475785 8.088546609839717 23.45

3.2076456300174763 7.8819098057036605 26.65

3.1374442181504256 7.8819098057036605 25.25

2.934047674837129 7.8819098057036605 28.95

2.8049121045632535 7.8819098057036605 33.2

2.6944314874453417 7.164836546929853 33.3

2.6674356198726565 6.652810263191182 31.05

2.567616156927486 5.562395966285739 31.7

2.532874254016531 5.562395966285739 36.65

2.446077297758638 5.725717163322523 41.6

2.3882017910135898 5.67327479210361 40.2

2.3683200716393737 5.67327479210361 34.8

2.3423207601503937 5.67327479210361 39.5

2.2957524766677855 5.67327479210361 44.15

2.246338258574729 5.67327479210361 41.45

2.230070140811919 5.854866237730644 41.15

2.21096071987191 5.5423099881583955 43.6

2.188733835891747 5.5423099881583955 44.85

2.1863689211047173 5.352383077679361 43.55

2.167426227130499 5.352383077679361 43.85

2.1606687664370763 5.352383077679361 43.55

2.1604372481975758 5.352383077679361 43.35

2.153271573812053 5.361489754586576 45.35

2.155146048736356 5.33865545420675 45.35

2.150559266342459 5.361318261232155 45.45

2.1466666567685406 5.378381619805349 44.3

2.1368876811723965 5.367228743790875 43.95

2.1336378883778724 5.196632579744962 44.15

2.129031958393549 5.196632579744962 45.7

2.1258889532140413 5.186861036659578 46.7

2.1163960213114263 5.295080633460016 46.45

2.1169151364898955 5.295080633460016 47.05

2.1155786464083564 5.1475784198772665 49.0

2.099973106995527 5.175464896228878 47.65

2.0952561122131286 5.2456737764284265 47.35

2.0912237295501312 5.2141942814357645 47.5

2.0905920801111253 5.201489421234674 48.7

2.0898042735563944 5.236737274302181 47.85

2.0893230490596437 5.236737274302181 49.25

2.0793612011829525 5.228561081200559 48.75

2.078518454472347 5.219636160846974 49.1

2.07759585338499 5.219636160846974 49.05

2.0740891693231815 5.216373877679464 50.75

2.0694568209784494 5.216373877679464 51.5

2.065465110638942 5.2234716087738935 50.25

2.0638062522480025 5.212414960823643 50.75

2.0533159546215733 5.308857735293454 51.2

2.052653652866873 5.223717326026209 53.45

2.0461220298883394 5.223717326026209 53.2

2.0452661408983883 5.170624498716954 52.25

2.041227876270304 5.170624498716954 53.9

2.0411463619223875 5.170624498716954 53.6

2.0411463619223875 5.170624498716954 51.25

2.039520878042189 5.170624498716954 55.65

2.036127036012015 5.263005660673951 52.5

2.036001522532721 5.386974960959753 53.3

2.0334851950394506 5.263005660673951 54.6

2.0291585664729013 5.386974960959753 54.85

2.028892889810294 5.386974960959753 54.35

2.027817284897965 5.2394192455510895 55.0

2.027273531728311 5.2394192455510895 55.3

2.0239138077858128 5.2394192455510895 55.8

2.0239138077858128 5.2394192455510895 56.0

2.020622050013762 5.2394192455510895 56.05

2.0182296768254475 5.225828913691558 54.95

2.017398921712684 5.155418135143517 55.55

2.015649005775056 5.155418135143517 54.9

2.015500157382357 5.155418135143517 54.8

2.014945329921269 5.155418135143517 54.8

2.007719355299754 5.155418135143517 55.0

2.0058790969015035 5.155418135143517 55.3

2.005706203441153 5.154063906940992 55.6

1.999433293640535 5.154063906940992 55.55

1.9982485367815133 5.163908880664546 57.1

1.997667510925229 5.163908880664546 57.45

1.9962424334118551 5.163908880664546 55.15

1.9960390228746268 5.157492655547264 54.65

1.9958423964477816 5.157492655547264 55.3

1.9958423964477816 5.157492655547264 54.85

1.9956682123829317 5.386974960959753 54.9

1.9953985775626673 5.386974960959753 54.8

1.995398577562667 5.386974960959753 54.85

1.995260894340507 5.386974960959753 55.4

1.995260894340507 5.386974960959753 55.1

1.9950953399719633 5.386974960959753 55.45

1.994936204939539 5.386974960959753 56.05

1.994867051772657 5.386974960959753 55.45

1.994867051772657 5.386974960959753 56.25

1.9948226857843374 5.386974960959753 55.3

1.9948120543393546 5.386974960959753 55.4

1.9948120543393546 5.386974960959753 56.2

