0.27721620556372545;1.9645195234118757;185;14043168 ;
0.6053469575570121;4.07392013112415;177;12072024 ;
0.6425916959693561;3.8160393816343756;118;10149312 ;
0.4459359335454141;12.952612264389112;98;8056488 ;
0.46164548216993617;3.747113164488262;149;10945560 ;
0.416144725962654;6.454099695899485;237;13247456 ;
0.29853770138445523;12.69225148426339;242;18037576 ;
0.7702888071720473;31.232914754050455;136;16402200 ;
0.8361743954034744;8.731289507513821;271;18150776 ;
0.5655299640154117;8.396273274115341;213;14293936 ;
0.24968033114324875;6.478335505694562;137;16929648 ;
0.33750948339443887;4.812805056527967;167;13809416 ;
0.48682959856330543;4.650488133768966;165;12745000 ;
0.4039084614986691;3.3414172896967886;189;14546960 ;
0.2836971587209927;4.065186878652739;229;16677928 ;
0.47117592100926986;3.7536789092074487;125;12616960 ;
0.4236820380050378;8.323001769569146;171;13914904 ;
0.4713050164722969;8.101065043830786;177;15024376 ;
0.4350786896238611;10.346934189883415;184;13902968 ;
0.47271925512933377;6.308265645838447;108;10931040 ;
0.2394369122590495;13.682184768659912;217;13025936 ;
0.6324302032886034;6.2731751880454905;164;8116088 ;
0.606662111732853;20.483566869336023;201;11881728 ;
0.4876271724928486;7.376744150119251;183;14153656 ;
0.3161269546352113;1.8096588350663338;133;14461784 ;
0.6430213908746876;16.213694935696257;205;16957232 ;
0.31917576448889307;7.466719060802063;180;17942808 ;
0.5515064829287799;6.908822089377747;173;17072200 ;
0.3388150325219167;4.606642317996231;126;13676472 ;
0.4886805920839613;4.857545758145931;222;21644944 ;
Average---
0.4659493479870248
Average test---
8.130698852560192
Average size---
176.06666666666666
; Time: 300305--
 00 hours, 05 mins, 00 seconds
