3.116991798817497;7.117983209608529;206;19480728 ;
9.750184614730607;23.42044026902023;349;28330696 ;
5.233096468331441;15.157376112407217;244;16210048 ;
6.5629846878463844;21.601357341139767;248;22053784 ;
3.1551698499986047;7.117803671592709;111;21093184 ;
17.49228454969736;38.46378113485768;220;20889368 ;
7.161870689630087;16.204926916643412;147;22612776 ;
8.886295989711869;18.469111667469594;199;11392648 ;
10.955993266458433;22.509324629820007;292;23296896 ;
11.79009339674918;24.221201125869797;231;17253168 ;
6.722292424298729;13.633522630598183;116;26623000 ;
11.82101049635831;24.153888262519565;210;13465720 ;
2.6638848866320366;7.517239251612469;222;21082584 ;
2.5382358232297078;5.705532155257717;144;26072392 ;
2.2822977717434734;6.381446437384469;342;27079496 ;
2.451332589705347;6.929755045981453;320;21322704 ;
10.66973772292069;23.419807660648143;196;14827432 ;
3.2859305569703707;7.084832545696565;123;23963248 ;
4.974090127746621;10.764349794089114;153;19849848 ;
2.392601091704166;6.014068211156913;163;18089056 ;
4.012246486838948;9.380270917270648;217;21541728 ;
7.194723312123307;14.600733580195413;99;19211760 ;
7.657653600409969;15.93768349862287;251;20340664 ;
4.727458691032478;14.325040614744577;180;22442856 ;
5.610034438484316;12.660853410776188;171;16763848 ;
3.5044903722177407;7.011919838849964;215;20290352 ;
3.772339418017871;7.583596061030969;139;8736968 ;
1.6783163838672959;4.7707071022929215;215;12372912 ;
22.70783395070371;47.34159570683278;167;27638240 ;
25.18330181593553;52.24205685106092;179;17940432 ;
Average---
7.331825909097068
Average test---
16.39140685516836
Average size---
202.3
; Time: 800802--
 00 hours, 13 mins, 20 seconds
