42.50767078936419 52.77381680342388 23.4

33.95707438597841 34.416857186404506 21.2

31.80279258254281 26.100227873199685 35.7

27.465188755266375 27.087457251003976 52.2

24.60292396939809 25.78423556371882 69.6

21.464454520163287 17.253563766319452 69.4

20.06198639125495 15.295117730137523 82.3

17.605020937448465 11.516058372787981 91.1

16.996608227960316 12.598709281131843 96.8

16.074139649425533 14.882713949721282 115.5

15.195872553192686 11.01881106449524 109.6

14.084601908181975 10.381053419103218 117.0

13.40729686833858 10.73259088844063 123.6

12.72851421192233 11.57635035200892 116.3

11.910692982523177 12.329845591465237 125.9

11.43685904997271 9.705740062681054 120.4

11.076942119641142 9.959831211146096 135.1

10.710201184142372 9.959831211146096 133.9

9.973619962517855 10.990328464145751 136.8

9.737245275211956 10.3663018991414 123.3

9.444071420837082 10.282493031871727 121.1

9.158653241244366 10.282493031871727 120.7

9.126852327158598 10.287701843203951 119.0

8.609697149521484 10.541818924950245 127.0

8.487897656011228 10.743410355842911 128.4

8.318053310890292 9.241571502031189 138.8

8.029569019659828 10.097753999677007 136.5

7.903738677221865 9.97672712575863 136.6

7.6113948480986 9.923469067287089 157.3

7.498003880165061 9.923469067287089 157.2

7.314593720220503 9.29190972277129 158.1

7.228737874139864 9.978802425467784 149.7

7.009576023196068 8.609771231837605 154.6

6.89208189201391 8.765942676875971 154.5

6.778708182054606 9.104317454722043 146.9

6.657582922417907 9.491593987296065 152.8

6.600242183954566 8.196210915351031 159.0

6.487724496588351 9.068313199933241 163.1

6.375479827130818 8.592315134778866 161.6

6.141648147159271 7.468383713637423 163.4

6.192055530675868 7.865477352168462 160.7

6.024896330887539 7.528183483830781 165.9

6.0083287478092045 7.528183483830781 155.1

5.935393824692222 7.390121906318368 161.0

5.816070586584524 11.677484115232277 168.6

5.666995874463803 7.810982759333369 167.0

5.618741672151994 7.810982759333369 167.8

5.548038217067696 7.810982759333369 170.2

5.495722151914109 7.811354549397953 172.8

5.3606619978937635 7.5850244238033655 175.4

5.2489319477065255 7.8569715329994185 178.4

5.245503567688404 7.8569715329994185 177.5

5.15927629692657 7.8569715329994185 174.2

5.123490943622337 7.858507595959939 181.6

5.033498486860124 5.950527091815565 184.2

4.959287951576961 5.950527091815565 187.0

4.9794647186143575 8.175160040260344 182.3

4.864099255083775 6.59108170294446 186.1

4.817958224160284 6.613372427794525 187.5

4.75714600223904 8.000873931219143 187.7

4.714913519472159 7.508570339969403 185.6

4.639136549566654 8.164540209739924 189.3

4.6359697346357 8.091997818938744 189.3

4.539124917533634 8.091997818938744 186.8

4.552799361507728 8.091997818938744 187.5

4.523625704057855 8.091997818938744 191.7

4.459778557790978 8.13532900162373 193.0

4.4185220626752635 6.760151135742669 192.7

4.413532561418713 7.573879414714359 193.0

4.387369392935323 7.6483196700855745 204.0

4.367734456949636 7.6483196700855745 201.6

4.2692308592779495 7.274324486677358 201.4

4.24534068885017 7.274324486677358 195.7

4.202249370573779 7.552117206856746 201.3

4.203751494976052 7.552117206856746 200.9

4.169617118385114 7.644480973045696 199.6

4.151899951448519 6.381691578541443 203.0

4.0576058759836835 6.381691578541443 199.7

4.027865780193194 6.381691578541443 203.9

3.967878711391227 7.519267214069115 199.8

3.9980222182650245 7.577091990470056 198.0

3.9755538046420247 7.2552927843495 198.1

3.945132473700352 7.069067074654885 202.3

3.90021765325296 7.069067074654885 206.0

3.899857887576773 7.069067074654885 205.9

3.8663445000247387 7.287302268743998 211.0

3.861273493982801 7.287302268743998 210.0

3.848520352894366 7.267401864211717 213.9

3.8249500495869393 7.604579208113635 213.0

3.806338426147504 7.604579208113635 210.4

3.7451223276396144 7.27747626542198 211.5

3.7727607874342888 7.688722930189964 210.1

3.753365047031636 7.688722930189964 211.5

3.7309247750460677 6.10154271317162 217.6

3.7104675630533883 7.25498446219501 211.8

3.6794643436508254 7.494565112381858 215.2

3.6617481766310194 7.494565112381858 220.5

3.6527057251133934 7.101210641842229 221.3

3.633833808961801 7.139233756015939 218.3

3.619783086079919 6.869735409464782 215.2

