0.05930678351585483;0.69068020679745;218;14876880 ;
0.10069618998944341;1.1856297004657115;128;10075640 ;
0.05294643488243772;0.9845186905984016;132;6907928 ;
0.20875813536951865;1.5137865565112392;159;13879904 ;
0.01819530241259637;0.3776396942154984;104;9034168 ;
0.04305053881556309;0.7759040539305954;214;10147520 ;
0.052893322509060536;2.070776943458567;89;14571568 ;
0.00617227932370118;0.38267084888172176;112;6586440 ;
0.04260986910473674;0.3961856650288416;152;12410032 ;
0.04154550117952177;0.7162313734945303;139;7181480 ;
0.009738298179245097;0.05406915043510141;191;11974592 ;
0.03869182885070255;1.4960863551121457;253;11843208 ;
0.03719369190909477;0.8629271825059688;235;10977072 ;
0.04688101945728573;1.3239233746882795;85;5781048 ;
0.045626926883747976;0.7085905914575447;120;11856432 ;
0.0011757559735247058;0.01914917731535437;169;8821816 ;
0.07301894205921144;1.5262325889854447;123;7939136 ;
0.048804652199351706;0.6389955435607391;158;11509520 ;
0.0412783013025117;0.3800460970529259;210;15363392 ;
0.022189379305313672;7.155143850783903;175;9651072 ;
0.050494153837006395;2.7960257174991887;108;10631336 ;
0.05324557286334375;0.7105341354344651;119;4605456 ;
0.011619003231580882;0.7887589194520137;172;10634392 ;
0.13643187148748603;1.8750109173404366;209;10532936 ;
0.00419967504062313;0.03700089865663858;97;5447312 ;
0.04406161706755041;0.4827320451100517;156;12625784 ;
0.07236387152614326;1.8711817945866753;190;11415384 ;
0.04614025331879462;1.1152352568503145;197;9835256 ;
0.00974363948869239;0.4977984549697674;128;10497752 ;
0.043712774387156594;1.091326014415017;134;13270528 ;
Average---
0.04875951951569337
Average test---
1.1508263933198177
Average size---
155.86666666666667
; Time: 332745--
 00 hours, 05 mins, 32 seconds
