People requests (id, time_call, pickup_point, delivery_point, early_pickup_time, late_pickup_time, early_delivery_time, late_delivery_time, max_travel_distance (m), maxNbStops)
2	21600	15126	19458	21600	22500	21600	108000	28130.39066574055	5
4	21660	10060	5790	21660	22560	21660	108000	30131.79025833307	5
6	21720	7124	4824	21720	22620	21720	108000	9917.011502879333	5
8	21780	5910	21728	21780	22680	21780	108000	20622.60656994162	5
10	21840	1610	1621	21840	22740	21840	108000	650.2097956144635	5
12	21900	14002	2799	21900	22800	21900	108000	5103.769680979154	5
14	21960	15638	15416	21960	22860	21960	108000	31255.08496875483	5
16	22020	16802	7714	22020	22920	22020	108000	16806.136345171228	5
18	22080	9104	12361	22080	22980	22080	108000	21329.92153763761	5
20	22140	489	2732	22140	23040	22140	108000	16240.669127771502	5
22	22200	7271	959	22200	23100	22200	108000	10450.624128334919	5
24	22260	3901	4315	22260	23160	22260	108000	16461.47740577761	5
26	22320	12274	9043	22320	23220	22320	108000	13218.352299209664	5
28	22380	5601	18032	22380	23280	22380	108000	3966.223924767569	5
30	22440	1920	14109	22440	23340	22440	108000	26208.049555084403	5
32	22500	18226	19649	22500	23400	22500	108000	43143.31149874576	5
34	22560	14483	20171	22560	23460	22560	108000	35241.52435784894	5
36	22620	18283	21917	22620	23520	22620	108000	23420.09932392638	5
38	22680	13963	10604	22680	23580	22680	108000	45618.31601549199	5
40	22740	11121	17428	22740	23640	22740	108000	22037.06454051896	5
42	22800	57	2795	22800	23700	22800	108000	10038.254623366276	5
44	22860	4224	1827	22860	23760	22860	108000	28721.282589345574	5
46	22920	11533	11511	22920	23820	22920	108000	14927.67963377052	5
48	22980	23903	7650	22980	23880	22980	108000	53419.260965675276	5
50	23040	4539	6282	23040	23940	23040	108000	12126.044726786879	5
52	23100	1752	3255	23100	24000	23100	108000	32076.16261899313	5
54	23160	15772	18890	23160	24060	23160	108000	42874.195311077994	5
56	23220	2726	12304	23220	24120	23220	108000	28027.44051421078	5
58	23280	3564	3330	23280	24180	23280	108000	11902.25725713343	5
60	23340	15566	14877	23340	24240	23340	108000	12089.408077179145	5
62	23400	8959	3081	23400	24300	23400	108000	25706.100997290858	5
64	23460	14111	22578	23460	24360	23460	108000	24305.11539000816	5
66	23520	14039	14525	23520	24420	23520	108000	10960.989918248777	5
68	23580	12435	10933	23580	24480	23580	108000	22367.397992310536	5
70	23640	2279	6288	23640	24540	23640	108000	18346.445506199976	5
72	23700	21715	17235	23700	24600	23700	108000	44701.607074574	5
74	23760	5488	6338	23760	24660	23760	108000	19625.7047636145	5
76	23820	19994	8123	23820	24720	23820	108000	48705.05419515914	5
78	23880	16856	7719	23880	24780	23880	108000	24558.37862489606	5
80	23940	20298	14470	23940	24840	23940	108000	97806.32956242145	5
82	24000	12302	22494	24000	24900	24000	108000	20269.93001607811	5
84	24060	923	21982	24060	24960	24060	108000	35783.468221406416	5
86	24120	23929	22333	24120	25020	24120	108000	49489.371348949666	5
88	24180	22314	13865	24180	25080	24180	108000	48621.402803201	5
90	24240	7972	3227	24240	25140	24240	108000	16760.46002318917	5
92	24300	13013	21941	24300	25200	24300	108000	58981.95074756787	5
94	24360	17711	24020	24360	25260	24360	108000	75953.06395390735	5
96	24420	20275	281	24420	25320	24420	108000	33487.63300577108	5
98	24480	5452	10056	24480	25380	24480	108000	13631.51947955606	5
100	24540	3698	438	24540	25440	24540	108000	47329.00677929208	5
102	24600	11957	21374	24600	25500	24600	108000	47834.08450168732	5
104	24660	16208	23259	24660	25560	24660	108000	22079.506907903775	5
106	24720	10015	23621	24720	25620	24720	108000	45047.502248286044	5
108	24780	21675	7393	24780	25680	24780	108000	60938.74039756969	5
110	24840	14103	7953	24840	25740	24840	108000	30723.51468125076	5
112	24900	21955	21846	24900	25800	24900	108000	1616.9166251168863	5
114	24960	23044	10791	24960	25860	24960	108000	50837.18376756605	5
116	25020	21824	1595	25020	25920	25020	108000	7047.958809191891	5
118	25080	23081	3115	25080	25980	25080	108000	15106.062749471505	5
120	25140	15113	6283	25140	26040	25140	108000	21776.11006589112	5
122	25200	22136	12055	25200	26100	25200	108000	38145.13294395654	5
124	25260	20334	2905	25260	26160	25260	108000	25867.43604668135	5
126	25320	21615	22573	25320	26220	25320	108000	6738.07492500718	5
128	25380	2258	12919	25380	26280	25380	108000	16972.61233562573	5
130	25440	16038	1763	25440	26340	25440	108000	6139.158572296879	5
132	25500	19104	16859	25500	26400	25500	108000	29264.97066961983	5
134	25560	14248	16470	25560	26460	25560	108000	6821.55143722854	5
136	25620	22393	1885	25620	26520	25620	108000	20322.920513643257	5
138	25680	10033	19031	25680	26580	25680	108000	49492.15293876932	5
140	25740	2274	7478	25740	26640	25740	108000	26759.7975056482	5
142	25800	10578	22914	25800	26700	25800	108000	58801.785306358215	5
144	25860	828	11027	25860	26760	25860	108000	22452.013805607738	5
146	25920	11477	5603	25920	26820	25920	108000	32220.40876534557	5
148	25980	6439	305	25980	26880	25980	108000	11278.935935064925	5
150	26040	13274	23861	26040	26940	26040	108000	18521.987451110894	5
152	26100	10732	19541	26100	27000	26100	108000	32246.86838372762	5
154	26160	4370	13314	26160	27060	26160	108000	23125.329602415728	5
156	26220	18415	12935	26220	27120	26220	108000	53061.888009799455	5
158	26280	1472	23252	26280	27180	26280	108000	9438.240079099489	5
160	26340	3360	14790	26340	27240	26340	108000	43181.581618965276	5
162	26400	6862	4466	26400	27300	26400	108000	4821.0464539490395	5
164	26460	5886	3673	26460	27360	26460	108000	12936.611707251743	5
166	26520	21133	5461	26520	27420	26520	108000	32797.338981376204	5
168	26580	22533	22340	26580	27480	26580	108000	44460.07573922682	5
170	26640	19335	12407	26640	27540	26640	108000	41417.47869741315	5
172	26700	12822	3920	26700	27600	26700	108000	24462.553260177687	5
174	26760	23078	22249	26760	27660	26760	108000	52531.42315438796	5
176	26820	879	15294	26820	27720	26820	108000	3073.566731818642	5
178	26880	8353	6020	26880	27780	26880	108000	29896.412863851612	5
180	26940	22610	18374	26940	27840	26940	108000	39140.60576835608	5
182	27000	22095	17869	27000	27900	27000	108000	64341.95153356269	5
184	27060	22191	7113	27060	27960	27060	108000	36133.34627415315	5
186	27120	22150	528	27120	28020	27120	108000	56356.05249248399	5
188	27180	15106	6098	27180	28080	27180	108000	42089.950504626	5
190	27240	3805	22153	27240	28140	27240	108000	13990.528401982594	5
192	27300	10121	15974	27300	28200	27300	108000	7108.720360380705	5
194	27360	19370	15554	27360	28260	27360	108000	25922.93474418185	5
196	27420	20297	4500	27420	28320	27420	108000	90543.3195452264	5
198	27480	20666	7022	27480	28380	27480	108000	40515.72626999874	5
200	27540	14951	14127	27540	28440	27540	108000	33984.09047878389	5
202	27600	4138	12048	27600	28500	27600	108000	22122.833964960002	5
204	27660	22594	1946	27660	28560	27660	108000	2930.2011842194165	5
206	27720	10500	23624	27720	28620	27720	108000	60298.754644494526	5
208	27780	5365	15192	27780	28680	27780	108000	75813.44902061026	5
210	27840	19131	21799	27840	28740	27840	108000	38680.44472456614	5
212	27900	14699	22816	27900	28800	27900	108000	10698.771792847718	5
214	27960	11204	7667	27960	28860	27960	108000	57071.53971066012	5
216	28020	470	2	28020	28920	28020	108000	9741.355565586451	5
218	28080	20390	14882	28080	28980	28080	108000	7713.396507659459	5
220	28140	2840	23524	28140	29040	28140	108000	17137.063879446745	5
222	28200	3169	16429	28200	29100	28200	108000	13990.05749370357	5
224	28260	22336	10730	28260	29160	28260	108000	75581.70233249501	5
226	28320	4378	10413	28320	29220	28320	108000	49108.56259874876	5
228	28380	17409	11004	28380	29280	28380	108000	4200.890803571878	5
230	28440	23565	7863	28440	29340	28440	108000	22714.4363778623	5
232	28500	1811	16503	28500	29400	28500	108000	18999.607766812787	5
234	28560	17739	6281	28560	29460	28560	108000	68885.93296195181	5
236	28620	15622	1015	28620	29520	28620	108000	40700.52927536068	5
238	28680	2145	20730	28680	29580	28680	108000	49675.483706312036	5
240	28740	2232	2185	28740	29640	28740	108000	10663.822025709698	5
242	28800	17927	11246	28800	29700	28800	108000	48995.872797074204	5
244	28860	7335	11475	28860	29760	28860	108000	53791.559038671265	5
246	28920	7030	7130	28920	29820	28920	108000	18882.690868545284	5
248	28980	14902	9158	28980	29880	28980	108000	39534.071727746086	5
250	29040	4084	19719	29040	29940	29040	108000	45328.40911359655	5
252	29100	12147	16756	29100	30000	29100	108000	20257.785766696914	5
254	29160	16805	15842	29160	30060	29160	108000	15666.30398441893	5
256	29220	6072	12789	29220	30120	29220	108000	15669.865414103522	5
258	29280	21988	12345	29280	30180	29280	108000	75337.1193774144	5
260	29340	11254	10988	29340	30240	29340	108000	38122.20062760678	5
262	29400	16729	18378	29400	30300	29400	108000	4160.821016516096	5
264	29460	2188	18746	29460	30360	29460	108000	63151.41083475563	5
266	29520	4508	11346	29520	30420	29520	108000	6386.534548252385	5
268	29580	16788	21964	29580	30480	29580	108000	15361.314168291805	5
270	29640	20553	22905	29640	30540	29640	108000	25596.02359823854	5
272	29700	23233	15798	29700	30600	29700	108000	39157.7848719892	5
274	29760	7731	21359	29760	30660	29760	108000	66210.94337521581	5
276	29820	23818	6356	29820	30720	29820	108000	15807.6065433271	5
278	29880	23913	16225	29880	30780	29880	108000	7481.405062841059	5
280	29940	6502	17247	29940	30840	29940	108000	11719.23266256529	5
282	30000	3172	18648	30000	30900	30000	108000	13653.73504920772	5
284	30060	10596	11764	30060	30960	30060	108000	36393.04345063499	5
286	30120	3114	10567	30120	31020	30120	108000	64329.92092798905	5
288	30180	15011	12059	30180	31080	30180	108000	12051.617321112084	5
290	30240	22569	16177	30240	31140	30240	108000	21092.229310338724	5
292	30300	12169	11685	30300	31200	30300	108000	15610.186235810985	5
294	30360	3600	23682	30360	31260	30360	108000	45300.77123065603	5
296	30420	334	3295	30420	31320	30420	108000	50989.420212666584	5
298	30480	9	10410	30480	31380	30480	108000	45813.930617224905	5
300	30540	241	3651	30540	31440	30540	108000	19299.75732692748	5
302	30600	20002	5501	30600	31500	30600	108000	28380.075790683433	5
304	30660	8298	19673	30660	31560	30660	108000	13857.475758233306	5
306	30720	8986	597	30720	31620	30720	108000	6635.005562901598	5
308	30780	5008	5472	30780	31680	30780	108000	24991.66717829748	5
310	30840	6191	15115	30840	31740	30840	108000	5851.31442317333	5
312	30900	1898	13389	30900	31800	30900	108000	23395.26960636736	5
314	30960	18206	23421	30960	31860	30960	108000	42498.4849531323	5
316	31020	4790	18707	31020	31920	31020	108000	68368.503526683	5
318	31080	12077	11516	31080	31980	31080	108000	26357.582344433697	5
320	31140	5556	13334	31140	32040	31140	108000	41475.31864918212	5
322	31200	18650	6308	31200	32100	31200	108000	22635.83665350459	5
324	31260	6661	19749	31260	32160	31260	108000	58219.3861762892	5
326	31320	7816	7911	31320	32220	31320	108000	21480.726832356635	5
328	31380	11678	21758	31380	32280	31380	108000	16784.956457472617	5
330	31440	21676	2217	31440	32340	31440	108000	45227.387121257656	5
332	31500	4231	22769	31500	32400	31500	108000	57274.91720168057	5
334	31560	13058	5097	31560	32460	31560	108000	4218.591569952028	5
336	31620	4068	3665	31620	32520	31620	108000	41956.96092158493	5
338	31680	308	16049	31680	32580	31680	108000	15949.008945879446	5
340	31740	12751	10133	31740	32640	31740	108000	13729.803863547542	5
342	31800	21805	5623	31800	32700	31800	108000	16951.26349854979	5
344	31860	15104	3327	31860	32760	31860	108000	59321.965669535835	5
346	31920	2635	11135	31920	32820	31920	108000	12049.109217818137	5
348	31980	1735	10514	31980	32880	31980	108000	19180.887039691246	5
350	32040	3868	18189	32040	32940	32040	108000	3004.621890873515	5
352	32100	23136	5254	32100	33000	32100	108000	17903.759348619977	5
354	32160	16434	21475	32160	33060	32160	108000	43417.373042804385	5
356	32220	4137	9086	32220	33120	32220	108000	17406.00434146471	5
358	32280	10918	13386	32280	33180	32280	108000	40405.626192794676	5
360	32340	23101	3943	32340	33240	32340	108000	27682.3303207083	5
362	32400	20684	11748	32400	33300	32400	108000	8599.278439727153	5
364	32460	3175	9096	32460	33360	32460	108000	2885.0965591969107	5
366	32520	17093	4221	32520	33420	32520	108000	61176.71504812798	5
368	32580	7327	406	32580	33480	32580	108000	21189.49928463422	5
370	32640	15232	16908	32640	33540	32640	108000	44865.6742967849	5
372	32700	431	13316	32700	33600	32700	108000	27547.05460855181	5
374	32760	5017	2842	32760	33660	32760	108000	32079.806092788767	5
376	32820	8119	2622	32820	33720	32820	108000	19656.437706574106	5
378	32880	6604	11506	32880	33780	32880	108000	5439.652540460081	5
380	32940	14825	1737	32940	33840	32940	108000	28353.89690283389	5
382	33000	21736	15966	33000	33900	33000	108000	38621.86935308297	5
384	33060	22387	21798	33060	33960	33060	108000	57434.89471847737	5
386	33120	2758	10386	33120	34020	33120	108000	10151.254445458859	5
388	33180	2734	20424	33180	34080	33180	108000	3712.237793937522	5
390	33240	2931	23605	33240	34140	33240	108000	42307.45545456072	5
392	33300	6634	13758	33300	34200	33300	108000	56098.71817414425	5
394	33360	9870	20558	33360	34260	33360	108000	20280.77584300933	5
396	33420	654	13216	33420	34320	33420	108000	40258.66386047631	5
398	33480	23633	7708	33480	34380	33480	108000	15290.261669737352	5
400	33540	7828	6888	33540	34440	33540	108000	52159.96809811824	5
402	33600	9228	5406	33600	34500	33600	108000	20122.867864750493	5
404	33660	5820	19110	33660	34560	33660	108000	40289.76255975463	5
406	33720	14984	15158	33720	34620	33720	108000	19449.472891097674	5
408	33780	18187	17584	33780	34680	33780	108000	52283.65924640998	5
410	33840	17623	14155	33840	34740	33840	108000	20887.953266509005	5
412	33900	6868	19155	33900	34800	33900	108000	5789.863807642826	5
414	33960	5391	16321	33960	34860	33960	108000	70033.67353407506	5
416	34020	2688	15435	34020	34920	34020	108000	36607.36306266366	5
418	34080	21985	16797	34080	34980	34080	108000	30944.139207084554	5
420	34140	3478	17859	34140	35040	34140	108000	59623.007329228756	5
422	34200	16690	17674	34200	35100	34200	108000	15729.49641577429	5
424	34260	17885	3529	34260	35160	34260	108000	63424.58263424352	5
426	34320	4249	16870	34320	35220	34320	108000	39198.63389731397	5
428	34380	22692	14116	34380	35280	34380	108000	15849.676788347784	5
430	34440	16939	11476	34440	35340	34440	108000	70347.95299814928	5
432	34500	18517	17376	34500	35400	34500	108000	32185.29216062257	5
434	34560	23457	13882	34560	35460	34560	108000	11260.256305416598	5
436	34620	18335	7104	34620	35520	34620	108000	58649.02656648133	5
438	34680	15644	1551	34680	35580	34680	108000	47552.63210070129	5
440	34740	14851	7441	34740	35640	34740	108000	13910.669482721863	5
442	34800	17610	23883	34800	35700	34800	108000	6521.733942056895	5
444	34860	24063	6171	34860	35760	34860	108000	17729.041396806966	5
446	34920	20918	14101	34920	35820	34920	108000	34282.18981273877	5
448	34980	1476	10594	34980	35880	34980	108000	50184.248179582544	5
450	35040	2572	10484	35040	35940	35040	108000	52548.33697619903	5
452	35100	800	11156	35100	36000	35100	108000	3354.513472717511	5
454	35160	5537	2750	35160	36060	35160	108000	21234.53617530633	5
456	35220	14940	21882	35220	36120	35220	108000	24058.07444508612	5
458	35280	7787	7762	35280	36180	35280	108000	10321.05634587229	5
460	35340	22017	10084	35340	36240	35340	108000	51616.0302926775	5
462	35400	10707	20311	35400	36300	35400	108000	48891.94798510462	5
464	35460	11365	3947	35460	36360	35460	108000	20234.707572080893	5
466	35520	19037	21439	35520	36420	35520	108000	65857.49629974656	5
468	35580	15589	12829	35580	36480	35580	108000	26036.90825842935	5
470	35640	7568	1008	35640	36540	35640	108000	1869.8170871378143	5
472	35700	21803	262	35700	36600	35700	108000	17768.725593876585	5
474	35760	4303	6999	35760	36660	35760	108000	56925.942841736614	5
476	35820	21219	11490	35820	36720	35820	108000	5429.81061840444	5
478	35880	7429	14540	35880	36780	35880	108000	23720.9646430621	5
480	35940	491	10100	35940	36840	35940	108000	17893.258969747934	5
482	36000	20989	11206	36000	36900	36000	108000	4745.81014126704	5
484	36060	21427	9918	36060	36960	36060	108000	70178.81866926038	5
486	36120	10678	1052	36120	37020	36120	108000	31012.57906759888	5
488	36180	2564	12757	36180	37080	36180	108000	37787.73620552699	5
490	36240	4467	11710	36240	37140	36240	108000	36111.139603354204	5
492	36300	1799	7338	36300	37200	36300	108000	15238.29507769374	5
494	36360	16165	21154	36360	37260	36360	108000	48411.72899856095	5
496	36420	224	4596	36420	37320	36420	108000	10319.765031757815	5
498	36480	1404	20187	36480	37380	36480	108000	16540.045514229958	5
500	36540	6731	8293	36540	37440	36540	108000	17560.056729180822	5
502	36600	19321	3188	36600	37500	36600	108000	28107.66292819265	5
504	36660	1710	21303	36660	37560	36660	108000	29677.30460255029	5
506	36720	5044	3494	36720	37620	36720	108000	52557.26359966731	5
508	36780	1465	8816	36780	37680	36780	108000	38038.45992890814	5
510	36840	20022	12832	36840	37740	36840	108000	16145.863822162071	5
512	36900	1452	5133	36900	37800	36900	108000	15979.681848880693	5
514	36960	2838	17954	36960	37860	36960	108000	47388.052492954754	5
516	37020	8985	15302	37020	37920	37020	108000	5918.105422548147	5
518	37080	17665	6384	37080	37980	37080	108000	31963.722866712487	5
520	37140	5214	4047	37140	38040	37140	108000	62893.40870571405	5
522	37200	17857	11822	37200	38100	37200	108000	18430.938185155956	5
524	37260	13570	21020	37260	38160	37260	108000	31301.92206430766	5
526	37320	23106	2836	37320	38220	37320	108000	10604.71568068612	5
528	37380	8324	15795	37380	38280	37380	108000	45506.081510215656	5
530	37440	22820	19806	37440	38340	37440	108000	48325.12801982218	5
532	37500	18248	1412	37500	38400	37500	108000	33107.76560248365	5
534	37560	23814	17363	37560	38460	37560	108000	13795.472809625588	5
536	37620	10402	11057	37620	38520	37620	108000	62691.28617759843	5
538	37680	21165	1784	37680	38580	37680	108000	13028.676365527454	5
540	37740	18737	22793	37740	38640	37740	108000	64103.25287915699	5
542	37800	12022	9962	37800	38700	37800	108000	23994.406823193494	5
544	37860	3662	12203	37860	38760	37860	108000	52920.47658479455	5
546	37920	20324	11474	37920	38820	37920	108000	50524.180436614064	5
548	37980	22602	16827	37980	38880	37980	108000	15418.000510383701	5
550	38040	1835	2072	38040	38940	38040	108000	26339.527558652666	5
552	38100	12720	13089	38100	39000	38100	108000	25317.269917638263	5
554	38160	19108	6558	38160	39060	38160	108000	61381.539056013244	5
556	38220	4823	11161	38220	39120	38220	108000	5372.789948105841	5
558	38280	3751	18710	38280	39180	38280	108000	32278.482418323856	5
560	38340	7587	17159	38340	39240	38340	108000	65034.45045682059	5
562	38400	17618	6727	38400	39300	38400	108000	6351.263563074468	5
564	38460	22556	21501	38460	39360	38460	108000	45570.22166779311	5
566	38520	553	23856	38520	39420	38520	108000	12449.000680544263	5
568	38580	5659	19302	38580	39480	38580	108000	66480.00112410309	5
570	38640	21453	5605	38640	39540	38640	108000	36966.37059433702	5
572	38700	12967	16783	38700	39600	38700	108000	41877.67769535439	5
574	38760	12119	15985	38760	39660	38760	108000	14589.527301214448	5
576	38820	4869	11202	38820	39720	38820	108000	18789.3116150645	5
578	38880	12734	3814	38880	39780	38880	108000	6139.8882563272855	5
580	38940	4453	22429	38940	39840	38940	108000	27044.36733391215	5
582	39000	23886	14619	39000	39900	39000	108000	16521.81106548481	5
584	39060	22472	11113	39060	39960	39060	108000	14937.400697891215	5
586	39120	22329	23982	39120	40020	39120	108000	50368.288497749054	5
588	39180	15414	23359	39180	40080	39180	108000	45520.13738488922	5
590	39240	3979	13528	39240	40140	39240	108000	28035.063414696335	5
592	39300	8239	11907	39300	40200	39300	108000	45502.402079540865	5
594	39360	22763	22195	39360	40260	39360	108000	50664.260447956025	5
596	39420	5325	17856	39420	40320	39420	108000	27334.16480998669	5
598	39480	5061	23105	39480	40380	39480	108000	12880.492611601752	5
600	39540	6216	3717	39540	40440	39540	108000	60066.469114848456	5
602	39600	1464	2708	39600	40500	39600	108000	17348.34779768827	5
604	39660	3397	16046	39660	40560	39660	108000	61494.19563199279	5
606	39720	10616	7783	39720	40620	39720	108000	2728.9874441027523	5
608	39780	15293	660	39780	40680	39780	108000	26196.902266050944	5
610	39840	14819	17780	39840	40740	39840	108000	17621.29008408824	5
612	39900	8878	9213	39900	40800	39900	108000	60711.93739623247	5
614	39960	9975	7468	39960	40860	39960	108000	19732.148088300986	5
616	40020	17499	8047	40020	40920	40020	108000	31797.581389049985	5
618	40080	9503	12310	40080	40980	40080	108000	63769.01035746861	5
620	40140	10393	22716	40140	41040	40140	108000	50347.48228959307	5
622	40200	9097	6100	40200	41100	40200	108000	21735.678897148424	5
624	40260	16316	14133	40260	41160	40260	108000	66798.0287029525	5
626	40320	19620	16911	40320	41220	40320	108000	17784.299012770953	5
628	40380	1608	22318	40380	41280	40380	108000	13929.220313312762	5
630	40440	21987	22901	40440	41340	40440	108000	65167.50694405398	5
632	40500	11255	9896	40500	41400	40500	108000	6306.0691733245385	5
634	40560	17761	23490	40560	41460	40560	108000	41586.20890121167	5
636	40620	5505	17755	40620	41520	40620	108000	13138.940161986082	5
638	40680	21014	4987	40680	41580	40680	108000	16283.645876821141	5
640	40740	6830	21579	40740	41640	40740	108000	50685.11027284907	5
642	40800	5251	9916	40800	41700	40800	108000	16813.558528419504	5
644	40860	7693	13107	40860	41760	40860	108000	18058.502367415407	5
646	40920	10773	5296	40920	41820	40920	108000	58000.07741324279	5
648	40980	8886	606	40980	41880	40980	108000	25037.810271498234	5
650	41040	22140	11071	41040	41940	41040	108000	41724.36387242618	5
652	41100	4440	11079	41100	42000	41100	108000	17948.08859235577	5
654	41160	2604	16056	41160	42060	41160	108000	9664.029299857406	5
656	41220	23710	16352	41220	42120	41220	108000	56138.231251653364	5
658	41280	12983	3245	41280	42180	41280	108000	44306.41439166941	5
660	41340	5547	4099	41340	42240	41340	108000	34686.088229892826	5
662	41400	2694	14146	41400	42300	41400	108000	25331.545728824432	5
664	41460	2141	12000	41460	42360	41460	108000	19201.64744814959	5
666	41520	5337	20092	41520	42420	41520	108000	1442.33768893297	5
668	41580	14906	6130	41580	42480	41580	108000	26224.55221740846	5
670	41640	5510	8378	41640	42540	41640	108000	27779.61965901368	5
672	41700	10704	12414	41700	42600	41700	108000	56299.72583563342	5
674	41760	17684	7512	41760	42660	41760	108000	45556.575322333054	5
676	41820	16291	1572	41820	42720	41820	108000	55716.22377632886	5
678	41880	3485	23582	41880	42780	41880	108000	48300.379211836604	5
680	41940	13988	8962	41940	42840	41940	108000	2830.9351178067404	5
682	42000	19957	23764	42000	42900	42000	108000	22319.684964636643	5
684	42060	22975	4996	42060	42960	42060	108000	5180.726870354685	5
686	42120	1467	16980	42120	43020	42120	108000	4951.743599025975	5
688	42180	11235	11726	42180	43080	42180	108000	24573.225517004346	5
690	42240	538	7633	42240	43140	42240	108000	52549.72017259065	5
692	42300	22946	8841	42300	43200	42300	108000	38612.511277047335	5
694	42360	4866	12443	42360	43260	42360	108000	25480.953376222144	5
696	42420	20548	9041	42420	43320	42420	108000	18434.584835266403	5
698	42480	2881	4861	42480	43380	42480	108000	3061.938986522253	5
700	42540	7233	17180	42540	43440	42540	108000	29458.061430507863	5
702	42600	16265	16687	42600	43500	42600	108000	26171.564564869448	5
704	42660	191	40	42660	43560	42660	108000	9586.045672884475	5
706	42720	8165	21150	42720	43620	42720	108000	28594.867345301816	5
708	42780	8217	5385	42780	43680	42780	108000	45722.60295783757	5
710	42840	11536	20623	42840	43740	42840	108000	40817.00174909915	5
712	42900	10165	6628	42900	43800	42900	108000	39073.61688789575	5
714	42960	19665	22662	42960	43860	42960	108000	13134.407921144977	5
716	43020	428	5861	43020	43920	43020	108000	31240.084694440953	5
718	43080	20714	12041	43080	43980	43080	108000	15909.81625713259	5
720	43140	14425	23088	43140	44040	43140	108000	22977.6794197237	5
722	43200	11326	14436	43200	44100	43200	108000	14513.790970655116	5
724	43260	18539	17439	43260	44160	43260	108000	3500.5245440468207	5
726	43320	21947	5992	43320	44220	43320	108000	13778.120226318511	5
728	43380	6372	20679	43380	44280	43380	108000	28439.460751702623	5
730	43440	896	5789	43440	44340	43440	108000	26501.274698859164	5
732	43500	16469	22735	43500	44400	43500	108000	34936.857862108634	5
734	43560	11970	6041	43560	44460	43560	108000	33927.99600345028	5
736	43620	10668	2187	43620	44520	43620	108000	16307.510105829355	5
738	43680	885	11286	43680	44580	43680	108000	14030.03246167512	5
740	43740	11470	17296	43740	44640	43740	108000	59652.0936620044	5
742	43800	7887	11025	43800	44700	43800	108000	32929.22087955913	5
744	43860	3070	6127	43860	44760	43860	108000	17004.4879402507	5
746	43920	6843	1157	43920	44820	43920	108000	31764.671990120132	5
748	43980	15151	8075	43980	44880	43980	108000	31926.31649047334	5
750	44040	13429	7950	44040	44940	44040	108000	17221.41896479315	5
752	44100	16473	21656	44100	45000	44100	108000	13623.43484757307	5
754	44160	16801	15846	44160	45060	44160	108000	7051.490554603677	5
756	44220	1499	996	44220	45120	44220	108000	9133.920323160228	5
758	44280	16102	514	44280	45180	44280	108000	24241.793255387864	5
760	44340	9011	3627	44340	45240	44340	108000	37039.86382649149	5
762	44400	2402	4065	44400	45300	44400	108000	8009.665259637848	5
764	44460	5128	20600	44460	45360	44460	108000	10629.720080990823	5
766	44520	11417	6678	44520	45420	44520	108000	6445.797622685699	5
768	44580	23386	14016	44580	45480	44580	108000	3870.315219016217	5
770	44640	7883	14447	44640	45540	44640	108000	18373.15946994818	5
772	44700	4524	3375	44700	45600	44700	108000	31859.01667859856	5
774	44760	938	3293	44760	45660	44760	108000	43167.56327256009	5
776	44820	18322	5961	44820	45720	44820	108000	15794.815920065716	5
778	44880	1082	22800	44880	45780	44880	108000	16021.081842903706	5
780	44940	6321	3266	44940	45840	44940	108000	25354.432490452287	5
782	45000	1692	21337	45000	45900	45000	108000	33051.911935958895	5
784	45060	437	13465	45060	45960	45060	108000	9068.995926886519	5
786	45120	19566	17737	45120	46020	45120	108000	37076.12117240927	5
788	45180	16243	5585	45180	46080	45180	108000	38396.03588516938	5
790	45240	12805	2205	45240	46140	45240	108000	40411.13867673456	5
792	45300	16501	4298	45300	46200	45300	108000	26680.505247978894	5
794	45360	19813	20788	45360	46260	45360	108000	60438.06617261816	5
796	45420	8098	11329	45420	46320	45420	108000	37131.20958346955	5
798	45480	10828	6436	45480	46380	45480	108000	52726.68875782588	5
800	45540	13533	7563	45540	46440	45540	108000	16984.388417347753	5
802	45600	4008	17156	45600	46500	45600	108000	68924.80765934192	5
804	45660	11337	22080	45660	46560	45660	108000	47484.077439800036	5
806	45720	5584	14430	45720	46620	45720	108000	14168.526849816364	5
808	45780	772	22034	45780	46680	45780	108000	49679.03966334145	5
810	45840	16149	15262	45840	46740	45840	108000	20769.61300479589	5
812	45900	24028	14610	45900	46800	45900	108000	15622.274249873934	5
814	45960	22435	20538	45960	46860	45960	108000	13117.189212586716	5
816	46020	8375	15952	46020	46920	46020	108000	44442.5638294039	5
818	46080	9010	4317	46080	46980	46080	108000	53398.647669482954	5
820	46140	19429	14931	46140	47040	46140	108000	28951.748677008585	5
822	46200	7361	2798	46200	47100	46200	108000	8167.63889332905	5
824	46260	767	19834	46260	47160	46260	108000	41672.79353276125	5
826	46320	12145	18928	46320	47220	46320	108000	5980.382797105035	5
828	46380	5467	3536	46380	47280	46380	108000	55056.58398566472	5
830	46440	19044	22335	46440	47340	46440	108000	59437.48685849633	5
832	46500	11758	8306	46500	47400	46500	108000	28734.406278517177	5
834	46560	3656	14128	46560	47460	46560	108000	57231.75724022793	5
836	46620	15549	1550	46620	47520	46620	108000	4984.651190175553	5
838	46680	21327	18193	46680	47580	46680	108000	32609.597678809587	5
840	46740	11452	556	46740	47640	46740	108000	25986.541705585136	5
842	46800	15476	22441	46800	47700	46800	108000	77338.40481315495	5
844	46860	16527	2202	46860	47760	46860	108000	12812.991931297156	5
846	46920	11127	18023	46920	47820	46920	108000	30789.01570287467	5
848	46980	22082	11223	46980	47880	46980	108000	52694.92709605639	5
850	47040	14282	18858	47040	47940	47040	108000	63311.904521637465	5
852	47100	9188	23502	47100	48000	47100	108000	34614.67190483763	5
854	47160	17334	7342	47160	48060	47160	108000	13885.31037000183	5
856	47220	11029	19092	47220	48120	47220	108000	6318.223587959258	5
858	47280	20031	12811	47280	48180	47280	108000	3857.1468239637484	5
860	47340	23221	10700	47340	48240	47340	108000	60415.13449361758	5
862	47400	21306	18799	47400	48300	47400	108000	53326.096523083776	5
864	47460	18679	15491	47460	48360	47460	108000	27682.79018114947	5
866	47520	17044	18548	47520	48420	47520	108000	5574.68851251819	5
868	47580	23133	15153	47580	48480	47580	108000	9862.853609255444	5
870	47640	6483	14983	47640	48540	47640	108000	50870.616853987514	5
872	47700	16320	18893	47700	48600	47700	108000	61743.51676480371	5
874	47760	5821	2245	47760	48660	47760	108000	43304.57007989138	5
876	47820	15737	14690	47820	48720	47820	108000	14457.628504675511	5
878	47880	23695	4373	47880	48780	47880	108000	9619.929768538053	5
880	47940	22199	7582	47940	48840	47940	108000	38128.37392072746	5
882	48000	23521	5266	48000	48900	48000	108000	33496.31103947206	5
884	48060	16953	15812	48060	48960	48060	108000	20753.858574936577	5
886	48120	15276	5955	48120	49020	48120	108000	19527.771868507876	5
888	48180	16170	6972	48180	49080	48180	108000	30344.938446769618	5
890	48240	11998	15409	48240	49140	48240	108000	35573.59740550227	5
892	48300	22618	6875	48300	49200	48300	108000	4084.386175067301	5
894	48360	18861	19273	48360	49260	48360	108000	16044.522262792689	5
896	48420	10943	22091	48420	49320	48420	108000	44652.096283110935	5
898	48480	3347	13071	48480	49380	48480	108000	46738.452342251185	5
900	48540	3129	12306	48540	49440	48540	108000	23613.456722986313	5
902	48600	6856	12258	48600	49500	48600	108000	17758.46137582802	5
904	48660	18558	23752	48660	49560	48660	108000	16107.705843261703	5
906	48720	20343	14842	48720	49620	48720	108000	36203.51185292182	5
908	48780	10789	5131	48780	49680	48780	108000	77926.52072334773	5
910	48840	12210	7618	48840	49740	48840	108000	59293.09843726841	5
912	48900	18101	18701	48900	49800	48900	108000	52223.77487829546	5
914	48960	12194	23692	48960	49860	48960	108000	27996.824185949565	5
916	49020	14317	16040	49020	49920	49020	108000	42904.612839083595	5
918	49080	3455	8990	49080	49980	49080	108000	55690.76749489456	5
920	49140	22360	8133	49140	50040	49140	108000	16267.797299687465	5
922	49200	727	19303	49200	50100	49200	108000	62674.08536482022	5
924	49260	8027	1858	49260	50160	49260	108000	26210.310962356984	5
926	49320	15458	19570	49320	50220	49320	108000	33345.03016545015	5
928	49380	1035	14548	49380	50280	49380	108000	15290.318723741659	5
930	49440	6770	3248	49440	50340	49440	108000	41801.32796435777	5
932	49500	23064	22454	49500	50400	49500	108000	16703.050584128097	5
934	49560	18642	3200	49560	50460	49560	108000	21064.576091501836	5
936	49620	14945	1533	49620	50520	49620	108000	15307.987166011255	5
938	49680	21680	8205	49680	50580	49680	108000	19670.826866912957	5
940	49740	21923	1805	49740	50640	49740	108000	31822.158201687635	5
942	49800	15736	12790	49800	50700	49800	108000	38819.21130182033	5
944	49860	14966	19118	49860	50760	49860	108000	20544.40686564528	5
946	49920	4423	4120	49920	50820	49920	108000	10967.09129160614	5
948	49980	21619	21446	49980	50880	49980	108000	60288.10513531808	5
950	50040	3326	1513	50040	50940	50040	108000	34282.04032616888	5
952	50100	18272	2060	50100	51000	50100	108000	31799.333953620237	5
954	50160	5549	21120	50160	51060	50160	108000	7380.199382474877	5
956	50220	4020	13568	50220	51120	50220	108000	58498.73131590627	5
958	50280	21415	15301	50280	51180	50280	108000	63091.02130638522	5
960	50340	7694	3865	50340	51240	50340	108000	41360.90575805611	5
962	50400	16252	17085	50400	51300	50400	108000	64157.12437235131	5
964	50460	11925	8807	50460	51360	50460	108000	22069.993282556858	5
966	50520	15333	14614	50520	51420	50520	108000	21601.970188010473	5
968	50580	17676	16013	50580	51480	50580	108000	52631.15745532278	5
970	50640	5610	2203	50640	51540	50640	108000	32529.315888288835	5
972	50700	16749	529	50700	51600	50700	108000	49324.10331934741	5
974	50760	6984	5818	50760	51660	50760	108000	36166.245337347675	5
976	50820	23071	18714	50820	51720	50820	108000	65067.27319938385	5
978	50880	19049	20081	50880	51780	50880	108000	59689.909023658634	5
980	50940	15030	7437	50940	51840	50940	108000	18534.112087235568	5
982	51000	23124	17133	51000	51900	51000	108000	6879.954101546398	5
984	51060	7843	5889	51060	51960	51060	108000	44074.768982368216	5
986	51120	14899	866	51120	52020	51120	108000	12211.209215817322	5
988	51180	1917	14290	51180	52080	51180	108000	41791.82672005012	5
990	51240	14898	3518	51240	52140	51240	108000	45643.6178011397	5
992	51300	3092	8053	51300	52200	51300	108000	25059.38863645987	5
994	51360	11461	3512	51360	52260	51360	108000	17612.96972052177	5
996	51420	5862	22650	51420	52320	51420	108000	35044.54183075739	5
998	51480	3054	6783	51480	52380	51480	108000	57490.79045661908	5
1000	51540	15790	18502	51540	52440	51540	108000	45381.42461954471	5
1002	51600	6477	17311	51600	52500	51600	108000	23669.81936862666	5
1004	51660	24064	14027	51660	52560	51660	108000	8171.4745707383345	5
1006	51720	21182	16045	51720	52620	51720	108000	20464.87366467398	5
1008	51780	19677	13262	51780	52680	51780	108000	3814.946694781131	5
1010	51840	11260	16989	51840	52740	51840	108000	5888.359177334275	5
1012	51900	12102	340	51900	52800	51900	108000	24277.82551793018	5
1014	51960	18867	8618	51960	52860	51960	108000	20797.178736070284	5
1016	52020	15819	16184	52020	52920	52020	108000	25336.036690704586	5
1018	52080	4791	5507	52080	52980	52080	108000	37373.62469736946	5
1020	52140	13450	2971	52140	53040	52140	108000	14086.93740124111	5
1022	52200	17184	23727	52200	53100	52200	108000	17308.35508239311	5
1024	52260	22371	17602	52260	53160	52260	108000	5641.8762698019555	5
1026	52320	3311	21017	52320	53220	52320	108000	68316.23997163546	5
1028	52380	20401	22993	52380	53280	52380	108000	10889.14021886651	5
1030	52440	2215	12725	52440	53340	52440	108000	40245.94254959281	5
1032	52500	20958	4463	52500	53400	52500	108000	31884.948924066324	5
1034	52560	6153	8160	52560	53460	52560	108000	50461.32008577527	5
1036	52620	23971	9234	52620	53520	52620	108000	9317.763812757981	5
1038	52680	10938	18389	52680	53580	52680	108000	36885.029479832156	5
1040	52740	17480	8388	52740	53640	52740	108000	3247.832009033507	5
1042	52800	23614	5081	52800	53700	52800	108000	19676.93889241071	5
1044	52860	7064	17966	52860	53760	52860	108000	52211.8121304147	5
1046	52920	5573	15015	52920	53820	52920	108000	9267.510562144547	5
1048	52980	2189	19939	52980	53880	52980	108000	19498.369706730642	5
1050	53040	10759	21125	53040	53940	53040	108000	42250.18607941206	5
1052	53100	22872	22402	53100	54000	53100	108000	15070.830368033827	5
1054	53160	22764	16428	53160	54060	53160	108000	24378.472519328046	5
1056	53220	15979	18047	53220	54120	53220	108000	23351.964616381334	5
1058	53280	6018	11119	53280	54180	53280	108000	28122.57296886183	5
1060	53340	19440	14725	53340	54240	53340	108000	14002.49325278722	5
1062	53400	13986	5147	53400	54300	53400	108000	3571.5342821449226	5
1064	53460	315	5460	53460	54360	53460	108000	26648.31459454643	5
1066	53520	3724	23675	53520	54420	53520	108000	48645.969975459746	5
1068	53580	17351	23121	53580	54480	53580	108000	10695.09676496835	5
1070	53640	1430	23768	53640	54540	53640	108000	8568.46462012181	5
1072	53700	23518	16323	53700	54600	53700	108000	55264.603781385355	5
1074	53760	3608	17284	53760	54660	53760	108000	38598.39890617889	5
1076	53820	10969	985	53820	54720	53820	108000	35500.64205994899	5
1078	53880	18107	1649	53880	54780	53880	108000	30173.36464274161	5
1080	53940	9264	1013	53940	54840	53940	108000	29750.766040634255	5
1082	54000	17492	232	54000	54900	54000	108000	52181.666734484854	5
1084	54060	580	11703	54060	54960	54060	108000	32663.52292127771	5
1086	54120	5431	19515	54120	55020	54120	108000	39523.85343620052	5
1088	54180	829	4592	54180	55080	54180	108000	21833.883792770772	5
1090	54240	7581	14764	54240	55140	54240	108000	15816.126818080798	5
1092	54300	14121	2363	54300	55200	54300	108000	17384.126975224746	5
1094	54360	8645	7043	54360	55260	54360	108000	32633.698812969298	5
1096	54420	1821	3464	54420	55320	54420	108000	32665.75595582303	5
1098	54480	16311	1523	54480	55380	54480	108000	51179.02323642248	5
1100	54540	13565	19352	54540	55440	54540	108000	38706.58815171201	5
1102	54600	1654	21652	54600	55500	54600	108000	8828.755898668634	5
1104	54660	17157	135	54660	55560	54660	108000	30864.048110337808	5
1106	54720	19937	7408	54720	55620	54720	108000	29039.703600121982	5
1108	54780	11141	13036	54780	55680	54780	108000	28062.919984942906	5
1110	54840	20751	6156	54840	55740	54840	108000	22936.817656215524	5
1112	54900	23351	3846	54900	55800	54900	108000	39432.159748968086	5
1114	54960	18582	23330	54960	55860	54960	108000	8840.806517951472	5
1116	55020	7767	6149	55020	55920	55020	108000	18431.60840027571	5
1118	55080	13209	15245	55080	55980	55080	108000	60494.39343277985	5
1120	55140	14535	15747	55140	56040	55140	108000	4033.841713454333	5
1122	55200	22042	15731	55200	56100	55200	108000	49923.035388475066	5
1124	55260	6400	7611	55260	56160	55260	108000	22019.063603906772	5
1126	55320	6238	22495	55320	56220	55320	108000	25568.73322631286	5
1128	55380	18748	21562	55380	56280	55380	108000	76138.42633773625	5
1130	55440	16452	7612	55440	56340	55440	108000	21764.51905090265	5
1132	55500	20688	4144	55500	56400	55500	108000	25626.40593791392	5
1134	55560	5163	20009	55560	56460	55560	108000	13821.921878681518	5
1136	55620	14861	23607	55620	56520	55620	108000	12192.99006387415	5
1138	55680	16224	6518	55680	56580	55680	108000	53820.94518047577	5
1140	55740	6623	2153	55740	56640	55740	108000	39535.42163877523	5
1142	55800	18786	5289	55800	56700	55800	108000	60350.87287200755	5
1144	55860	13871	5014	55860	56760	55860	108000	8787.057466446635	5
1146	55920	3993	15646	55920	56820	55920	108000	28838.559172037927	5
1148	55980	8741	346	55980	56880	55980	108000	6636.812763672153	5
1150	56040	4957	23009	56040	56940	56040	108000	12421.962989838099	5
1152	56100	16212	23693	56100	57000	56100	108000	11930.126165745836	5
1154	56160	12047	501	56160	57060	56160	108000	26277.27067172267	5
1156	56220	3977	7942	56220	57120	56220	108000	1695.596521370706	5
1158	56280	20932	21455	56280	57180	56280	108000	46886.26917985422	5
1160	56340	16933	13391	56340	57240	56340	108000	48440.95391891776	5
1162	56400	11221	22538	56400	57300	56400	108000	13380.018824726621	5
1164	56460	343	14241	56460	57360	56460	108000	28528.056364493037	5
1166	56520	21905	20106	56520	57420	56520	108000	40543.81372935413	5
1168	56580	24013	3545	56580	57480	56580	108000	45472.84878908027	5
1170	56640	18104	19844	56640	57540	56640	108000	38517.97326626001	5
1172	56700	16977	5036	56700	57600	56700	108000	13438.083487786253	5
1174	56760	10815	14482	56760	57660	56760	108000	83095.99134229473	5
1176	56820	12969	5538	56820	57720	56820	108000	41474.88544370621	5
1178	56880	23865	17817	56880	57780	56880	108000	18057.20704181098	5
1180	56940	20234	18375	56940	57840	56940	108000	13873.191668140415	5
1182	57000	5313	4034	57000	57900	57000	108000	46352.511731692655	5
1184	57060	4625	15925	57060	57960	57060	108000	21654.10159769759	5
1186	57120	1057	4836	57120	58020	57120	108000	17001.428274163514	5
1188	57180	19838	7956	57180	58080	57180	108000	50299.16229598165	5
1190	57240	11692	3014	57240	58140	57240	108000	27639.458297315825	5
1192	57300	3123	14737	57300	58200	57300	108000	2332.770008831589	5
1194	57360	2706	15516	57360	58260	57360	108000	8887.893731901504	5
1196	57420	2104	22517	57420	58320	57420	108000	24137.912873834717	5
1198	57480	10985	23140	57480	58380	57480	108000	43526.463906339624	5
1200	57540	22606	18547	57540	58440	57540	108000	411.7698876085519	5
1202	57600	15829	10103	57600	58500	57600	108000	7129.573729766329	5
1204	57660	20480	14824	57660	58560	57660	108000	11274.988352758404	5
1206	57720	22032	3141	57720	58620	57720	108000	39013.422549598916	5
1208	57780	8195	18977	57780	58680	57780	108000	4395.6491925278715	5
1210	57840	20304	13432	57840	58740	57840	108000	18149.703461975354	5
1212	57900	20581	23921	57900	58800	57900	108000	25570.145240144964	5
1214	57960	18293	7508	57960	58860	57960	108000	8598.027549990697	5
1216	58020	11981	6135	58020	58920	58020	108000	11031.525302086235	5
1218	58080	4757	14787	58080	58980	58080	108000	16689.157831805212	5
1220	58140	4419	21853	58140	59040	58140	108000	41870.75938561608	5
1222	58200	7111	1461	58200	59100	58200	108000	14780.895559997376	5
1224	58260	2850	16167	58260	59160	58260	108000	25581.085906605975	5
1226	58320	20121	2058	58320	59220	58320	108000	25172.315616060565	5
1228	58380	2704	20381	58380	59280	58380	108000	17272.9851019243	5
1230	58440	21472	15578	58440	59340	58440	108000	20998.36395203798	5
1232	58500	22096	7688	58500	59400	58500	108000	51942.70887053908	5
1234	58560	15112	11420	58560	59460	58560	108000	20062.253519521684	5
1236	58620	15927	21929	58620	59520	58620	108000	37615.29911161559	5
1238	58680	20766	19060	58680	59580	58680	108000	23429.341488556038	5
1240	58740	13010	22867	58740	59640	58740	108000	20494.7753281439	5
1242	58800	22687	1023	58800	59700	58800	108000	18610.150271227638	5
1244	58860	1542	16388	58860	59760	58860	108000	38774.439635378185	5
1246	58920	17944	2549	58920	59820	58920	108000	46769.31217038218	5
1248	58980	21838	7968	58980	59880	58980	108000	18508.469437679436	5
1250	59040	19163	6591	59040	59940	59040	108000	41630.99102434462	5
1252	59100	18783	13794	59100	60000	59100	108000	63642.17987967754	5
1254	59160	16707	8846	59160	60060	59160	108000	11676.537188105736	5
1256	59220	9238	17642	59220	60120	59220	108000	17214.061737077118	5
1258	59280	22750	14065	59280	60180	59280	108000	7610.430053773474	5
1260	59340	8218	11022	59340	60240	59340	108000	40502.76462577552	5
1262	59400	21745	15803	59400	60300	59400	108000	36409.46747422393	5
1264	59460	20719	12972	59460	60360	59460	108000	41222.045786308874	5
1266	59520	295	15573	59520	60420	59520	108000	17065.890958272004	5
1268	59580	8800	14719	59580	60480	59580	108000	18081.055198671365	5
1270	59640	9978	298	59640	60540	59640	108000	49154.61642400469	5
1272	59700	17107	2898	59700	60600	59700	108000	19156.765986249535	5
1274	59760	2167	15493	59760	60660	59760	108000	43521.817783059036	5
1276	59820	5859	7067	59820	60720	59820	108000	34740.81180749234	5
1278	59880	22055	9965	59880	60780	59880	108000	51653.14375762727	5
1280	59940	6025	3173	59940	60840	59940	108000	32191.95208191353	5
1282	60000	13468	8377	60000	60900	60000	108000	54218.47351258631	5
1284	60060	13413	21689	60060	60960	60060	108000	13474.266706932098	5
1286	60120	22639	19839	60120	61020	60120	108000	42535.06839155006	5
1288	60180	5331	22688	60180	61080	60180	108000	19429.99486768474	5
1290	60240	5650	21705	60240	61140	60240	108000	54327.970965632376	5
1292	60300	23622	17740	60300	61200	60300	108000	59305.69699280487	5
1294	60360	7029	4730	60360	61260	60360	108000	29822.958867688576	5
1296	60420	7045	14289	60420	61320	60420	108000	51783.98458547315	5
1298	60480	19577	15273	60480	61380	60480	108000	25281.136208086373	5
1300	60540	20062	9944	60540	61440	60540	108000	39627.16791096106	5
1302	60600	16784	10595	60600	61500	60600	108000	27197.412258849006	5
1304	60660	357	16274	60660	61560	60660	108000	57900.52923599238	5
1306	60720	16229	20108	60720	61620	60720	108000	17430.50254388572	5
1308	60780	4581	7867	60780	61680	60780	108000	37241.12336503606	5
1310	60840	22385	17360	60840	61740	60840	108000	25192.762447699395	5
1312	60900	3566	17154	60900	61800	60900	108000	55831.19147516464	5
1314	60960	8991	22114	60960	61860	60960	108000	48822.1929860351	5
1316	61020	3889	3647	61020	61920	61020	108000	8770.905637195756	5
1318	61080	8213	20530	61080	61980	61080	108000	43607.44577422612	5
1320	61140	20687	6250	61140	62040	61140	108000	22376.538850955996	5
1322	61200	17545	18040	61200	62100	61200	108000	26929.56169508239	5
1324	61260	10720	19783	61260	62160	61260	108000	20481.261616633874	5
1326	61320	5476	7277	61320	62220	61320	108000	17374.892939380203	5
1328	61380	17574	19339	61380	62280	61380	108000	52434.22271166522	5
1330	61440	22515	8364	61440	62340	61440	108000	64397.446075780965	5
1332	61500	13766	20073	61500	62400	61500	108000	44785.24724271792	5
1334	61560	17022	19701	61560	62460	61560	108000	25916.652712536434	5
1336	61620	235	18518	61620	62520	61620	108000	4335.234990821314	5
1338	61680	20463	20903	61680	62580	61680	108000	30308.594187217353	5
1340	61740	5672	7228	61740	62640	61740	108000	20649.709283985925	5
1342	61800	4959	20098	61800	62700	61800	108000	15838.167110189968	5
1344	61860	20976	1085	61860	62760	61860	108000	8665.15276494178	5
1346	61920	12076	18296	61920	62820	61920	108000	6316.166212991526	5
1348	61980	616	20914	61980	62880	61980	108000	17235.895492607906	5
1350	62040	21746	12855	62040	62940	62040	108000	50625.044068352996	5
1352	62100	10081	20411	62100	63000	62100	108000	13075.469801209712	5
1354	62160	13357	21750	62160	63060	62160	108000	48137.2034331314	5
1356	62220	370	14701	62220	63120	62220	108000	29142.967133837057	5
1358	62280	330	18967	62280	63180	62280	108000	26702.63426846044	5
1360	62340	1767	2356	62340	63240	62340	108000	7078.684333845619	5
1362	62400	8736	1602	62400	63300	62400	108000	33169.03997145219	5
1364	62460	19721	14909	62460	63360	62460	108000	51648.062807813476	5
1366	62520	21270	5813	62520	63420	62520	108000	40694.342591242756	5
1368	62580	19639	10829	62580	63480	62580	108000	41434.35785534459	5
1370	62640	8178	20944	62640	63540	62640	108000	11565.258876915868	5
1372	62700	16535	13534	62700	63600	62700	108000	13373.342414575536	5
1374	62760	12392	17332	62760	63660	62760	108000	24798.55120040714	5
1376	62820	18110	7066	62820	63720	62820	108000	16506.437702575236	5
1378	62880	5536	20686	62880	63780	62880	108000	6406.4044883590905	5
1380	62940	12985	6312	62940	63840	62940	108000	23773.41132303325	5
1382	63000	3963	462	63000	63900	63000	108000	24728.085991852095	5
1384	63060	4795	10511	63060	63960	63060	108000	60642.987684237116	5
1386	63120	21084	5996	63120	64020	63120	108000	27548.26403307066	5
1388	63180	20122	22746	63180	64080	63180	108000	13213.717549054576	5
1390	63240	17984	9948	63240	64140	63240	108000	42012.94922687511	5
1392	63300	13037	21843	63300	64200	63300	108000	54022.20905753252	5
1394	63360	13441	6392	63360	64260	63360	108000	30847.90146994174	5
1396	63420	6336	23225	63420	64320	63420	108000	12658.99968670282	5
1398	63480	12320	9141	63480	64380	63480	108000	20816.58505964555	5
1400	63540	23869	19746	63540	64440	63540	108000	45419.42201759576	5
1402	63600	7403	15824	63600	64500	63600	108000	30591.32105859236	5
1404	63660	4642	11341	63660	64560	63660	108000	9751.427435869658	5
1406	63720	21312	17902	63720	64620	63720	108000	39537.57052210958	5
1408	63780	6589	20140	63780	64680	63780	108000	44871.080185940235	5
1410	63840	15967	13776	63840	64740	63840	108000	12152.219797283731	5
1412	63900	7237	16810	63900	64800	63900	108000	20837.59127747593	5
1414	63960	20793	8391	63960	64860	63960	108000	18144.301599282633	5
1416	64020	3718	3367	64020	64920	64020	108000	19782.423124115383	5
1418	64080	15513	3914	64080	64980	64080	108000	16180.342551311795	5
1420	64140	13948	20966	64140	65040	64140	108000	14160.677391953051	5
1422	64200	4066	22390	64200	65100	64200	108000	29166.12877329372	5
1424	64260	14867	2744	64260	65160	64260	108000	11033.172370190205	5
1426	64320	7196	11069	64320	65220	64320	108000	16286.476404305211	5
1428	64380	15586	19002	64380	65280	64380	108000	16739.5879353281	5
1430	64440	7223	786	64440	65340	64440	108000	11910.940554528452	5
1432	64500	7620	21395	64500	65400	64500	108000	13214.259179444258	5
1434	64560	13420	22718	64560	65460	64560	108000	6122.993573273532	5
1436	64620	2735	4792	64620	65520	64620	108000	17038.688523817807	5
1438	64680	12921	7756	64680	65580	64680	108000	17686.90199664607	5
1440	64740	8748	20885	64740	65640	64740	108000	23689.238975386445	5
1442	64800	5213	7407	64800	65700	64800	108000	20900.501975590258	5
-1
Parcel requests (id, time_call, pickup_point, delivery_point, early_pickup_time, late_pickup_time, early_delivery_time, late_delivery_time)
1	21600	1646	21151	21600	108000	21600	108000
3	21660	12171	12848	21660	108000	21660	108000
5	21720	13272	15419	21720	108000	21720	108000
7	21780	9046	15197	21780	108000	21780	108000
9	21840	3530	12984	21840	108000	21840	108000
11	21900	23471	21294	21900	108000	21900	108000
13	21960	16202	17952	21960	108000	21960	108000
15	22020	18750	13068	22020	108000	22020	108000
17	22080	7903	15388	22080	108000	22080	108000
19	22140	3118	12058	22140	108000	22140	108000
21	22200	2566	17734	22200	108000	22200	108000
23	22260	14034	17571	22260	108000	22260	108000
25	22320	23029	2393	22320	108000	22320	108000
27	22380	11984	15858	22380	108000	22380	108000
29	22440	22271	6607	22440	108000	22440	108000
31	22500	18308	21550	22500	108000	22500	108000
33	22560	18347	21240	22560	108000	22560	108000
35	22620	22330	89	22620	108000	22620	108000
37	22680	16935	23801	22680	108000	22680	108000
39	22740	17910	1713	22740	108000	22740	108000
41	22800	9124	14512	22800	108000	22800	108000
43	22860	12934	15665	22860	108000	22860	108000
45	22920	34	8094	22920	108000	22920	108000
47	22980	19996	22207	22980	108000	22980	108000
49	23040	1904	20546	23040	108000	23040	108000
51	23100	995	12350	23100	108000	23100	108000
53	23160	5157	19564	23160	108000	23160	108000
55	23220	21539	20496	23220	108000	23220	108000
57	23280	12415	1078	23280	108000	23280	108000
59	23340	8833	13115	23340	108000	23340	108000
61	23400	7885	7941	23400	108000	23400	108000
63	23460	2586	17139	23460	108000	23460	108000
65	23520	21382	14300	23520	108000	23520	108000
67	23580	14407	6728	23580	108000	23580	108000
69	23640	16476	12230	23640	108000	23640	108000
71	23700	7781	6186	23700	108000	23700	108000
73	23760	15994	8216	23760	108000	23760	108000
75	23820	11310	15478	23820	108000	23820	108000
77	23880	21353	20060	23880	108000	23880	108000
79	23940	16770	12378	23940	108000	23940	108000
81	24000	17155	18921	24000	108000	24000	108000
83	24060	6789	16331	24060	108000	24060	108000
85	24120	3747	8720	24120	108000	24120	108000
87	24180	14970	19371	24180	108000	24180	108000
89	24240	15207	23848	24240	108000	24240	108000
91	24300	6540	17127	24300	108000	24300	108000
93	24360	20701	15901	24360	108000	24360	108000
95	24420	20409	10805	24420	108000	24420	108000
97	24480	12015	18281	24480	108000	24480	108000
99	24540	23020	1549	24540	108000	24540	108000
101	24600	11425	16161	24600	108000	24600	108000
103	24660	10452	4534	24660	108000	24660	108000
105	24720	11896	10364	24720	108000	24720	108000
107	24780	5908	1463	24780	108000	24780	108000
109	24840	20069	6976	24840	108000	24840	108000
111	24900	12438	13763	24900	108000	24900	108000
113	24960	8671	16716	24960	108000	24960	108000
115	25020	11007	14530	25020	108000	25020	108000
117	25080	8369	12056	25080	108000	25080	108000
119	25140	3473	6174	25140	108000	25140	108000
121	25200	3411	18044	25200	108000	25200	108000
123	25260	5172	17208	25260	108000	25260	108000
125	25320	3957	10949	25320	108000	25320	108000
127	25380	5525	12432	25380	108000	25380	108000
129	25440	21927	9268	25440	108000	25440	108000
131	25500	1571	17483	25500	108000	25500	108000
133	25560	22007	18731	25560	108000	25560	108000
135	25620	10823	22008	25620	108000	25620	108000
137	25680	11431	22570	25680	108000	25680	108000
139	25740	5486	1952	25740	108000	25740	108000
141	25800	19761	10565	25800	108000	25800	108000
143	25860	1902	23336	25860	108000	25860	108000
145	25920	30	18939	25920	108000	25920	108000
147	25980	7804	3221	25980	108000	25980	108000
149	26040	19704	2745	26040	108000	26040	108000
151	26100	15989	1119	26100	108000	26100	108000
153	26160	1488	22189	26160	108000	26160	108000
155	26220	4386	23800	26220	108000	26220	108000
157	26280	18377	5652	26280	108000	26280	108000
159	26340	16969	16800	26340	108000	26340	108000
161	26400	2962	11999	26400	108000	26400	108000
163	26460	8775	11720	26460	108000	26460	108000
165	26520	14489	22389	26520	108000	26520	108000
167	26580	18255	13340	26580	108000	26580	108000
169	26640	15201	21259	26640	108000	26640	108000
171	26700	562	7542	26700	108000	26700	108000
173	26760	909	17113	26760	108000	26760	108000
175	26820	19764	22691	26820	108000	26820	108000
177	26880	7702	3224	26880	108000	26880	108000
179	26940	17251	2391	26940	108000	26940	108000
181	27000	8949	21447	27000	108000	27000	108000
183	27060	7814	10838	27060	108000	27060	108000
185	27120	14858	7509	27120	108000	27120	108000
187	27180	1749	2124	27180	108000	27180	108000
189	27240	1152	15264	27240	108000	27240	108000
191	27300	8344	22778	27300	108000	27300	108000
193	27360	223	6244	27360	108000	27360	108000
195	27420	18088	14321	27420	108000	27420	108000
197	27480	5243	2168	27480	108000	27480	108000
199	27540	12857	11910	27540	108000	27540	108000
201	27600	16193	17876	27600	108000	27600	108000
203	27660	16735	22198	27660	108000	27660	108000
205	27720	8174	10922	27720	108000	27720	108000
207	27780	12750	17747	27780	108000	27780	108000
209	27840	2645	4535	27840	108000	27840	108000
211	27900	15486	182	27900	108000	27900	108000
213	27960	23729	6371	27960	108000	27960	108000
215	28020	7292	3680	28020	108000	28020	108000
217	28080	21373	15799	28080	108000	28080	108000
219	28140	6456	2548	28140	108000	28140	108000
221	28200	3085	1440	28200	108000	28200	108000
223	28260	12738	14326	28260	108000	28260	108000
225	28320	5969	17134	28320	108000	28320	108000
227	28380	7992	10399	28380	108000	28380	108000
229	28440	7186	14523	28440	108000	28440	108000
231	28500	23863	870	28500	108000	28500	108000
233	28560	8997	2070	28560	108000	28560	108000
235	28620	21624	12140	28620	108000	28620	108000
237	28680	22489	16175	28680	108000	28680	108000
239	28740	3554	12340	28740	108000	28740	108000
241	28800	20900	16726	28800	108000	28800	108000
243	28860	15999	21778	28860	108000	28860	108000
245	28920	21185	20416	28920	108000	28920	108000
247	28980	18257	18951	28980	108000	28980	108000
249	29040	21421	10185	29040	108000	29040	108000
251	29100	20971	20119	29100	108000	29100	108000
253	29160	21850	8189	29160	108000	29160	108000
255	29220	19630	18496	29220	108000	29220	108000
257	29280	8273	15382	29280	108000	29280	108000
259	29340	15041	3387	29340	108000	29340	108000
261	29400	18825	19388	29400	108000	29400	108000
263	29460	6663	5078	29460	108000	29460	108000
265	29520	2675	18727	29520	108000	29520	108000
267	29580	9077	23213	29580	108000	29580	108000
269	29640	555	22935	29640	108000	29640	108000
271	29700	15682	3956	29700	108000	29700	108000
273	29760	922	14695	29760	108000	29760	108000
275	29820	21406	15862	29820	108000	29820	108000
277	29880	3079	10086	29880	108000	29880	108000
279	29940	17486	5774	29940	108000	29940	108000
281	30000	7881	8227	30000	108000	30000	108000
283	30060	886	8139	30060	108000	30060	108000
285	30120	21692	4482	30120	108000	30120	108000
287	30180	7230	5394	30180	108000	30180	108000
289	30240	22916	21906	30240	108000	30240	108000
291	30300	6352	21340	30300	108000	30300	108000
293	30360	21141	17224	30360	108000	30360	108000
295	30420	13480	5661	30420	108000	30420	108000
297	30480	166	11527	30480	108000	30480	108000
299	30540	10702	22837	30540	108000	30540	108000
301	30600	10050	6465	30600	108000	30600	108000
303	30660	23525	2102	30660	108000	30660	108000
305	30720	11190	4226	30720	108000	30720	108000
307	30780	23666	1024	30780	108000	30780	108000
309	30840	15892	9902	30840	108000	30840	108000
311	30900	23399	3504	30900	108000	30900	108000
313	30960	11131	18775	30960	108000	30960	108000
315	31020	4119	8258	31020	108000	31020	108000
317	31080	15741	15143	31080	108000	31080	108000
319	31140	2996	6411	31140	108000	31140	108000
321	31200	5858	5032	31200	108000	31200	108000
323	31260	3503	8251	31260	108000	31260	108000
325	31320	8769	20422	31320	108000	31320	108000
327	31380	23367	6488	31380	108000	31380	108000
329	31440	17514	7253	31440	108000	31440	108000
331	31500	509	21341	31500	108000	31500	108000
333	31560	18423	8827	31560	108000	31560	108000
335	31620	14732	9098	31620	108000	31620	108000
337	31680	13318	17931	31680	108000	31680	108000
339	31740	19997	23742	31740	108000	31740	108000
341	31800	8100	4639	31800	108000	31800	108000
343	31860	5239	19827	31860	108000	31860	108000
345	31920	5474	14798	31920	108000	31920	108000
347	31980	13034	19300	31980	108000	31980	108000
349	32040	4633	22783	32040	108000	32040	108000
351	32100	11047	18936	32100	108000	32100	108000
353	32160	11243	10982	32160	108000	32160	108000
355	32220	5051	5430	32220	108000	32220	108000
357	32280	16865	3304	32280	108000	32280	108000
359	32340	19760	23128	32340	108000	32340	108000
361	32400	4318	8782	32400	108000	32400	108000
363	32460	17655	16826	32460	108000	32460	108000
365	32520	23507	11364	32520	108000	32520	108000
367	32580	22398	21780	32580	108000	32580	108000
369	32640	682	11163	32640	108000	32640	108000
371	32700	8334	1080	32700	108000	32700	108000
373	32760	3748	18654	32760	108000	32760	108000
375	32820	16379	13061	32820	108000	32820	108000
377	32880	3783	4093	32880	108000	32880	108000
379	32940	14439	21953	32940	108000	32940	108000
381	33000	9103	22021	33000	108000	33000	108000
383	33060	16745	23200	33060	108000	33060	108000
385	33120	10143	18995	33120	108000	33120	108000
387	33180	5439	9911	33180	108000	33180	108000
389	33240	375	5953	33240	108000	33240	108000
391	33300	3339	23436	33300	108000	33300	108000
393	33360	17448	14413	33360	108000	33360	108000
395	33420	17016	22251	33420	108000	33420	108000
397	33480	14949	3549	33480	108000	33480	108000
399	33540	11093	10572	33540	108000	33540	108000
401	33600	2788	8159	33600	108000	33600	108000
403	33660	13958	14260	33660	108000	33660	108000
405	33720	22813	2415	33720	108000	33720	108000
407	33780	19168	14547	33780	108000	33780	108000
409	33840	16847	1044	33840	108000	33840	108000
411	33900	21755	15704	33900	108000	33900	108000
413	33960	7268	5242	33960	108000	33960	108000
415	34020	23928	4548	34020	108000	34020	108000
417	34080	22906	5329	34080	108000	34080	108000
419	34140	21207	17431	34140	108000	34140	108000
421	34200	2796	11750	34200	108000	34200	108000
423	34260	18862	11945	34260	108000	34260	108000
425	34320	18422	2532	34320	108000	34320	108000
427	34380	14713	16402	34380	108000	34380	108000
429	34440	4470	22035	34440	108000	34440	108000
431	34500	596	21938	34500	108000	34500	108000
433	34560	14760	11707	34560	108000	34560	108000
435	34620	818	4640	34620	108000	34620	108000
437	34680	3113	1020	34680	108000	34680	108000
439	34740	5446	7481	34740	108000	34740	108000
441	34800	2908	207	34800	108000	34800	108000
443	34860	16960	313	34860	108000	34860	108000
445	34920	541	7545	34920	108000	34920	108000
447	34980	11480	23173	34980	108000	34980	108000
449	35040	16425	14857	35040	108000	35040	108000
451	35100	23868	20270	35100	108000	35100	108000
453	35160	2721	13490	35160	108000	35160	108000
455	35220	23509	16905	35220	108000	35220	108000
457	35280	6618	10137	35280	108000	35280	108000
459	35340	23583	177	35340	108000	35340	108000
461	35400	2320	6386	35400	108000	35400	108000
463	35460	5000	17894	35460	108000	35460	108000
465	35520	14273	7216	35520	108000	35520	108000
467	35580	2226	5868	35580	108000	35580	108000
469	35640	5084	23329	35640	108000	35640	108000
471	35700	12253	9039	35700	108000	35700	108000
473	35760	540	5814	35760	108000	35760	108000
475	35820	6665	20796	35820	108000	35820	108000
477	35880	15727	8650	35880	108000	35880	108000
479	35940	20423	20087	35940	108000	35940	108000
481	36000	2411	15141	36000	108000	36000	108000
483	36060	7201	12075	36060	108000	36060	108000
485	36120	16455	18749	36120	108000	36120	108000
487	36180	17899	3799	36180	108000	36180	108000
489	36240	15319	6509	36240	108000	36240	108000
491	36300	22085	15777	36300	108000	36300	108000
493	36360	2128	16424	36360	108000	36360	108000
495	36420	10607	21214	36420	108000	36420	108000
497	36480	19557	16183	36480	108000	36480	108000
499	36540	14750	11056	36540	108000	36540	108000
501	36600	12286	15156	36600	108000	36600	108000
503	36660	7283	7295	36660	108000	36660	108000
505	36720	5405	11535	36720	108000	36720	108000
507	36780	5380	18706	36780	108000	36780	108000
509	36840	19619	3570	36840	108000	36840	108000
511	36900	13502	17466	36900	108000	36900	108000
513	36960	7788	4796	36960	108000	36960	108000
515	37020	19511	8033	37020	108000	37020	108000
517	37080	4755	4253	37080	108000	37080	108000
519	37140	23970	14254	37140	108000	37140	108000
521	37200	7995	4554	37200	108000	37200	108000
523	37260	17661	18346	37260	108000	37260	108000
525	37320	23680	12901	37320	108000	37320	108000
527	37380	4260	4261	37380	108000	37380	108000
529	37440	1824	20144	37440	108000	37440	108000
531	37500	9115	16216	37500	108000	37500	108000
533	37560	18320	17123	37560	108000	37560	108000
535	37620	18721	21574	37620	108000	37620	108000
537	37680	22531	23069	37680	108000	37680	108000
539	37740	397	14432	37740	108000	37740	108000
541	37800	536	6307	37800	108000	37800	108000
543	37860	17751	7961	37860	108000	37860	108000
545	37920	23497	20567	37920	108000	37920	108000
547	37980	1466	6854	37980	108000	37980	108000
549	38040	7059	21314	38040	108000	38040	108000
551	38100	3471	5027	38100	108000	38100	108000
553	38160	211	3951	38160	108000	38160	108000
555	38220	13246	7058	38220	108000	38220	108000
557	38280	1658	5764	38280	108000	38280	108000
559	38340	22104	9219	38340	108000	38340	108000
561	38400	11939	11157	38400	108000	38400	108000
563	38460	1540	22100	38460	108000	38460	108000
565	38520	6208	20778	38520	108000	38520	108000
567	38580	14154	19318	38580	108000	38580	108000
569	38640	4647	17660	38640	108000	38640	108000
571	38700	18998	11682	38700	108000	38700	108000
573	38760	5212	20961	38760	108000	38760	108000
575	38820	7121	10765	38820	108000	38820	108000
577	38880	5095	7452	38880	108000	38880	108000
579	38940	23956	6514	38940	108000	38940	108000
581	39000	4745	859	39000	108000	39000	108000
583	39060	9937	2727	39060	108000	39060	108000
585	39120	11143	15762	39120	108000	39120	108000
587	39180	21859	7682	39180	108000	39180	108000
589	39240	14310	7430	39240	108000	39240	108000
591	39300	17037	16326	39300	108000	39300	108000
593	39360	2163	7642	39360	108000	39360	108000
595	39420	3731	20322	39420	108000	39420	108000
597	39480	1494	8153	39480	108000	39480	108000
599	39540	418	22297	39540	108000	39540	108000
601	39600	22414	13116	39600	108000	39600	108000
603	39660	24016	19345	39660	108000	39660	108000
605	39720	2807	11070	39720	108000	39720	108000
607	39780	22281	11752	39780	108000	39780	108000
609	39840	19128	12108	39840	108000	39840	108000
611	39900	11749	4116	39900	108000	39900	108000
613	39960	16063	22676	39960	108000	39960	108000
615	40020	4055	1492	40020	108000	40020	108000
617	40080	18341	3481	40080	108000	40080	108000
619	40140	19608	10180	40140	108000	40140	108000
621	40200	17802	11520	40200	108000	40200	108000
623	40260	8895	21612	40260	108000	40260	108000
625	40320	2286	10521	40320	108000	40320	108000
627	40380	18280	8879	40380	108000	40380	108000
629	40440	18315	5983	40440	108000	40440	108000
631	40500	21459	8037	40500	108000	40500	108000
633	40560	21058	18711	40560	108000	40560	108000
635	40620	17120	7107	40620	108000	40620	108000
637	40680	9235	22852	40680	108000	40680	108000
639	40740	17458	12097	40740	108000	40740	108000
641	40800	11023	1186	40800	108000	40800	108000
643	40860	16836	2068	40860	108000	40860	108000
645	40920	18653	15376	40920	108000	40920	108000
647	40980	2928	10473	40980	108000	40980	108000
649	41040	15139	3269	41040	108000	41040	108000
651	41100	5334	4610	41100	108000	41100	108000
653	41160	7357	15632	41160	108000	41160	108000
655	41220	4037	3438	41220	108000	41220	108000
657	41280	17591	23563	41280	108000	41280	108000
659	41340	19752	5457	41340	108000	41340	108000
661	41400	1143	10119	41400	108000	41400	108000
663	41460	2316	14242	41460	108000	41460	108000
665	41520	22463	12247	41520	108000	41520	108000
667	41580	15557	10762	41580	108000	41580	108000
669	41640	10432	13959	41640	108000	41640	108000
671	41700	23570	19022	41700	108000	41700	108000
673	41760	4458	10580	41760	108000	41760	108000
675	41820	3074	23977	41820	108000	41820	108000
677	41880	22186	15016	41880	108000	41880	108000
679	41940	10925	18844	41940	108000	41940	108000
681	42000	4114	3743	42000	108000	42000	108000
683	42060	12380	17749	42060	108000	42060	108000
685	42120	6142	10754	42120	108000	42120	108000
687	42180	4599	8061	42180	108000	42180	108000
689	42240	7112	5842	42240	108000	42240	108000
691	42300	16508	11893	42300	108000	42300	108000
693	42360	22876	926	42360	108000	42360	108000
695	42420	7493	20273	42420	108000	42420	108000
697	42480	9899	15567	42480	108000	42480	108000
699	42540	12207	13771	42540	108000	42540	108000
701	42600	22925	21456	42600	108000	42600	108000
703	42660	6429	7742	42660	108000	42660	108000
705	42720	17871	12178	42720	108000	42720	108000
707	42780	21209	23753	42780	108000	42780	108000
709	42840	15917	1136	42840	108000	42840	108000
711	42900	5857	4439	42900	108000	42900	108000
713	42960	22046	2601	42960	108000	42960	108000
715	43020	8728	10423	43020	108000	43020	108000
717	43080	20261	16261	43080	108000	43080	108000
719	43140	22294	8713	43140	108000	43140	108000
721	43200	768	10846	43200	108000	43200	108000
723	43260	17928	11030	43260	108000	43260	108000
725	43320	22818	14696	43320	108000	43320	108000
727	43380	3103	19579	43380	108000	43380	108000
729	43440	3058	23711	43440	108000	43440	108000
731	43500	8850	23415	43500	108000	43500	108000
733	43560	15863	23472	43560	108000	43560	108000
735	43620	20493	6073	43620	108000	43620	108000
737	43680	23587	21101	43680	108000	43680	108000
739	43740	10042	1790	43740	108000	43740	108000
741	43800	18240	22431	43800	108000	43800	108000
743	43860	14533	10052	43860	108000	43860	108000
745	43920	16449	14943	43920	108000	43920	108000
747	43980	15469	21103	43980	108000	43980	108000
749	44040	2155	15448	44040	108000	44040	108000
751	44100	10929	23508	44100	108000	44100	108000
753	44160	2351	5608	44160	108000	44160	108000
755	44220	15802	4122	44220	108000	44220	108000
757	44280	18820	2132	44280	108000	44280	108000
759	44340	3666	14021	44340	108000	44340	108000
761	44400	78	15718	44400	108000	44400	108000
763	44460	9945	19591	44460	108000	44460	108000
765	44520	15621	11996	44520	108000	44520	108000
767	44580	8046	3803	44580	108000	44580	108000
769	44640	22791	4004	44640	108000	44640	108000
771	44700	5356	17522	44700	108000	44700	108000
773	44760	18232	21940	44760	108000	44760	108000
775	44820	2390	20589	44820	108000	44820	108000
777	44880	21167	9981	44880	108000	44880	108000
779	44940	22490	1102	44940	108000	44940	108000
781	45000	20965	22344	45000	108000	45000	108000
783	45060	4490	22425	45060	108000	45060	108000
785	45120	16104	18809	45120	108000	45120	108000
787	45180	21350	6747	45180	108000	45180	108000
789	45240	16510	15375	45240	108000	45240	108000
791	45300	15005	17343	45300	108000	45300	108000
793	45360	9994	15437	45360	108000	45360	108000
795	45420	21738	3181	45420	108000	45420	108000
797	45480	14965	19588	45480	108000	45480	108000
799	45540	23375	5221	45540	108000	45540	108000
801	45600	8113	4054	45600	108000	45600	108000
803	45660	11653	18174	45660	108000	45660	108000
805	45720	21787	22775	45720	108000	45720	108000
807	45780	9058	9882	45780	108000	45780	108000
809	45840	23890	8964	45840	108000	45840	108000
811	45900	13553	3282	45900	108000	45900	108000
813	45960	10366	10619	45960	108000	45960	108000
815	46020	415	15672	46020	108000	46020	108000
817	46080	17344	3369	46080	108000	46080	108000
819	46140	6966	16752	46140	108000	46140	108000
821	46200	490	16903	46200	108000	46200	108000
823	46260	11698	11502	46260	108000	46260	108000
825	46320	14410	16923	46320	108000	46320	108000
827	46380	22303	7153	46380	108000	46380	108000
829	46440	2354	22882	46440	108000	46440	108000
831	46500	930	11170	46500	108000	46500	108000
833	46560	1104	24022	46560	108000	46560	108000
835	46620	5769	21202	46620	108000	46620	108000
837	46680	868	13478	46680	108000	46680	108000
839	46740	15246	451	46740	108000	46740	108000
841	46800	19708	20363	46800	108000	46800	108000
843	46860	10435	11494	46860	108000	46860	108000
845	46920	19090	7070	46920	108000	46920	108000
847	46980	18863	14409	46980	108000	46980	108000
849	47040	1077	1547	47040	108000	47040	108000
851	47100	13764	3393	47100	108000	47100	108000
853	47160	19105	15523	47160	108000	47160	108000
855	47220	21296	5773	47220	108000	47220	108000
857	47280	21653	11639	47280	108000	47280	108000
859	47340	7448	16384	47340	108000	47340	108000
861	47400	16799	5140	47400	108000	47400	108000
863	47460	10132	7726	47460	108000	47460	108000
865	47520	3622	19120	47520	108000	47520	108000
867	47580	3852	6105	47580	108000	47580	108000
869	47640	5054	6089	47640	108000	47640	108000
871	47700	4788	17451	47700	108000	47700	108000
873	47760	17057	13881	47760	108000	47760	108000
875	47820	7302	14968	47820	108000	47820	108000
877	47880	9251	18118	47880	108000	47880	108000
879	47940	6320	5352	47940	108000	47940	108000
881	48000	16074	20962	48000	108000	48000	108000
883	48060	20695	20561	48060	108000	48060	108000
885	48120	6696	23925	48120	108000	48120	108000
887	48180	6997	951	48180	108000	48180	108000
889	48240	2116	15210	48240	108000	48240	108000
891	48300	19714	3745	48300	108000	48300	108000
893	48360	18250	841	48360	108000	48360	108000
895	48420	3309	7505	48420	108000	48420	108000
897	48480	23295	4148	48480	108000	48480	108000
899	48540	16863	6017	48540	108000	48540	108000
901	48600	23937	21471	48600	108000	48600	108000
903	48660	3009	4525	48660	108000	48660	108000
905	48720	16130	14293	48720	108000	48720	108000
907	48780	7561	15399	48780	108000	48780	108000
909	48840	19722	22979	48840	108000	48840	108000
911	48900	7744	1432	48900	108000	48900	108000
913	48960	7560	18504	48960	108000	48960	108000
915	49020	12038	4991	49020	108000	49020	108000
917	49080	8253	23274	49080	108000	49080	108000
919	49140	20768	23100	49140	108000	49140	108000
921	49200	22201	13782	49200	108000	49200	108000
923	49260	10591	7589	49260	108000	49260	108000
925	49320	12237	2227	49320	108000	49320	108000
927	49380	21944	657	49380	108000	49380	108000
929	49440	20286	8110	49440	108000	49440	108000
931	49500	22958	13076	49500	108000	49500	108000
933	49560	3863	22090	49560	108000	49560	108000
935	49620	16525	11997	49620	108000	49620	108000
937	49680	19174	11411	49680	108000	49680	108000
939	49740	653	5801	49740	108000	49740	108000
941	49800	20075	22660	49800	108000	49800	108000
943	49860	18514	12737	49860	108000	49860	108000
945	49920	7246	15228	49920	108000	49920	108000
947	49980	8361	132	49980	108000	49980	108000
949	50040	22242	6576	50040	108000	50040	108000
951	50100	10722	3265	50100	108000	50100	108000
953	50160	7910	20188	50160	108000	50160	108000
955	50220	5425	2949	50220	108000	50220	108000
957	50280	23743	1538	50280	108000	50280	108000
959	50340	11378	3910	50340	108000	50340	108000
961	50400	10404	14091	50400	108000	50400	108000
963	50460	8080	3715	50460	108000	50460	108000
965	50520	18663	3501	50520	108000	50520	108000
967	50580	20919	4613	50580	108000	50580	108000
969	50640	22302	11927	50640	108000	50640	108000
971	50700	2995	20873	50700	108000	50700	108000
973	50760	6714	5048	50760	108000	50760	108000
975	50820	7446	3477	50820	108000	50820	108000
977	50880	7444	14106	50880	108000	50880	108000
979	50940	22350	15477	50940	108000	50940	108000
981	51000	14513	1131	51000	108000	51000	108000
983	51060	22895	3423	51060	108000	51060	108000
985	51120	6057	10034	51120	108000	51120	108000
987	51180	14904	16267	51180	108000	51180	108000
989	51240	21994	14463	51240	108000	51240	108000
991	51300	11275	14613	51300	108000	51300	108000
993	51360	10844	23056	51360	108000	51360	108000
995	51420	23538	2170	51420	108000	51420	108000
997	51480	5166	23454	51480	108000	51480	108000
999	51540	21289	11432	51540	108000	51540	108000
1001	51600	16965	20369	51600	108000	51600	108000
1003	51660	21630	8134	51660	108000	51660	108000
1005	51720	484	21146	51720	108000	51720	108000
1007	51780	11241	5322	51780	108000	51780	108000
1009	51840	6570	6729	51840	108000	51840	108000
1011	51900	12205	8831	51900	108000	51900	108000
1013	51960	11592	13783	51960	108000	51960	108000
1015	52020	6181	10747	52020	108000	52020	108000
1017	52080	3146	23515	52080	108000	52080	108000
1019	52140	19323	2156	52140	108000	52140	108000
1021	52200	11379	6876	52200	108000	52200	108000
1023	52260	23826	8320	52260	108000	52260	108000
1025	52320	22505	4551	52320	108000	52320	108000
1027	52380	18394	14113	52380	108000	52380	108000
1029	52440	20734	8663	52440	108000	52440	108000
1031	52500	579	18671	52500	108000	52500	108000
1033	52560	11487	12631	52560	108000	52560	108000
1035	52620	6271	17702	52620	108000	52620	108000
1037	52680	20105	2197	52680	108000	52680	108000
1039	52740	15518	15103	52740	108000	52740	108000
1041	52800	18580	8336	52800	108000	52800	108000
1043	52860	12202	5363	52860	108000	52860	108000
1045	52920	22566	17723	52920	108000	52920	108000
1047	52980	4835	1883	52980	108000	52980	108000
1049	53040	10155	21765	53040	108000	53040	108000
1051	53100	15955	17502	53100	108000	53100	108000
1053	53160	15710	18694	53160	108000	53160	108000
1055	53220	14729	3234	53220	108000	53220	108000
1057	53280	16129	7134	53280	108000	53280	108000
1059	53340	17174	4538	53340	108000	53340	108000
1061	53400	21792	12014	53400	108000	53400	108000
1063	53460	18207	8922	53460	108000	53460	108000
1065	53520	739	10712	53520	108000	53520	108000
1067	53580	10735	14456	53580	108000	53580	108000
1069	53640	15216	4865	53640	108000	53640	108000
1071	53700	12338	22305	53700	108000	53700	108000
1073	53760	788	21855	53760	108000	53760	108000
1075	53820	17913	18875	53820	108000	53820	108000
1077	53880	6389	12241	53880	108000	53880	108000
1079	53940	18762	6139	53940	108000	53940	108000
1081	54000	12355	8836	54000	108000	54000	108000
1083	54060	4011	12958	54060	108000	54060	108000
1085	54120	22058	15840	54120	108000	54120	108000
1087	54180	8316	23669	54180	108000	54180	108000
1089	54240	17246	7065	54240	108000	54240	108000
1091	54300	15658	4787	54300	108000	54300	108000
1093	54360	1545	12968	54360	108000	54360	108000
1095	54420	9044	15851	54420	108000	54420	108000
1097	54480	19720	5619	54480	108000	54480	108000
1099	54540	18251	10449	54540	108000	54540	108000
1101	54600	23697	15921	54600	108000	54600	108000
1103	54660	13279	24035	54660	108000	54660	108000
1105	54720	157	20786	54720	108000	54720	108000
1107	54780	6275	7068	54780	108000	54780	108000
1109	54840	2196	5517	54840	108000	54840	108000
1111	54900	18093	1884	54900	108000	54900	108000
1113	54960	3251	20341	54960	108000	54960	108000
1115	55020	7033	20794	55020	108000	55020	108000
1117	55080	13486	11541	55080	108000	55080	108000
1119	55140	15193	20610	55140	108000	55140	108000
1121	55200	7367	5580	55200	108000	55200	108000
1123	55260	2636	19462	55260	108000	55260	108000
1125	55320	7013	2868	55320	108000	55320	108000
1127	55380	18119	6377	55380	108000	55380	108000
1129	55440	12834	21641	55440	108000	55440	108000
1131	55500	19529	14794	55500	108000	55500	108000
1133	55560	18689	18948	55560	108000	55560	108000
1135	55620	21109	8967	55620	108000	55620	108000
1137	55680	16201	10447	55680	108000	55680	108000
1139	55740	10148	11104	55740	108000	55740	108000
1141	55800	22557	18817	55800	108000	55800	108000
1143	55860	4809	17313	55860	108000	55860	108000
1145	55920	17261	19664	55920	108000	55920	108000
1147	55980	17150	19802	55980	108000	55980	108000
1149	56040	21897	2888	56040	108000	56040	108000
1151	56100	8848	6757	56100	108000	56100	108000
1153	56160	15335	9186	56160	108000	56160	108000
1155	56220	12080	2614	56220	108000	56220	108000
1157	56280	7776	19310	56280	108000	56280	108000
1159	56340	11423	21126	56340	108000	56340	108000
1161	56400	3137	7273	56400	108000	56400	108000
1163	56460	981	15935	56460	108000	56460	108000
1165	56520	3707	23785	56520	108000	56520	108000
1167	56580	18577	22904	56580	108000	56580	108000
1169	56640	19359	15714	56640	108000	56640	108000
1171	56700	19643	3779	56700	108000	56700	108000
1173	56760	6263	20124	56760	108000	56760	108000
1175	56820	7952	2348	56820	108000	56820	108000
1177	56880	1561	22645	56880	108000	56880	108000
1179	56940	19126	2268	56940	108000	56940	108000
1181	57000	20456	6755	57000	108000	57000	108000
1183	57060	1632	3427	57060	108000	57060	108000
1185	57120	15535	8627	57120	108000	57120	108000
1187	57180	8902	22182	57180	108000	57180	108000
1189	57240	17889	23778	57240	108000	57240	108000
1191	57300	20512	16909	57300	108000	57300	108000
1193	57360	20147	23051	57360	108000	57360	108000
1195	57420	7469	2628	57420	108000	57420	108000
1197	57480	14853	13559	57480	108000	57480	108000
1199	57540	19109	7340	57540	108000	57540	108000
1201	57600	6466	3638	57600	108000	57600	108000
1203	57660	17956	6921	57660	108000	57660	108000
1205	57720	22910	13330	57720	108000	57720	108000
1207	57780	3844	21860	57780	108000	57780	108000
1209	57840	18834	359	57840	108000	57840	108000
1211	57900	12313	17494	57900	108000	57900	108000
1213	57960	13489	22807	57960	108000	57960	108000
1215	58020	14414	1568	58020	108000	58020	108000
1217	58080	9248	16273	58080	108000	58080	108000
1219	58140	20929	17518	58140	108000	58140	108000
1221	58200	17886	12930	58200	108000	58200	108000
1223	58260	8018	4867	58260	108000	58260	108000
1225	58320	20086	9023	58320	108000	58320	108000
1227	58380	1736	10122	58380	108000	58380	108000
1229	58440	3376	22697	58440	108000	58440	108000
1231	58500	17667	20141	58500	108000	58500	108000
1233	58560	18661	6603	58560	108000	58560	108000
1235	58620	12659	8192	58620	108000	58620	108000
1237	58680	18013	12027	58680	108000	58680	108000
1239	58740	8623	22599	58740	108000	58740	108000
1241	58800	17083	1491	58800	108000	58800	108000
1243	58860	15597	5344	58860	108000	58860	108000
1245	58920	7402	13333	58920	108000	58920	108000
1247	58980	4543	10422	58980	108000	58980	108000
1249	59040	8351	21162	59040	108000	59040	108000
1251	59100	11456	4089	59100	108000	59100	108000
1253	59160	5897	3835	59160	108000	59160	108000
1255	59220	23034	19280	59220	108000	59220	108000
1257	59280	8938	22918	59280	108000	59280	108000
1259	59340	23150	7206	59340	108000	59340	108000
1261	59400	17752	11695	59400	108000	59400	108000
1263	59460	16814	16711	59460	108000	59460	108000
1265	59520	16196	6593	59520	108000	59520	108000
1267	59580	5284	15550	59580	108000	59580	108000
1269	59640	18793	8127	59640	108000	59640	108000
1271	59700	24040	18404	59700	108000	59700	108000
1273	59760	8981	10409	59760	108000	59760	108000
1275	59820	4018	3468	59820	108000	59820	108000
1277	59880	18018	17259	59880	108000	59880	108000
1279	59940	18971	6880	59940	108000	59940	108000
1281	60000	1871	9192	60000	108000	60000	108000
1283	60060	6506	14545	60060	108000	60060	108000
1285	60120	19369	11988	60120	108000	60120	108000
1287	60180	6107	19962	60180	108000	60180	108000
1289	60240	20247	17060	60240	108000	60240	108000
1291	60300	10582	16889	60300	108000	60300	108000
1293	60360	21326	12249	60360	108000	60360	108000
1295	60420	19531	17440	60420	108000	60420	108000
1297	60480	4594	9082	60480	108000	60480	108000
1299	60540	21634	22409	60540	108000	60540	108000
1301	60600	13875	10071	60600	108000	60600	108000
1303	60660	7188	7397	60660	108000	60660	108000
1305	60720	23227	22129	60720	108000	60720	108000
1307	60780	17110	23058	60780	108000	60780	108000
1309	60840	21022	17678	60840	108000	60840	108000
1311	60900	18760	14929	60900	108000	60900	108000
1313	60960	23373	5851	60960	108000	60960	108000
1315	61020	22892	11016	61020	108000	61020	108000
1317	61080	3720	13387	61080	108000	61080	108000
1319	61140	24025	16067	61140	108000	61140	108000
1321	61200	11231	435	61200	108000	61200	108000
1323	61260	18949	10438	61260	108000	61260	108000
1325	61320	10825	21252	61320	108000	61320	108000
1327	61380	17815	11198	61380	108000	61380	108000
1329	61440	18722	15981	61440	108000	61440	108000
1331	61500	8250	10797	61500	108000	61500	108000
1333	61560	6413	19066	61560	108000	61560	108000
1335	61620	537	10573	61620	108000	61620	108000
1337	61680	3616	7401	61680	108000	61680	108000
1339	61740	3722	11392	61740	108000	61740	108000
1341	61800	1751	19416	61800	108000	61800	108000
1343	61860	7595	20525	61860	108000	61860	108000
1345	61920	7661	5150	61920	108000	61920	108000
1347	61980	19004	13219	61980	108000	61980	108000
1349	62040	16042	2134	62040	108000	62040	108000
1351	62100	2638	13329	62100	108000	62100	108000
1353	62160	19373	23423	62160	108000	62160	108000
1355	62220	11060	22726	62220	108000	62220	108000
1357	62280	2073	22731	62280	108000	62280	108000
1359	62340	18397	15629	62340	108000	62340	108000
1361	62400	5241	18836	62400	108000	62400	108000
1363	62460	11932	15334	62460	108000	62460	108000
1365	62520	15373	956	62520	108000	62520	108000
1367	62580	15655	8328	62580	108000	62580	108000
1369	62640	23653	8768	62640	108000	62640	108000
1371	62700	11279	4505	62700	108000	62700	108000
1373	62760	4986	13027	62760	108000	62760	108000
1375	62820	20414	21662	62820	108000	62820	108000
1377	62880	15452	14086	62880	108000	62880	108000
1379	62940	4641	19064	62940	108000	62940	108000
1381	63000	8930	9063	63000	108000	63000	108000
1383	63060	2829	19122	63060	108000	63060	108000
1385	63120	18109	884	63120	108000	63120	108000
1387	63180	5599	20267	63180	108000	63180	108000
1389	63240	4051	3532	63240	108000	63240	108000
1391	63300	17179	17410	63300	108000	63300	108000
1393	63360	9510	17250	63360	108000	63360	108000
1395	63420	15057	1421	63420	108000	63420	108000
1397	63480	3609	14863	63480	108000	63480	108000
1399	63540	13106	620	63540	108000	63540	108000
1401	63600	10184	23063	63600	108000	63600	108000
1403	63660	1812	19549	63660	108000	63660	108000
1405	63720	9908	188	63720	108000	63720	108000
1407	63780	7624	20033	63780	108000	63780	108000
1409	63840	2278	12892	63840	108000	63840	108000
1411	63900	10204	16235	63900	108000	63900	108000
1413	63960	14717	12913	63960	108000	63960	108000
1415	64020	19456	5924	64020	108000	64020	108000
1417	64080	216	7439	64080	108000	64080	108000
1419	64140	4519	21942	64140	108000	64140	108000
1421	64200	7305	20710	64200	108000	64200	108000
1423	64260	2833	6093	64260	108000	64260	108000
1425	64320	22768	1719	64320	108000	64320	108000
1427	64380	9239	2937	64380	108000	64380	108000
1429	64440	23098	21205	64440	108000	64440	108000
1431	64500	1415	4842	64500	108000	64500	108000
1433	64560	8342	8957	64560	108000	64560	108000
1435	64620	18112	1144	64620	108000	64620	108000
1437	64680	1037	1665	64680	108000	64680	108000
1439	64740	15396	20908	64740	108000	64740	108000
1441	64800	575	21719	64800	108000	64800	108000
-1
