People requests (id, time_call, pickup_point, delivery_point, early_pickup_time, late_pickup_time, early_delivery_time, late_delivery_time, max_travel_distance (m), maxNbStops)
2	21600	24034	19794	21600	22500	21600	108000	48481.395765084824	5
4	21660	6140	13393	21660	22560	21660	108000	4670.339197759977	5
6	21720	17871	22508	21720	22620	21720	108000	26292.905432779648	5
8	21780	11328	10412	21780	22680	21780	108000	51710.1628223826	5
10	21840	12844	16952	21840	22740	21840	108000	12818.762592354215	5
12	21900	22921	49	21900	22800	21900	108000	5436.031083447198	5
14	21960	21886	2114	21960	22860	21960	108000	57678.904587312565	5
16	22020	3856	17503	22020	22920	22020	108000	22020.581412673415	5
18	22080	20877	3099	22080	22980	22080	108000	18524.79214810259	5
20	22140	4228	22341	22140	23040	22140	108000	31066.566918862496	5
22	22200	18770	6644	22200	23100	22200	108000	80413.6972305784	5
24	22260	18405	19845	22260	23160	22260	108000	8943.71837752892	5
26	22320	15816	20786	22320	23220	22320	108000	24686.93176932035	5
28	22380	20228	19386	22380	23280	22380	108000	46358.06342877369	5
30	22440	18495	12321	22440	23340	22440	108000	15262.383880779855	5
32	22500	18435	17501	22500	23400	22500	108000	26319.36230521488	5
34	22560	7153	20499	22560	23460	22560	108000	30627.892540435365	5
36	22620	13573	20347	22620	23520	22620	108000	33466.70076150689	5
38	22680	23859	3404	22680	23580	22680	108000	52005.26351346337	5
40	22740	19110	23245	22740	23640	22740	108000	19514.46567253875	5
42	22800	738	1146	22800	23700	22800	108000	41030.66794142662	5
44	22860	12224	5051	22860	23760	22860	108000	15056.682069836485	5
46	22920	3710	17825	22920	23820	22920	108000	59995.28757717522	5
48	22980	8847	21363	22980	23880	22980	108000	29317.565541542517	5
50	23040	6016	8037	23040	23940	23040	108000	7051.309675269622	5
52	23100	22406	22213	23100	24000	23100	108000	48797.75957771344	5
54	23160	12980	22247	23160	24060	23160	108000	51747.12635164189	5
56	23220	23327	2770	23220	24120	23220	108000	6933.799197816954	5
58	23280	22478	7468	23280	24180	23280	108000	18861.118410604264	5
60	23340	22428	16091	23340	24240	23340	108000	22209.989142802147	5
62	23400	20579	8986	23400	24300	23400	108000	39004.04286235904	5
64	23460	15599	13470	23460	24360	23460	108000	24195.92886512774	5
66	23520	20410	11822	23520	24420	23520	108000	907.7110327884877	5
68	23580	13096	6392	23580	24480	23580	108000	11552.765007309374	5
70	23640	17834	7905	23640	24540	23640	108000	42487.53256095484	5
72	23700	5033	1505	23700	24600	23700	108000	13539.531046123791	5
74	23760	12045	16938	23760	24660	23760	108000	33547.083250067335	5
76	23820	1051	14296	23820	24720	23820	108000	48739.734710488454	5
78	23880	15586	14725	23880	24780	23880	108000	27399.793655054862	5
80	23940	773	21743	23940	24840	23940	108000	47164.02862034628	5
82	24000	16142	12962	24000	24900	24000	108000	2450.6581259600534	5
84	24060	6970	16438	24060	24960	24060	108000	31578.720874463637	5
86	24120	17884	14622	24120	25020	24120	108000	36633.22471890868	5
88	24180	3538	23941	24180	25080	24180	108000	48185.91023053259	5
90	24240	10605	17237	24240	25140	24240	108000	22846.29938332205	5
92	24300	16526	21990	24300	25200	24300	108000	44329.748694997375	5
94	24360	15306	3266	24360	25260	24360	108000	28038.05971416259	5
96	24420	13336	22511	24420	25320	24420	108000	5723.562864165948	5
98	24480	16347	11964	24480	25380	24480	108000	39314.080052017336	5
100	24540	20227	14293	24540	25440	24540	108000	9103.884517499451	5
102	24600	15310	18751	24600	25500	24600	108000	51542.128236180266	5
104	24660	23686	22291	24660	25560	24660	108000	51917.99769420224	5
106	24720	6247	16448	24720	25620	24720	108000	20678.22604038814	5
108	24780	22147	19412	24780	25680	24780	108000	49265.46014496231	5
110	24840	5898	10404	24840	25740	24840	108000	20746.929442771037	5
112	24900	3220	9510	24900	25800	24900	108000	64979.85891544833	5
114	24960	8196	11008	24960	25860	24960	108000	39583.96866821926	5
116	25020	5629	11809	25020	25920	25020	108000	22696.7369811729	5
118	25080	3772	23098	25080	25980	25080	108000	43331.898426347616	5
120	25140	7100	15823	25140	26040	25140	108000	29721.338390282388	5
122	25200	19798	10035	25200	26100	25200	108000	12304.144214948754	5
124	25260	17977	4386	25260	26160	25260	108000	42744.99257560054	5
126	25320	658	7024	25320	26220	25320	108000	44013.44415645265	5
128	25380	21773	227	25380	26280	25380	108000	34698.90954581467	5
130	25440	21314	11286	25440	26340	25440	108000	64568.598388661536	5
132	25500	8749	13063	25500	26400	25500	108000	18464.387597516055	5
134	25560	5109	4844	25560	26460	25560	108000	24465.99543631919	5
136	25620	7995	15893	25620	26520	25620	108000	32547.477308897935	5
138	25680	19396	2663	25680	26580	25680	108000	13030.812119669348	5
140	25740	3080	13401	25740	26640	25740	108000	27179.180599806226	5
142	25800	23639	3212	25800	26700	25800	108000	20753.04473709883	5
144	25860	3415	20489	25860	26760	25860	108000	62502.667929962474	5
146	25920	8876	4495	25920	26820	25920	108000	64755.49009251486	5
148	25980	7390	7367	25980	26880	25980	108000	1892.6681111644307	5
150	26040	8017	21552	26040	26940	26040	108000	30205.203344930567	5
152	26100	9220	22623	26100	27000	26100	108000	9107.508222288912	5
154	26160	8952	8246	26160	27060	26160	108000	46801.08852469287	5
156	26220	21997	17889	26220	27120	26220	108000	74709.84451884894	5
158	26280	23387	18188	26280	27180	26280	108000	33004.50213989996	5
160	26340	19714	5903	26340	27240	26340	108000	12430.257489148038	5
162	26400	21180	21484	26400	27300	26400	108000	13655.928558303931	5
164	26460	3202	5082	26460	27360	26460	108000	13794.053440861795	5
166	26520	14611	7632	26520	27420	26520	108000	66121.50225685985	5
168	26580	7014	14802	26580	27480	26580	108000	23137.23422573564	5
170	26640	1191	7396	26640	27540	26640	108000	19620.39125903685	5
172	26700	8696	10355	26700	27600	26700	108000	28899.030447267538	5
174	26760	21764	823	26760	27660	26760	108000	46491.41981911764	5
176	26820	10712	3338	26820	27720	26820	108000	24015.72736669413	5
178	26880	2741	1421	26880	27780	26880	108000	7930.491118690603	5
180	26940	19950	14890	26940	27840	26940	108000	21528.30838913611	5
182	27000	23169	22751	27000	27900	27000	108000	10615.609951690036	5
184	27060	21885	23620	27060	27960	27060	108000	42025.69369424442	5
186	27120	181	1584	27120	28020	27120	108000	34335.496007924725	5
188	27180	4829	1755	27180	28080	27180	108000	10637.277799802281	5
190	27240	8035	23915	27240	28140	27240	108000	36174.63093934477	5
192	27300	10954	10093	27300	28200	27300	108000	12479.631386411342	5
194	27360	1170	18336	27360	28260	27360	108000	10357.23907235032	5
196	27420	18727	7038	27420	28320	27420	108000	65228.53984763044	5
198	27480	21446	12813	27480	28380	27480	108000	20771.38606880734	5
200	27540	17385	20526	27540	28440	27540	108000	16758.98266792583	5
202	27600	19514	21586	27600	28500	27600	108000	24357.58060708368	5
204	27660	15446	22726	27660	28560	27660	108000	67928.65755721492	5
206	27720	3612	3798	27720	28620	27720	108000	2357.869534615482	5
208	27780	10784	20596	27780	28680	27780	108000	81478.7136855932	5
210	27840	11045	10568	27840	28740	27840	108000	62717.85693993254	5
212	27900	17720	15603	27900	28800	27900	108000	80185.84143018303	5
214	27960	6272	11184	27960	28860	27960	108000	8762.553737584349	5
216	28020	13093	7485	28020	28920	28020	108000	19764.582376917566	5
218	28080	12129	16798	28080	28980	28080	108000	3610.436146449764	5
220	28140	1524	6545	28140	29040	28140	108000	46889.88915582945	5
222	28200	11713	4570	28200	29100	28200	108000	22136.55606892981	5
224	28260	897	20146	28260	29160	28260	108000	27198.3183288036	5
226	28320	13478	911	28320	29220	28320	108000	23970.853950039742	5
228	28380	12228	21220	28380	29280	28380	108000	50662.796539476876	5
230	28440	889	2119	28440	29340	28440	108000	12859.792809944913	5
232	28500	14483	284	28500	29400	28500	108000	58016.08406217292	5
234	28560	11970	11531	28560	29460	28560	108000	21609.752811958915	5
236	28620	13397	18703	28620	29520	28620	108000	31865.945488828245	5
238	28680	18647	21089	28680	29580	28680	108000	26655.304224091677	5
240	28740	20134	5828	28740	29640	28740	108000	24925.133697514815	5
242	28800	13563	6608	28800	29700	28800	108000	50062.88683928449	5
244	28860	12048	23702	28860	29760	28860	108000	23537.5676007753	5
246	28920	1063	10157	28920	29820	28920	108000	28546.68536522679	5
248	28980	10340	15182	28980	29880	28980	108000	72442.51660340057	5
250	29040	18229	4084	29040	29940	29040	108000	40516.59042562415	5
252	29100	5538	2911	29100	30000	29100	108000	30998.705543330474	5
254	29160	20013	2933	29160	30060	29160	108000	33872.11340936075	5
256	29220	7942	22722	29220	30120	29220	108000	28405.934727056807	5
258	29280	7596	854	29280	30180	29280	108000	19592.095457505573	5
260	29340	10770	17421	29340	30240	29340	108000	64584.014223959115	5
262	29400	20607	15852	29400	30300	29400	108000	31567.223272489697	5
264	29460	6046	14512	29460	30360	29460	108000	9746.898314256518	5
266	29520	4632	7466	29520	30420	29520	108000	2205.017960599195	5
268	29580	2935	8940	29580	30480	29580	108000	18929.566622607916	5
270	29640	23281	408	29640	30540	29640	108000	9301.771158218104	5
272	29700	3179	22591	29700	30600	29700	108000	9547.791029939208	5
274	29760	12208	17864	29760	30660	29760	108000	19236.624158544084	5
276	29820	16516	10764	29820	30720	29820	108000	47848.029836728485	5
278	29880	15415	8927	29880	30780	29880	108000	35382.07004923924	5
280	29940	12732	4007	29940	30840	29940	108000	22028.32755068687	5
282	30000	10809	6732	30000	30900	30000	108000	61601.73180630541	5
284	30060	14244	12977	30060	30960	30060	108000	44010.57670034166	5
286	30120	8344	16757	30120	31020	30120	108000	21881.868429045135	5
288	30180	13472	13769	30180	31080	30180	108000	6763.736515025117	5
290	30240	11310	7741	30240	31140	30240	108000	13194.981601387153	5
292	30300	20663	11997	30300	31200	30300	108000	22515.652857664063	5
294	30360	3009	14003	30360	31260	30360	108000	53874.69077325893	5
296	30420	7926	23566	30420	31320	30420	108000	24329.93697155038	5
298	30480	2065	20676	30480	31380	30480	108000	43137.624569095555	5
300	30540	676	8754	30540	31440	30540	108000	26071.97994013081	5
302	30600	2060	11537	30600	31500	30600	108000	42991.46211418814	5
304	30660	21787	5557	30660	31560	30660	108000	7983.09724222089	5
306	30720	3998	17029	30720	31620	30720	108000	17895.673843384327	5
308	30780	20242	22451	30780	31680	30780	108000	74520.99709066623	5
310	30840	18555	5601	30840	31740	30840	108000	29822.474541637668	5
312	30900	16827	17393	30900	31800	30900	108000	21198.354214974468	5
314	30960	11129	1901	30960	31860	30960	108000	12363.915892983736	5
316	31020	17491	1032	31020	31920	31020	108000	50594.05034606101	5
318	31080	17118	5337	31080	31980	31080	108000	2411.2965138543077	5
320	31140	12337	19378	31140	32040	31140	108000	45969.8591177451	5
322	31200	14285	23364	31200	32100	31200	108000	45527.75329216887	5
324	31260	20744	15339	31260	32160	31260	108000	9228.662689212006	5
326	31320	15377	11473	31320	32220	31320	108000	13703.145755850317	5
328	31380	11448	398	31380	32280	31380	108000	27311.852152452393	5
330	31440	2837	21010	31440	32340	31440	108000	23418.615512332577	5
332	31500	2914	3564	31500	32400	31500	108000	33162.967273927454	5
334	31560	59	10062	31560	32460	31560	108000	13225.937427199166	5
336	31620	17464	23832	31620	32520	31620	108000	55247.67897072128	5
338	31680	615	19427	31680	32580	31680	108000	38373.1083396319	5
340	31740	21905	7046	31740	32640	31740	108000	44454.02386191078	5
342	31800	12909	21749	31800	32700	31800	108000	52776.49495831667	5
344	31860	13516	20337	31860	32760	31860	108000	38523.517151419655	5
346	31920	3294	13224	31920	32820	31920	108000	61419.64812714625	5
348	31980	10498	10624	31980	32880	31980	108000	54106.298954658814	5
350	32040	13415	20958	32040	32940	32040	108000	10043.182856555964	5
352	32100	10720	3595	32100	33000	32100	108000	19125.858880115036	5
354	32160	6618	2787	32160	33060	32160	108000	47471.13626832906	5
356	32220	3378	4315	32220	33120	32220	108000	41716.150012415965	5
358	32280	1522	23103	32280	33180	32280	108000	5936.964195964389	5
360	32340	2730	7677	32340	33240	32340	108000	11621.165934318502	5
362	32400	6229	14803	32400	33300	32400	108000	16091.58507908318	5
364	32460	12740	673	32460	33360	32460	108000	14318.197341967409	5
366	32520	1663	5517	32520	33420	32520	108000	9017.936930328537	5
368	32580	15829	10495	32580	33480	32580	108000	49331.25742584449	5
370	32640	11362	469	32640	33540	32640	108000	9753.43413608383	5
372	32700	744	13547	32700	33600	32700	108000	28827.23692055562	5
374	32760	23849	16825	32760	33660	32760	108000	20322.877553420938	5
376	32820	14445	14899	32820	33720	32820	108000	3886.6329194501063	5
378	32880	15869	6320	32880	33780	32880	108000	6074.83214065962	5
380	32940	16447	20613	32940	33840	32940	108000	47019.08222646238	5
382	33000	16287	14071	33000	33900	33000	108000	37229.83910851656	5
384	33060	3704	20372	33060	33960	33060	108000	16054.617133989612	5
386	33120	10463	5981	33120	34020	33120	108000	28183.48876012677	5
388	33180	6614	23354	33180	34080	33180	108000	39062.51390965292	5
390	33240	17381	14326	33240	34140	33240	108000	65160.374991490586	5
392	33300	6634	6613	33300	34200	33300	108000	1150.2173669633041	5
394	33360	16332	19337	33360	34260	33360	108000	33372.13655247593	5
396	33420	4450	14324	33420	34320	33420	108000	51962.69397535721	5
398	33480	24045	18842	33480	34380	33480	108000	17790.7552710688	5
400	33540	18996	21425	33540	34440	33540	108000	73251.5066624489	5
402	33600	5089	15644	33600	34500	33600	108000	60604.098591918	5
404	33660	3375	4488	33660	34560	33660	108000	39531.00786751159	5
406	33720	903	751	33720	34620	33720	108000	18883.82256062268	5
408	33780	5287	16707	33780	34680	33780	108000	39309.16114239743	5
410	33840	11342	13007	33840	34740	33840	108000	30266.44020506545	5
412	33900	14840	14839	33900	34800	33900	108000	37.053783464547244	5
414	33960	193	14258	33960	34860	33960	108000	32698.967575262934	5
416	34020	16756	5392	34020	34920	34020	108000	49912.800635704225	5
418	34080	19281	15595	34080	34980	34080	108000	10033.31532396113	5
420	34140	18962	749	34140	35040	34140	108000	6288.919758904088	5
422	34200	12781	23260	34200	35100	34200	108000	33030.545871492584	5
424	34260	7935	20417	34260	35160	34260	108000	39487.72805905253	5
426	34320	13003	1138	34320	35220	34320	108000	7523.9849836294015	5
428	34380	15608	14501	34380	35280	34380	108000	16361.700325101061	5
430	34440	15903	18421	34440	35340	34440	108000	40995.41224059896	5
432	34500	21269	455	34500	35400	34500	108000	67838.73345215664	5
434	34560	3229	7572	34560	35460	34560	108000	33503.90470454842	5
436	34620	6104	5498	34620	35520	34620	108000	1634.8619017641076	5
438	34680	7778	21062	34680	35580	34680	108000	20241.779452270563	5
440	34740	15193	19795	34740	35640	34740	108000	32839.896078409765	5
442	34800	14049	3959	34800	35700	34800	108000	12807.574737887455	5
444	34860	5761	893	34860	35760	34860	108000	25518.755831199665	5
446	34920	24000	16460	34920	35820	34920	108000	28761.21751125427	5
448	34980	23000	22371	34980	35880	34980	108000	3570.4253638395353	5
450	35040	6309	22079	35040	35940	35040	108000	47053.0643859154	5
452	35100	13248	2897	35100	36000	35100	108000	20974.961443407996	5
454	35160	23055	17454	35160	36060	35160	108000	57741.278108643164	5
456	35220	9006	1644	35220	36120	35220	108000	31842.49635179474	5
458	35280	6477	10827	35280	36180	35280	108000	18243.936313031165	5
460	35340	23770	10423	35340	36240	35340	108000	48209.96763661264	5
462	35400	1779	19155	35400	36300	35400	108000	6186.915785070188	5
464	35460	19314	17650	35460	36360	35460	108000	29711.03576128058	5
466	35520	20679	22336	35520	36420	35520	108000	21782.924345751082	5
468	35580	20977	19041	35580	36480	35580	108000	17647.908996293194	5
470	35640	6253	5912	35640	36540	35640	108000	21168.54272157621	5
472	35700	19992	2387	35700	36600	35700	108000	30162.761103567067	5
474	35760	6784	536	35760	36660	35760	108000	9397.530870962435	5
476	35820	17239	374	35820	36720	35820	108000	45021.150984114596	5
478	35880	6567	1713	35880	36780	35880	108000	21038.542587579504	5
480	35940	8084	5354	35940	36840	35940	108000	50965.1743559149	5
482	36000	22329	10975	36000	36900	36000	108000	11987.855866244938	5
484	36060	1476	14715	36060	36960	36060	108000	13522.146843955223	5
486	36120	55	23524	36120	37020	36120	108000	16128.183339441593	5
488	36180	9114	13977	36180	37080	36180	108000	21459.563034729614	5
490	36240	4296	338	36240	37140	36240	108000	59879.895702541515	5
492	36300	21416	23723	36300	37200	36300	108000	71871.64519987139	5
494	36360	2055	23022	36360	37260	36360	108000	17534.05975594546	5
496	36420	12869	17483	36420	37320	36420	108000	61896.699588857424	5
498	36480	8849	7364	36480	37380	36480	108000	42598.01147174319	5
500	36540	8645	4160	36540	37440	36540	108000	27028.58668987451	5
502	36600	21359	22045	36600	37500	36600	108000	15931.082337072314	5
504	36660	8358	3845	36660	37560	36660	108000	15827.452522825284	5
506	36720	15731	11241	36720	37620	36720	108000	1589.858127215393	5
508	36780	22628	600	36780	37680	36780	108000	7862.00946902263	5
510	36840	19407	9207	36840	37740	36840	108000	10297.673294869008	5
512	36900	15513	5063	36900	37800	36900	108000	18496.400832885545	5
514	36960	14819	4713	36960	37860	36960	108000	12171.234652064893	5
516	37020	19018	12180	37020	37920	37020	108000	21211.908616854103	5
518	37080	3795	365	37080	37980	37080	108000	45611.219384234995	5
520	37140	90	3284	37140	38040	37140	108000	45421.63710320512	5
522	37200	17892	4510	37200	38100	37200	108000	7527.250036535585	5
524	37260	5044	3359	37260	38160	37260	108000	49469.23741999219	5
526	37320	17927	20086	37320	38220	37320	108000	45770.71426845517	5
528	37380	110	15568	37380	38280	37380	108000	7119.898574484892	5
530	37440	400	13237	37440	38340	37440	108000	1807.082810263791	5
532	37500	7727	22154	37500	38400	37500	108000	51450.44981238605	5
534	37560	5388	10085	37560	38460	37560	108000	13512.544939465013	5
536	37620	12001	4561	37620	38520	37620	108000	26056.943373913782	5
538	37680	20152	8150	37680	38580	37680	108000	22794.817408671785	5
540	37740	18656	14436	37740	38640	37740	108000	73288.41728427925	5
542	37800	16937	16719	37800	38700	37800	108000	61037.61082241125	5
544	37860	3224	7711	37860	38760	37860	108000	43501.51898204944	5
546	37920	1836	2827	37920	38820	37920	108000	7978.765521308855	5
548	37980	12031	17350	37980	38880	37980	108000	15147.409228855056	5
550	38040	22075	6647	38040	38940	38040	108000	64656.85654169106	5
552	38100	7019	11662	38100	39000	38100	108000	28383.47070126243	5
554	38160	19637	23736	38160	39060	38160	108000	28844.011616297023	5
556	38220	8882	17686	38220	39120	38220	108000	11480.282668163713	5
558	38280	21345	14952	38280	39180	38280	108000	77436.93599127892	5
560	38340	5572	6492	38340	39240	38340	108000	22426.265967955645	5
562	38400	9938	11424	38400	39300	38400	108000	3401.230056586649	5
564	38460	1914	3735	38460	39360	38460	108000	36844.245268570725	5
566	38520	7138	13553	38520	39420	38520	108000	21635.32563726289	5
568	38580	6145	11043	38580	39480	38580	108000	42560.57137639192	5
570	38640	5381	3235	38640	39540	38640	108000	58168.35263828581	5
572	38700	16686	267	38700	39600	38700	108000	17026.88501847172	5
574	38760	20683	978	38760	39660	38760	108000	25170.879178937048	5
576	38820	6404	85	38820	39720	38820	108000	24392.254579983884	5
578	38880	15935	3240	38880	39780	38880	108000	41633.01716364674	5
580	38940	12872	10154	38940	39840	38940	108000	13598.607921768022	5
582	39000	20884	24025	39000	39900	39000	108000	17847.94023982567	5
584	39060	2963	23806	39060	39960	39060	108000	12648.322200463592	5
586	39120	23929	15725	39120	40020	39120	108000	10434.327568281933	5
588	39180	19711	9947	39180	40080	39180	108000	31361.260558849226	5
590	39240	4577	17428	39240	40140	39240	108000	10890.091095992088	5
592	39300	15190	18097	39300	40200	39300	108000	45103.11839269173	5
594	39360	17116	10609	39360	40260	39360	108000	50554.89966507098	5
596	39420	5342	9953	39420	40320	39420	108000	16203.675809449298	5
598	39480	19162	23652	39480	40380	39480	108000	17198.161726473765	5
600	39540	22913	5863	39540	40440	39540	108000	31461.563549583974	5
602	39600	20421	17739	39600	40500	39600	108000	53520.71646142858	5
604	39660	14453	5400	39660	40560	39660	108000	10755.117799649754	5
606	39720	4080	9197	39720	40620	39720	108000	7014.315966916421	5
608	39780	3144	23624	39780	40680	39780	108000	11350.905034235133	5
610	39840	3730	540	39840	40740	39840	108000	47472.25772108011	5
612	39900	23451	20758	39900	40800	39900	108000	13856.527903382632	5
614	39960	5860	22391	39960	40860	39960	108000	44720.4870177532	5
616	40020	18001	11058	40020	40920	40020	108000	40174.93726181783	5
618	40080	2306	3020	40080	40980	40080	108000	66132.10259562454	5
620	40140	22217	9934	40140	41040	40140	108000	54114.764085573726	5
622	40200	8704	17804	40200	41100	40200	108000	28368.773881514284	5
624	40260	20782	7757	40260	41160	40260	108000	5614.533211981868	5
626	40320	1031	1730	40320	41220	40320	108000	36441.944931900856	5
628	40380	17706	18575	40380	41280	40380	108000	48158.53516112598	5
630	40440	15807	2936	40440	41340	40440	108000	25455.84696164752	5
632	40500	1756	19164	40500	41400	40500	108000	5263.667335582263	5
634	40560	17351	22660	40560	41460	40560	108000	11463.075359710878	5
636	40620	929	10139	40620	41520	40620	108000	30750.685441682945	5
638	40680	1076	6459	40680	41580	40680	108000	58973.951377834	5
640	40740	19570	4465	40740	41640	40740	108000	29991.693242094054	5
642	40800	812	22023	40800	41700	40800	108000	53158.095861357455	5
644	40860	13016	6683	40860	41760	40860	108000	32319.51959331364	5
646	40920	2925	22868	40920	41820	40920	108000	41018.808525385546	5
648	40980	16226	4043	40980	41880	40980	108000	55227.0590400597	5
650	41040	7623	12916	41040	41940	41040	108000	58746.14044139271	5
652	41100	14078	7694	41100	42000	41100	108000	28285.820084009098	5
654	41160	2844	15955	41160	42060	41160	108000	9336.839527501	5
656	41220	312	12297	41220	42120	41220	108000	25331.988770635253	5
658	41280	23018	7833	41280	42180	41280	108000	16832.401971247866	5
660	41340	22072	6112	41340	42240	41340	108000	24142.946556847695	5
662	41400	16138	17371	41400	42300	41400	108000	19601.798541500662	5
664	41460	17076	3762	41460	42360	41460	108000	33151.374254372335	5
666	41520	6213	18052	41520	42420	41520	108000	48888.7333318786	5
668	41580	16990	7812	41580	42480	41580	108000	2799.855702385769	5
670	41640	21294	21888	41640	42540	41640	108000	24441.980357681194	5
672	41700	22324	3136	41700	42600	41700	108000	40337.469725055525	5
674	41760	22768	8948	41760	42660	41760	108000	15154.490761130264	5
676	41820	6713	5095	41820	42720	41820	108000	1702.1789268677144	5
678	41880	18564	8892	41880	42780	41880	108000	30908.306659830323	5
680	41940	12315	19623	41940	42840	41940	108000	49570.296616371095	5
682	42000	5346	19521	42000	42900	42000	108000	20890.6567258286	5
684	42060	14485	21999	42060	42960	42060	108000	72619.60598337464	5
686	42120	18921	7870	42120	43020	42120	108000	16596.647795933917	5
688	42180	13084	14821	42180	43080	42180	108000	30475.45614288168	5
690	42240	11638	7283	42240	43140	42240	108000	46465.152589375815	5
692	42300	20725	19752	42300	43200	42300	108000	19706.291914021105	5
694	42360	15802	10709	42360	43260	42360	108000	64754.47222224064	5
696	42420	2892	17857	42420	43320	42420	108000	18614.644296831248	5
698	42480	22927	19085	42480	43380	42480	108000	6261.4028131772775	5
700	42540	19447	19758	42540	43440	42540	108000	44488.44732530374	5
702	42600	14608	7628	42600	43500	42600	108000	66492.90483380998	5
704	42660	6980	20351	42660	43560	42660	108000	38914.1817817407	5
706	42720	21840	7223	42720	43620	42720	108000	35789.648115740376	5
708	42780	733	21129	42780	43680	42780	108000	48552.89647526799	5
710	42840	22434	20695	42840	43740	42840	108000	44359.88644636501	5
712	42900	8953	11027	42900	43800	42900	108000	7060.507239762856	5
714	42960	14043	17765	42960	43860	42960	108000	34966.16091433869	5
716	43020	17141	18720	43020	43920	43020	108000	63600.52672854737	5
718	43080	1727	16454	43080	43980	43080	108000	7065.428523180908	5
720	43140	5206	16456	43140	44040	43140	108000	40375.6139887349	5
722	43200	22203	18028	43200	44100	43200	108000	24169.993117836275	5
724	43260	18037	1776	43260	44160	43260	108000	26001.590248816337	5
726	43320	23322	3725	43320	44220	43320	108000	38763.123190341656	5
728	43380	1712	7002	43380	44280	43380	108000	38671.20510248247	5
730	43440	23399	16700	43440	44340	43440	108000	37603.934628042436	5
732	43500	14727	20121	43500	44400	43500	108000	26407.800920956804	5
734	43560	18952	8245	43560	44460	43560	108000	25591.01920835241	5
736	43620	10136	10156	43620	44520	43620	108000	35107.14340858134	5
738	43680	4516	22580	43680	44580	43680	108000	4797.14284249712	5
740	43740	8767	2316	43740	44640	43740	108000	22506.462136244132	5
742	43800	21156	4980	43800	44700	43800	108000	36604.36739124559	5
744	43860	19287	7290	43860	44760	43860	108000	42607.51244107162	5
746	43920	1908	7317	43920	44820	43920	108000	21591.90541086086	5
748	43980	1921	23496	43980	44880	43980	108000	14102.918912625868	5
750	44040	8901	9226	44040	44940	44040	108000	27069.715700166682	5
752	44100	14910	21288	44100	45000	44100	108000	67540.52897791078	5
754	44160	11756	23764	44160	45060	44160	108000	32707.397902680597	5
756	44220	5405	3412	44220	45120	44220	108000	69168.4698707882	5
758	44280	5226	5782	44280	45180	44280	108000	21475.65379144757	5
760	44340	22641	9972	44340	45240	44340	108000	1679.4743253275567	5
762	44400	10584	13494	44400	45300	44400	108000	65070.30158367574	5
764	44460	23293	23674	44460	45360	44460	108000	6059.830890313418	5
766	44520	10842	15689	44520	45420	44520	108000	33010.36353327454	5
768	44580	5229	21965	44580	45480	44580	108000	34191.01748463994	5
770	44640	23253	23225	44640	45540	44640	108000	1705.5906734243995	5
772	44700	6757	14137	44700	45600	44700	108000	31609.13091946556	5
774	44760	9501	16278	44760	45660	44760	108000	10663.649521553742	5
776	44820	17990	8949	44820	45720	44820	108000	43077.790289267214	5
778	44880	12344	19982	44880	45780	44880	108000	5039.9132541034305	5
780	44940	12859	1618	44940	45840	44940	108000	38885.802431866476	5
782	45000	3833	3917	45000	45900	45000	108000	24388.989098930502	5
784	45060	19749	11114	45060	45960	45060	108000	39888.79582883837	5
786	45120	11215	20037	45120	46020	45120	108000	42165.29115131058	5
788	45180	17584	13269	45180	46080	45180	108000	7139.604916488668	5
790	45240	140	2753	45240	46140	45240	108000	11991.553858279576	5
792	45300	10812	23707	45300	46200	45300	108000	76421.59934967833	5
794	45360	6165	19759	45360	46260	45360	108000	62401.24475644856	5
796	45420	18523	20968	45420	46320	45420	108000	15156.237703706574	5
798	45480	22181	3898	45480	46380	45480	108000	17209.35827013423	5
800	45540	13539	6297	45540	46440	45540	108000	13798.55214818551	5
802	45600	18067	11516	45600	46500	45600	108000	51409.826719135286	5
804	45660	14523	12243	45660	46560	45660	108000	13878.420029119296	5
806	45720	12072	9901	45720	46620	45720	108000	21635.91115193409	5
808	45780	6848	23125	45780	46680	45780	108000	17487.775771330707	5
810	45840	13225	12030	45840	46740	45840	108000	25157.798039938498	5
812	45900	22055	23129	45900	46800	45900	108000	53707.62896066636	5
814	45960	19016	19657	45960	46860	45960	108000	16938.05537785056	5
816	46020	7414	14551	46020	46920	46020	108000	9646.660738764085	5
818	46080	22444	23471	46080	46980	46080	108000	25470.076152370086	5
820	46140	6428	4500	46140	47040	46140	108000	39170.46556173662	5
822	46200	23600	24	46200	47100	46200	108000	3390.324397509021	5
824	46260	9044	18698	46260	47160	46260	108000	64350.245976540085	5
826	46320	6463	21639	46320	47220	46320	108000	36282.05845902876	5
828	46380	656	11108	46380	47280	46380	108000	23650.83545357961	5
830	46440	13804	17595	46440	47340	46440	108000	27025.350808421485	5
832	46500	1667	22987	46500	47400	46500	108000	48589.62775444179	5
834	46560	5159	15474	46560	47460	46560	108000	62157.79566033268	5
836	46620	5969	11763	46620	47520	46620	108000	10679.953742902064	5
838	46680	13077	14254	46680	47580	46680	108000	19520.106094859886	5
840	46740	18267	2226	46740	47640	46740	108000	44052.10220578273	5
842	46800	16218	8164	46800	47700	46800	108000	41108.12792567566	5
844	46860	3269	18316	46860	47760	46860	108000	26656.695235590254	5
846	46920	19165	7631	46920	47820	46920	108000	39847.30231310232	5
848	46980	10991	2350	46980	47880	46980	108000	6119.568936052877	5
850	47040	19426	561	47040	47940	47040	108000	47186.52372949754	5
852	47100	10953	3962	47100	48000	47100	108000	16725.72083514298	5
854	47160	15574	2709	47160	48060	47160	108000	26867.65013344117	5
856	47220	5235	20154	47220	48120	47220	108000	18025.09477616364	5
858	47280	21499	6005	47280	48180	47280	108000	20047.610142575693	5
860	47340	3843	1450	47340	48240	47340	108000	39846.82850858827	5
862	47400	11666	16537	47400	48300	47400	108000	89250.72310713111	5
864	47460	447	20736	47460	48360	47460	108000	18736.99438121702	5
866	47520	17883	11526	47520	48420	47520	108000	52673.628858622746	5
868	47580	16050	23857	47580	48480	47580	108000	9402.380475341904	5
870	47640	2721	1181	47640	48540	47640	108000	30895.67858968545	5
872	47700	23882	153	47700	48600	47700	108000	23640.53293687193	5
874	47760	11380	23675	47760	48660	47760	108000	17870.312409794642	5
876	47820	12076	10	47820	48720	47820	108000	20711.517653483486	5
878	47880	15009	21267	47880	48780	47880	108000	39917.98988557231	5
880	47940	18928	17962	47940	48840	47940	108000	32115.408226088988	5
882	48000	23404	6044	48000	48900	48000	108000	23104.725597734185	5
884	48060	13319	17726	48060	48960	48060	108000	75305.05512859348	5
886	48120	2771	3180	48120	49020	48120	108000	5229.243475722332	5
888	48180	23051	15151	48180	49080	48180	108000	10044.793666656573	5
890	48240	19777	20694	48240	49140	48240	108000	23141.729800016124	5
892	48300	20916	14939	48300	49200	48300	108000	8702.946696219977	5
894	48360	7821	23074	48360	49260	48360	108000	18316.09573336816	5
896	48420	5099	677	48420	49320	48420	108000	46270.489333616635	5
898	48480	15841	19123	48480	49380	48480	108000	6694.731927676466	5
900	48540	13355	8007	48540	49440	48540	108000	37192.61404620944	5
902	48600	10110	1187	48600	49500	48600	108000	5441.03058358777	5
904	48660	16966	7349	48660	49560	48660	108000	5842.561248858901	5
906	48720	19323	12437	48720	49620	48720	108000	42373.72134481132	5
908	48780	2559	9066	48780	49680	48780	108000	14236.491922446	5
910	48840	3260	14720	48840	49740	48840	108000	45061.326411691676	5
912	48900	8174	17368	48900	49800	48900	108000	23016.717842407194	5
914	48960	6267	20597	48960	49860	48960	108000	25573.379127999444	5
916	49020	9256	21948	49020	49920	49020	108000	58320.80100997592	5
918	49080	11694	20327	49080	49980	49080	108000	20253.849920647976	5
920	49140	984	7458	49140	50040	49140	108000	11437.143531645761	5
922	49200	3566	22163	49200	50100	49200	108000	8210.59088469454	5
924	49260	15104	14021	49260	50160	49260	108000	20991.348911093173	5
926	49320	5313	23936	49320	50220	49320	108000	11906.34924506378	5
928	49380	20333	1480	49380	50280	49380	108000	18816.83253944428	5
930	49440	1561	4492	49440	50340	49440	108000	15670.37392572723	5
932	49500	3174	22157	49500	50400	49500	108000	50643.4400589662	5
934	49560	10691	16725	49560	50460	49560	108000	23730.265877057736	5
936	49620	4268	17370	49620	50520	49620	108000	44970.72824291796	5
938	49680	1749	20973	49680	50580	49680	108000	13009.370702780096	5
940	49740	18216	21841	49740	50640	49740	108000	13723.043660824298	5
942	49800	11548	13417	49800	50700	49800	108000	24172.205325317722	5
944	49860	10494	764	49860	50760	49860	108000	52410.04779479442	5
946	49920	21122	6514	49920	50820	49920	108000	35965.4418079054	5
948	49980	6887	15643	49980	50880	49980	108000	12887.735667161392	5
950	50040	19755	23564	50040	50940	50040	108000	45371.25211002994	5
952	50100	12271	17430	50100	51000	50100	108000	22961.9239946219	5
954	50160	3522	5811	50160	51060	50160	108000	19469.151776882456	5
956	50220	6269	5983	50220	51120	50220	108000	28723.337806713123	5
958	50280	14443	466	50280	51180	50280	108000	18937.745061757007	5
960	50340	19367	15230	50340	51240	50340	108000	30907.73307982399	5
962	50400	3526	10167	50400	51300	50400	108000	59426.74814950659	5
964	50460	6686	23988	50460	51360	50460	108000	17882.74264570997	5
966	50520	7568	18673	50520	51420	50520	108000	53842.051577339436	5
968	50580	7661	15675	50580	51480	50580	108000	47775.08482675459	5
970	50640	21622	4636	50640	51540	50640	108000	44859.64775779427	5
972	50700	22189	3115	50700	51600	50700	108000	61452.12402123925	5
974	50760	16177	21110	50760	51660	50760	108000	40288.34936944165	5
976	50820	15572	3675	50820	51720	50820	108000	11580.928390676456	5
978	50880	4425	15944	50880	51780	50880	108000	24251.072696347623	5
980	50940	11725	14447	50940	51840	50940	108000	36452.84598556208	5
982	51000	2794	19115	51000	51900	51000	108000	26422.613578692013	5
984	51060	8973	9937	51060	51960	51060	108000	23324.44802371433	5
986	51120	11942	3432	51120	52020	51120	108000	35663.30558565151	5
988	51180	7016	17336	51180	52080	51180	108000	18801.36085696702	5
990	51240	5402	14612	51240	52140	51240	108000	18633.13615708436	5
992	51300	12036	8327	51300	52200	51300	108000	28533.177010749794	5
994	51360	13327	21726	51360	52260	51360	108000	63219.37202592401	5
996	51420	13231	21163	51420	52320	51420	108000	19982.896235442666	5
998	51480	14769	20920	51480	52380	51480	108000	24652.72359018871	5
1000	51540	18112	10539	51540	52440	51540	108000	56662.3452638296	5
1002	51600	20101	12806	51600	52500	51600	108000	37249.4935046562	5
1004	51660	21430	1526	51660	52560	51660	108000	59054.48597872745	5
1006	51720	8801	21975	51720	52620	51720	108000	35753.97241698915	5
1008	51780	23642	16841	51780	52680	51780	108000	19179.364118045116	5
1010	51840	20077	18420	51840	52740	51840	108000	9245.627218886555	5
1012	51900	11489	1521	51900	52800	51900	108000	36996.90803495413	5
1014	51960	18664	23436	51960	52860	51960	108000	66968.43765985275	5
1016	52020	700	18086	52020	52920	52020	108000	16925.8935064257	5
1018	52080	4850	258	52080	52980	52080	108000	46640.64352335216	5
1020	52140	2978	12724	52140	53040	52140	108000	33855.89109806461	5
1022	52200	23109	4132	52200	53100	52200	108000	20523.102674110694	5
1024	52260	5540	11892	52260	53160	52260	108000	42855.9640911751	5
1026	52320	23477	24064	52320	53220	52320	108000	6607.828884433087	5
1028	52380	8135	16727	52380	53280	52380	108000	21110.114484604703	5
1030	52440	17352	14127	52440	53340	52440	108000	23334.624903732372	5
1032	52500	14958	1915	52500	53400	52500	108000	18394.400271030234	5
1034	52560	1435	23998	52560	53460	52560	108000	8119.920737128715	5
1036	52620	960	23298	52620	53520	52620	108000	3392.2362809929546	5
1038	52680	16303	4506	52680	53580	52680	108000	56964.06552587525	5
1040	52740	18330	7291	52740	53640	52740	108000	14845.693311669327	5
1042	52800	406	11234	52800	53700	52800	108000	18851.405390540665	5
1044	52860	21366	5622	52860	53760	52860	108000	37577.661054537886	5
1046	52920	22092	17802	52920	53820	52920	108000	66092.81111437455	5
1048	52980	950	17620	52980	53880	52980	108000	2109.1875134536344	5
1050	53040	23827	7863	53040	53940	53040	108000	16083.427097605036	5
1052	53100	888	17415	53100	54000	53100	108000	24070.793703143234	5
1054	53160	22201	17217	53160	54060	53160	108000	47392.25641650182	5
1056	53220	16513	3670	53220	54120	53220	108000	13267.506729461322	5
1058	53280	12927	2762	53280	54180	53280	108000	11263.36923860067	5
1060	53340	17295	5107	53340	54240	53340	108000	24649.33521791237	5
1062	53400	23836	3488	53400	54300	53400	108000	44555.95731378615	5
1064	53460	1764	8357	53460	54360	53460	108000	45898.053630945484	5
1066	53520	21941	7248	53520	54420	53520	108000	46560.98948909425	5
1068	53580	7521	23977	53580	54480	53580	108000	14040.068004159864	5
1070	53640	7779	5423	53640	54540	53640	108000	31113.684603616643	5
1072	53700	22056	20574	53700	54600	53700	108000	64662.84425230764	5
1074	53760	1774	858	53760	54660	53760	108000	26405.06999040524	5
1076	53820	21123	18201	53820	54720	53820	108000	33206.67592651466	5
1078	53880	22584	1685	53880	54780	53880	108000	31589.672261030508	5
1080	53940	9931	14817	53940	54840	53940	108000	11060.57987439916	5
1082	54000	23185	7769	54000	54900	54000	108000	9344.898642517115	5
1084	54060	20343	5009	54060	54960	54060	108000	42567.57434093102	5
1086	54120	16503	23638	54120	55020	54120	108000	29350.49467461834	5
1088	54180	23296	4106	54180	55080	54180	108000	12103.449536813205	5
1090	54240	6750	6192	54240	55140	54240	108000	31022.966094724714	5
1092	54300	288	5513	54300	55200	54300	108000	20809.193804885443	5
1094	54360	20377	15228	54360	55260	54360	108000	55284.74036503235	5
1096	54420	8177	9960	54420	55320	54420	108000	32395.693812819474	5
1098	54480	354	21397	54480	55380	54480	108000	64533.20634211441	5
1100	54540	13430	21102	54540	55440	54540	108000	5144.695698857623	5
1102	54600	22438	7361	54600	55500	54600	108000	31417.377484080076	5
1104	54660	15047	1696	54660	55560	54660	108000	48657.49936480355	5
1106	54720	21325	9130	54720	55620	54720	108000	59265.43858395299	5
1108	54780	10165	2126	54780	55680	54780	108000	4933.404887340127	5
1110	54840	6224	16814	54840	55740	54840	108000	34843.496946263695	5
1112	54900	1438	22276	54900	55800	54900	108000	48038.15715180895	5
1114	54960	8854	10668	54960	55860	54960	108000	28825.215629430935	5
1116	55020	7310	18355	55020	55920	55020	108000	15331.33690388403	5
1118	55080	93	4649	55080	55980	55080	108000	22309.19386154592	5
1120	55140	12047	7809	55140	56040	55140	108000	7889.105888626615	5
1122	55200	10161	21758	55200	56100	55200	108000	42013.764775290736	5
1124	55260	3722	22646	55260	56160	55260	108000	50388.73019606914	5
1126	55320	6418	23265	55320	56220	55320	108000	31001.749005694237	5
1128	55380	19092	528	55380	56280	55380	108000	29313.97537662968	5
1130	55440	3273	5767	55440	56340	55440	108000	24663.793710983326	5
1132	55500	3163	18172	55500	56400	55500	108000	10500.778967774346	5
1134	55560	4571	23823	55560	56460	55560	108000	19125.007330644556	5
1136	55620	6346	21673	55620	56520	55620	108000	35263.91281211509	5
1138	55680	13994	8644	55680	56580	55680	108000	17660.60326029542	5
1140	55740	664	57	55740	56640	55740	108000	30873.99224197549	5
1142	55800	18956	20701	55800	56700	55800	108000	28228.845593209324	5
1144	55860	8804	11099	55860	56760	55860	108000	10265.51018171222	5
1146	55920	8983	18905	55920	56820	55920	108000	17788.62576233017	5
1148	55980	20403	20664	55980	56880	55980	108000	7712.224980006374	5
1150	56040	7726	188	56040	56940	56040	108000	19352.50284711774	5
1152	56100	12270	3277	56100	57000	56100	108000	54695.69887651746	5
1154	56160	10032	2121	56160	57060	56160	108000	41445.52444028038	5
1156	56220	6922	14851	56220	57120	56220	108000	44296.81480601379	5
1158	56280	3707	11944	56280	57180	56280	108000	26387.095100376344	5
1160	56340	1715	7909	56340	57240	56340	108000	16186.215509208338	5
1162	56400	13451	23482	56400	57300	56400	108000	6125.331326920507	5
1164	56460	11033	13048	56460	57360	56460	108000	17051.547702868058	5
1166	56520	16795	17055	56520	57420	56520	108000	24573.746856904847	5
1168	56580	7645	10664	56580	57480	56580	108000	44341.91248673625	5
1170	56640	16833	18711	56640	57540	56640	108000	44857.8797280908	5
1172	56700	12265	14721	56700	57600	56700	108000	16476.97032043238	5
1174	56760	16280	289	56760	57660	56760	108000	4256.429400270798	5
1176	56820	7724	17341	56820	57720	56820	108000	12585.985507642232	5
1178	56880	13798	22776	56880	57780	56880	108000	14929.514794337128	5
1180	56940	18926	23651	56940	57840	56940	108000	8829.011390125883	5
1182	57000	17994	16356	57000	57900	57000	108000	30171.70903014146	5
1184	57060	18119	10857	57060	57960	57060	108000	21190.748650354486	5
1186	57120	481	15490	57120	58020	57120	108000	44801.69813699884	5
1188	57180	6969	13375	57180	58080	57180	108000	29449.894097206306	5
1190	57240	18683	4111	57240	58140	57240	108000	74984.69866530714	5
1192	57300	13026	15614	57300	58200	57300	108000	64600.31987649811	5
1194	57360	6575	12351	57360	58260	57360	108000	65086.67765188032	5
1196	57420	1862	19719	57420	58320	57420	108000	37881.38743324033	5
1198	57480	6965	17693	57480	58380	57480	108000	61404.34130529733	5
1200	57540	21016	6538	57540	58440	57540	108000	61658.25252582096	5
1202	57600	8095	3664	57600	58500	57600	108000	12152.686632147785	5
1204	57660	17675	1139	57660	58560	57660	108000	68060.21767846309	5
1206	57720	22877	13534	57720	58620	57720	108000	25000.494851929237	5
1208	57780	7992	14808	57780	58680	57780	108000	36050.03632592081	5
1210	57840	10773	8833	57840	58740	57840	108000	50432.4483392787	5
1212	57900	23017	5160	57900	58800	57900	108000	15388.28884686631	5
1214	57960	3401	9086	57960	58860	57960	108000	62715.917834866195	5
1216	58020	16886	1573	58020	58920	58020	108000	18210.458890173206	5
1218	58080	4795	8772	58080	58980	58080	108000	17055.161708430584	5
1220	58140	1089	8144	58140	59040	58140	108000	30442.327489576615	5
1222	58200	4409	7185	58200	59100	58200	108000	13228.887600876575	5
1224	58260	17950	23587	58260	59160	58260	108000	52584.54337388298	5
1226	58320	15142	20166	58320	59220	58320	108000	23379.456722749655	5
1228	58380	16872	17026	58380	59280	58380	108000	14403.815570498175	5
1230	58440	2766	23888	58440	59340	58440	108000	3447.1933181500635	5
1232	58500	5006	2340	58500	59400	58500	108000	8932.995761118531	5
1234	58560	20964	574	58560	59460	58560	108000	43926.1341678026	5
1236	58620	4070	17688	58620	59520	58620	108000	56712.0525619141	5
1238	58680	4627	14845	58680	59580	58680	108000	23355.291999904268	5
1240	58740	19691	9046	58740	59640	58740	108000	11125.591621092182	5
1242	58800	15729	18848	58800	59700	58800	108000	19714.032856966118	5
1244	58860	21981	2170	58860	59760	58860	108000	42362.16266820797	5
1246	58920	19415	4762	58920	59820	58920	108000	12571.046922805039	5
1248	58980	12105	1443	58980	59880	58980	108000	19153.256155802268	5
1250	59040	14461	4021	59040	59940	59040	108000	59510.50102780212	5
1252	59100	7259	12957	59100	60000	59100	108000	8214.321640264407	5
1254	59160	3204	21681	59160	60060	59160	108000	45102.256529169106	5
1256	59220	4037	13445	59220	60120	59220	108000	55011.60656602818	5
1258	59280	11895	3130	59280	60180	59280	108000	23558.39020820828	5
1260	59340	21139	5187	59340	60240	59340	108000	31334.04472474288	5
1262	59400	21179	8995	59400	60300	59400	108000	13376.588885469017	5
1264	59460	2282	22896	59460	60360	59460	108000	23598.340852238496	5
1266	59520	7798	5274	59520	60420	59520	108000	26923.79497923088	5
1268	59580	13953	19820	59580	60480	59580	108000	48236.26267952121	5
1270	59640	15288	15950	59640	60540	59640	108000	6639.953563239994	5
1272	59700	22206	20965	59700	60600	59700	108000	49382.27588964974	5
1274	59760	11442	16484	59760	60660	59760	108000	39460.75598463381	5
1276	59820	16342	18509	59820	60720	59820	108000	63476.992038593686	5
1278	59880	6524	23421	59880	60780	59880	108000	49347.967831621216	5
1280	59940	11820	13363	59940	60840	59940	108000	17300.392962858758	5
1282	60000	11437	7092	60000	60900	60000	108000	40873.2338217328	5
1284	60060	7004	331	60060	60960	60060	108000	11966.816279663073	5
1286	60120	2317	18193	60120	61020	60120	108000	54611.14993510142	5
1288	60180	3487	18726	60180	61080	60180	108000	22263.680951647504	5
1290	60240	10007	7451	60240	61140	60240	108000	61345.36322341582	5
1292	60300	16001	1726	60300	61200	60300	108000	72222.31988554868	5
1294	60360	20756	4589	60360	61260	60360	108000	22171.058818430483	5
1296	60420	11714	19039	60420	61320	60420	108000	7484.430821281857	5
1298	60480	9950	2817	60480	61380	60480	108000	19807.24323822589	5
1300	60540	16912	19028	60540	61440	60540	108000	29440.32671228912	5
1302	60600	6306	21128	60600	61500	60600	108000	38025.323617668946	5
1304	60660	6291	17758	60660	61560	60660	108000	37017.09432066279	5
1306	60720	18183	13104	60720	61620	60720	108000	26597.8277172808	5
1308	60780	19387	11004	60780	61680	60780	108000	19207.462481353134	5
1310	60840	1534	4150	60840	61740	60840	108000	4641.798752485981	5
1312	60900	8877	7398	60900	61800	60900	108000	77872.06230301976	5
1314	60960	24073	13802	60960	61860	60960	108000	13383.012310195081	5
1316	61020	1787	23255	61020	61920	61020	108000	5464.783268502877	5
1318	61080	17855	15330	61080	61980	61080	108000	24848.395575817285	5
1320	61140	7279	13030	61140	62040	61140	108000	14974.800583912793	5
1322	61200	7237	11727	61200	62100	61200	108000	23770.429499587528	5
1324	61260	712	3838	61260	62160	61260	108000	50510.44203551762	5
1326	61320	12170	1631	61320	62220	61320	108000	19698.964153612476	5
1328	61380	8740	12972	61380	62280	61380	108000	19373.23429420237	5
1330	61440	7746	13870	61440	62340	61440	108000	10851.94213607133	5
1332	61500	20187	21293	61500	62400	61500	108000	50253.523945401124	5
1334	61560	1398	2376	61560	62460	61560	108000	11277.893677111655	5
1336	61620	7437	23019	61620	62520	61620	108000	16301.319316389738	5
1338	61680	22087	13081	61680	62580	61680	108000	28850.53239105377	5
1340	61740	4703	1188	61740	62640	61740	108000	14845.982864212403	5
1342	61800	12964	5997	61800	62700	61800	108000	41776.06710483399	5
1344	61860	11806	7393	61860	62760	61860	108000	21199.802550099637	5
1346	61920	18085	2147	61920	62820	61920	108000	3313.8492685021306	5
1348	61980	4633	17479	61980	62880	61980	108000	59580.66549234073	5
1350	62040	23819	17824	62040	62940	62040	108000	16733.168284329524	5
1352	62100	17189	3979	62100	63000	62100	108000	23008.493813368033	5
1354	62160	9151	17817	62160	63060	62160	108000	54327.51079445169	5
1356	62220	22232	22468	62220	63120	62220	108000	43560.627020940614	5
1358	62280	6098	23433	62280	63180	62280	108000	29626.804380640155	5
1360	62340	8360	22113	62340	63240	62340	108000	36057.649804458815	5
1362	62400	3508	967	62400	63300	62400	108000	40694.98987578549	5
1364	62460	21654	2297	62460	63360	62460	108000	56891.51061905731	5
1366	62520	2530	2110	62520	63420	62520	108000	46124.27852122938	5
1368	62580	9041	22753	62580	63480	62580	108000	4839.835908520768	5
1370	62640	1736	11960	62640	63540	62640	108000	18211.239453542345	5
1372	62700	21625	16852	62700	63600	62700	108000	19631.00980433351	5
1374	62760	10979	7448	62760	63660	62760	108000	56404.99967195384	5
1376	62820	2773	22755	62820	63720	62820	108000	7014.24221183963	5
1378	62880	12026	20107	62880	63780	62880	108000	11463.97930440195	5
1380	62940	2199	5023	62940	63840	62940	108000	11965.370538678952	5
1382	63000	19451	5908	63000	63900	63000	108000	16134.493329700013	5
1384	63060	6559	632	63060	63960	63060	108000	46893.74307402724	5
1386	63120	13983	21181	63120	64020	63120	108000	52429.11617318227	5
1388	63180	20428	741	63180	64080	63180	108000	16400.08541954782	5
1390	63240	1429	15454	63240	64140	63240	108000	49408.89154124009	5
1392	63300	2205	10586	63300	64200	63300	108000	52151.375470597384	5
1394	63360	10519	12991	63360	64260	63360	108000	69474.99593610982	5
1396	63420	12319	15996	63420	64320	63420	108000	24046.69455752255	5
1398	63480	16207	5268	63480	64380	63480	108000	47441.57019320186	5
1400	63540	5995	10492	63540	64440	63540	108000	25232.55135744296	5
1402	63600	23636	7381	63600	64500	63600	108000	10588.729944731022	5
1404	63660	17877	19445	63660	64560	63660	108000	18166.95826066697	5
1406	63720	21652	9915	63720	64620	63720	108000	45801.53592172599	5
1408	63780	8191	4250	63780	64680	63780	108000	25592.89336063347	5
1410	63840	20748	6704	63840	64740	63840	108000	27471.519177234997	5
1412	63900	9917	11047	63900	64800	63900	108000	12879.218647536676	5
1414	63960	18682	8200	63960	64860	63960	108000	39273.96636156373	5
1416	64020	22310	1434	64020	64920	64020	108000	47982.3951554976	5
1418	64080	6443	11741	64080	64980	64080	108000	29169.52614082364	5
1420	64140	7774	7405	64140	65040	64140	108000	27637.634090511256	5
1422	64200	20083	7509	64200	65100	64200	108000	35543.147623084784	5
1424	64260	21734	12287	64260	65160	64260	108000	59054.20095242121	5
1426	64320	3809	10006	64320	65220	64320	108000	11136.095201981883	5
1428	64380	263	5546	64380	65280	64380	108000	14716.452254447271	5
1430	64440	11645	1477	64440	65340	64440	108000	26066.081252147804	5
1432	64500	12086	1869	64500	65400	64500	108000	14517.654871918132	5
1434	64560	3039	23562	64560	65460	64560	108000	54938.14534001369	5
1436	64620	16435	1141	64620	65520	64620	108000	16091.175891450757	5
1438	64680	20718	12059	64680	65580	64680	108000	14848.99647861647	5
1440	64740	15517	16987	64740	65640	64740	108000	2350.2811591671953	5
1442	64800	4272	23576	64800	65700	64800	108000	58247.53940860218	5
-1
Parcel requests (id, time_call, pickup_point, delivery_point, early_pickup_time, late_pickup_time, early_delivery_time, late_delivery_time)
1	21600	5225	19345	21600	108000	21600	108000
3	21660	5167	3956	21660	108000	21660	108000
5	21720	17596	15612	21720	108000	21720	108000
7	21780	17781	8886	21780	108000	21780	108000
9	21840	15745	21866	21840	108000	21840	108000
11	21900	15297	11391	21900	108000	21900	108000
13	21960	15406	15437	21960	108000	21960	108000
15	22020	10349	13250	22020	108000	22020	108000
17	22080	15736	2179	22080	108000	22080	108000
19	22140	23349	17007	22140	108000	22140	108000
21	22200	9033	5047	22200	108000	22200	108000
23	22260	12443	18031	22260	108000	22260	108000
25	22320	2778	9042	22320	108000	22320	108000
27	22380	6979	902	22380	108000	22380	108000
29	22440	2425	7575	22440	108000	22440	108000
31	22500	5936	8718	22500	108000	22500	108000
33	22560	17513	22245	22560	108000	22560	108000
35	22620	8969	12172	22620	108000	22620	108000
37	22680	176	6857	22680	108000	22680	108000
39	22740	3498	20890	22740	108000	22740	108000
41	22800	11257	13068	22800	108000	22800	108000
43	22860	23430	8139	22860	108000	22860	108000
45	22920	2906	21617	22920	108000	22920	108000
47	22980	12779	7514	22980	108000	22980	108000
49	23040	2746	12935	23040	108000	23040	108000
51	23100	23603	16760	23100	108000	23100	108000
53	23160	21645	10021	23160	108000	23160	108000
55	23220	4475	15923	23220	108000	23220	108000
57	23280	5211	22236	23280	108000	23280	108000
59	23340	19504	21392	23340	108000	23340	108000
61	23400	2886	15381	23400	108000	23400	108000
63	23460	4952	6892	23460	108000	23460	108000
65	23520	19599	5157	23520	108000	23520	108000
67	23580	22013	23344	23580	108000	23580	108000
69	23640	18087	21390	23640	108000	23640	108000
71	23700	6697	19074	23700	108000	23700	108000
73	23760	5143	3794	23760	108000	23760	108000
75	23820	1824	6873	23820	108000	23820	108000
77	23880	2546	12187	23880	108000	23880	108000
79	23940	16003	8272	23940	108000	23940	108000
81	24000	6737	7658	24000	108000	24000	108000
83	24060	9951	18686	24060	108000	24060	108000
85	24120	17651	2642	24120	108000	24120	108000
87	24180	14345	16148	24180	108000	24180	108000
89	24240	3796	6168	24240	108000	24240	108000
91	24300	18860	8610	24300	108000	24300	108000
93	24360	1865	12066	24360	108000	24360	108000
95	24420	18669	7556	24420	108000	24420	108000
97	24480	3034	5617	24480	108000	24480	108000
99	24540	6742	23792	24540	108000	24540	108000
101	24600	4468	22212	24600	108000	24600	108000
103	24660	23809	10822	24660	108000	24660	108000
105	24720	8862	1511	24720	108000	24720	108000
107	24780	23320	15041	24780	108000	24780	108000
109	24840	9117	6013	24840	108000	24840	108000
111	24900	10046	21733	24900	108000	24900	108000
113	24960	13064	15576	24960	108000	24960	108000
115	25020	15117	17079	25020	108000	25020	108000
117	25080	20391	16743	25080	108000	25080	108000
119	25140	22410	2973	25140	108000	25140	108000
121	25200	1816	14428	25200	108000	25200	108000
123	25260	8863	737	25260	108000	25260	108000
125	25320	4259	12899	25320	108000	25320	108000
127	25380	22969	927	25380	108000	25380	108000
129	25440	6505	19121	25440	108000	25440	108000
131	25500	17626	21105	25500	108000	25500	108000
133	25560	5579	4439	25560	108000	25560	108000
135	25620	12079	18540	25620	108000	25620	108000
137	25680	1846	3162	25680	108000	25680	108000
139	25740	11674	18230	25740	108000	25740	108000
141	25800	21140	7059	25800	108000	25800	108000
143	25860	19119	15966	25860	108000	25860	108000
145	25920	12755	693	25920	108000	25920	108000
147	25980	12771	20781	25980	108000	25980	108000
149	26040	10938	1110	26040	108000	26040	108000
151	26100	4743	23283	26100	108000	26100	108000
153	26160	11803	19636	26160	108000	26160	108000
155	26220	5964	10930	26220	108000	26220	108000
157	26280	21933	815	26280	108000	26280	108000
159	26340	4217	19621	26340	108000	26340	108000
161	26400	23726	8133	26400	108000	26400	108000
163	26460	23848	22138	26460	108000	26460	108000
165	26520	5599	4825	26520	108000	26520	108000
167	26580	3501	23468	26580	108000	26580	108000
169	26640	522	20594	26640	108000	26640	108000
171	26700	5120	11438	26700	108000	26700	108000
173	26760	15895	11906	26760	108000	26760	108000
175	26820	12982	22994	26820	108000	26820	108000
177	26880	416	21261	26880	108000	26880	108000
179	26940	2855	6382	26940	108000	26940	108000
181	27000	16157	16420	27000	108000	27000	108000
183	27060	6445	5991	27060	108000	27060	108000
185	27120	16409	9018	27120	108000	27120	108000
187	27180	1039	16000	27180	108000	27180	108000
189	27240	21791	14266	27240	108000	27240	108000
191	27300	5662	448	27300	108000	27300	108000
193	27360	20294	17648	27360	108000	27360	108000
195	27420	5874	11403	27420	108000	27420	108000
197	27480	11101	7219	27480	108000	27480	108000
199	27540	3510	17306	27540	108000	27540	108000
201	27600	923	10502	27600	108000	27600	108000
203	27660	14444	14427	27660	108000	27660	108000
205	27720	23605	6884	27720	108000	27720	108000
207	27780	6736	12292	27780	108000	27780	108000
209	27840	4998	2760	27840	108000	27840	108000
211	27900	7783	23768	27900	108000	27900	108000
213	27960	20114	15844	27960	108000	27960	108000
215	28020	17357	17290	28020	108000	28020	108000
217	28080	8077	11350	28080	108000	28080	108000
219	28140	23408	4243	28140	108000	28140	108000
221	28200	3783	10576	28200	108000	28200	108000
223	28260	18733	5574	28260	108000	28260	108000
225	28320	22939	16541	28320	108000	28320	108000
227	28380	10753	1829	28380	108000	28380	108000
229	28440	12083	17779	28440	108000	28440	108000
231	28500	6464	1196	28500	108000	28500	108000
233	28560	18566	16963	28560	108000	28560	108000
235	28620	12107	19955	28620	108000	28620	108000
237	28680	19173	21632	28680	108000	28680	108000
239	28740	21644	6344	28740	108000	28740	108000
241	28800	7473	18244	28800	108000	28800	108000
243	28860	10416	15130	28860	108000	28860	108000
245	28920	699	8781	28920	108000	28920	108000
247	28980	15428	3638	28980	108000	28980	108000
249	29040	652	12871	29040	108000	29040	108000
251	29100	3424	23024	29100	108000	29100	108000
253	29160	6069	11012	29160	108000	29160	108000
255	29220	4497	17182	29220	108000	29220	108000
257	29280	23880	8701	29280	108000	29280	108000
259	29340	7388	3271	29340	108000	29340	108000
261	29400	6406	23843	29400	108000	29400	108000
263	29460	4711	3810	29460	108000	29460	108000
265	29520	11035	935	29520	108000	29520	108000
267	29580	21589	19160	29580	108000	29580	108000
269	29640	23086	18756	29640	108000	29640	108000
271	29700	11007	6057	29700	108000	29700	108000
273	29760	5	9909	29760	108000	29760	108000
275	29820	21182	20433	29820	108000	29820	108000
277	29880	10067	9502	29880	108000	29880	108000
279	29940	3760	2377	29940	108000	29940	108000
281	30000	11019	22133	30000	108000	30000	108000
283	30060	2869	3061	30060	108000	30060	108000
285	30120	4368	11486	30120	108000	30120	108000
287	30180	3019	23657	30180	108000	30180	108000
289	30240	12759	22564	30240	108000	30240	108000
291	30300	7264	15663	30300	108000	30300	108000
293	30360	20693	21751	30360	108000	30360	108000
295	30420	21485	3489	30420	108000	30420	108000
297	30480	20361	17959	30480	108000	30480	108000
299	30540	698	13249	30540	108000	30540	108000
301	30600	11171	13944	30600	108000	30600	108000
303	30660	10384	704	30660	108000	30660	108000
305	30720	22650	21410	30720	108000	30720	108000
307	30780	8761	21098	30780	108000	30780	108000
309	30840	1920	6595	30840	108000	30840	108000
311	30900	17734	12275	30900	108000	30900	108000
313	30960	23196	13420	30960	108000	30960	108000
315	31020	14276	13074	31020	108000	31020	108000
317	31080	12738	9925	31080	108000	31080	108000
319	31140	2765	16253	31140	108000	31140	108000
321	31200	22112	14153	31200	108000	31200	108000
323	31260	669	20071	31260	108000	31260	108000
325	31320	11940	11766	31320	108000	31320	108000
327	31380	6616	5497	31380	108000	31380	108000
329	31440	21957	18284	31440	108000	31440	108000
331	31500	6998	15003	31500	108000	31500	108000
333	31560	3000	17442	31560	108000	31560	108000
335	31620	1172	8268	31620	108000	31620	108000
337	31680	17756	3877	31680	108000	31680	108000
339	31740	1818	10966	31740	108000	31740	108000
341	31800	17366	23195	31800	108000	31800	108000
343	31860	1812	6466	31860	108000	31860	108000
345	31920	5490	7731	31920	108000	31920	108000
347	31980	11173	21861	31980	108000	31980	108000
349	32040	8763	16973	32040	108000	32040	108000
351	32100	3209	9254	32100	108000	32100	108000
353	32160	53	4955	32160	108000	32160	108000
355	32220	16200	6471	32220	108000	32220	108000
357	32280	6643	22942	32280	108000	32280	108000
359	32340	18233	14473	32340	108000	32340	108000
361	32400	15515	6527	32400	108000	32400	108000
363	32460	21114	7443	32460	108000	32460	108000
365	32520	20717	22689	32520	108000	32520	108000
367	32580	2168	14898	32580	108000	32580	108000
369	32640	5151	13525	32640	108000	32640	108000
371	32700	9916	16367	32700	108000	32700	108000
373	32760	17466	22761	32760	108000	32760	108000
375	32820	2989	20467	32820	108000	32820	108000
377	32880	5842	17886	32880	108000	32880	108000
379	32940	21465	4095	32940	108000	32940	108000
381	33000	22116	16058	33000	108000	33000	108000
383	33060	20360	22195	33060	108000	33060	108000
385	33120	14726	2354	33120	108000	33120	108000
387	33180	703	15205	33180	108000	33180	108000
389	33240	8377	4540	33240	108000	33240	108000
391	33300	24069	4436	33300	108000	33300	108000
393	33360	2327	7735	33360	108000	33360	108000
395	33420	12966	21868	33420	108000	33420	108000
397	33480	6968	5894	33480	108000	33480	108000
399	33540	1163	8829	33540	108000	33540	108000
401	33600	18328	23573	33600	108000	33600	108000
403	33660	14891	12258	33660	108000	33660	108000
405	33720	23930	502	33720	108000	33720	108000
407	33780	23427	21928	33780	108000	33780	108000
409	33840	18881	6355	33840	108000	33840	108000
411	33900	17685	11886	33900	108000	33900	108000
413	33960	6268	5139	33960	108000	33960	108000
415	34020	19289	9097	34020	108000	34020	108000
417	34080	9935	10848	34080	108000	34080	108000
419	34140	12252	9184	34140	108000	34140	108000
421	34200	20145	2919	34200	108000	34200	108000
423	34260	23621	139	34260	108000	34260	108000
425	34320	13490	8846	34320	108000	34320	108000
427	34380	620	8883	34380	108000	34380	108000
429	34440	18901	7314	34440	108000	34440	108000
431	34500	14532	8951	34500	108000	34500	108000
433	34560	22587	3706	34560	108000	34560	108000
435	34620	10837	33	34620	108000	34620	108000
437	34680	8059	3421	34680	108000	34680	108000
439	34740	4104	15756	34740	108000	34740	108000
441	34800	3779	6855	34800	108000	34800	108000
443	34860	8802	18811	34860	108000	34860	108000
445	34920	23783	12182	34920	108000	34920	108000
447	34980	18542	43	34980	108000	34980	108000
449	35040	869	7874	35040	108000	35040	108000
451	35100	21995	6847	35100	108000	35100	108000
453	35160	7704	4461	35160	108000	35160	108000
455	35220	11048	16254	35220	108000	35220	108000
457	35280	9986	18273	35280	108000	35280	108000
459	35340	6491	21252	35340	108000	35340	108000
461	35400	7620	4578	35400	108000	35400	108000
463	35460	1530	2622	35460	108000	35460	108000
465	35520	17127	11096	35520	108000	35520	108000
467	35580	17879	1105	35580	108000	35580	108000
469	35640	5241	16842	35640	108000	35640	108000
471	35700	14724	13075	35700	108000	35700	108000
473	35760	1955	15153	35760	108000	35760	108000
475	35820	16008	21259	35820	108000	35820	108000
477	35880	19697	6866	35880	108000	35880	108000
479	35940	21344	23352	35940	108000	35940	108000
481	36000	11898	10525	36000	108000	36000	108000
483	36060	18893	9918	36060	108000	36060	108000
485	36120	3124	5172	36120	108000	36120	108000
487	36180	10490	22783	36180	108000	36180	108000
489	36240	10544	15790	36240	108000	36240	108000
491	36300	16300	19965	36300	108000	36300	108000
493	36360	8794	14734	36360	108000	36360	108000
495	36420	7420	7293	36420	108000	36420	108000
497	36480	18004	5466	36480	108000	36480	108000
499	36540	21013	22570	36540	108000	36540	108000
501	36600	3354	10429	36600	108000	36600	108000
503	36660	5345	24036	36660	108000	36660	108000
505	36720	10564	17723	36720	108000	36720	108000
507	36780	8013	10679	36780	108000	36780	108000
509	36840	6180	8729	36840	108000	36840	108000
511	36900	808	21775	36900	108000	36900	108000
513	36960	11261	3654	36960	108000	36960	108000
515	37020	20530	7286	37020	108000	37020	108000
517	37080	15553	21894	37080	108000	37080	108000
519	37140	20993	264	37140	108000	37140	108000
521	37200	1008	8964	37200	108000	37200	108000
523	37260	28	17232	37260	108000	37260	108000
525	37320	22231	2256	37320	108000	37320	108000
527	37380	8968	3888	37380	108000	37380	108000
529	37440	2774	6225	37440	108000	37440	108000
531	37500	20024	24043	37500	108000	37500	108000
533	37560	10940	19947	37560	108000	37560	108000
535	37620	23757	1576	37620	108000	37620	108000
537	37680	19140	2173	37680	108000	37680	108000
539	37740	4800	10803	37740	108000	37740	108000
541	37800	21244	20236	37800	108000	37800	108000
543	37860	17446	19360	37860	108000	37860	108000
545	37920	1748	779	37920	108000	37920	108000
547	37980	19546	16320	37980	108000	37980	108000
549	38040	1565	17161	38040	108000	38040	108000
551	38100	14757	3807	38100	108000	38100	108000
553	38160	18226	21912	38160	108000	38160	108000
555	38220	21540	18891	38220	108000	38220	108000
557	38280	23001	21197	38280	108000	38280	108000
559	38340	15671	7010	38340	108000	38340	108000
561	38400	11436	19000	38400	108000	38400	108000
563	38460	23593	3336	38460	108000	38460	108000
565	38520	2941	17098	38520	108000	38520	108000
567	38580	7230	20880	38580	108000	38580	108000
569	38640	10363	14415	38640	108000	38640	108000
571	38700	6411	7639	38700	108000	38700	108000
573	38760	11888	18228	38760	108000	38760	108000
575	38820	6861	7978	38820	108000	38820	108000
577	38880	22379	13474	38880	108000	38880	108000
579	38940	8160	23759	38940	108000	38940	108000
581	39000	17259	3615	39000	108000	39000	108000
583	39060	11073	5982	39060	108000	39060	108000
585	39120	20874	22430	39120	108000	39120	108000
587	39180	11946	11056	39180	108000	39180	108000
589	39240	3239	19823	39240	108000	39240	108000
591	39300	9928	13085	39300	108000	39300	108000
593	39360	8835	216	39360	108000	39360	108000
595	39420	9247	22122	39420	108000	39420	108000
597	39480	22186	12658	39480	108000	39480	108000
599	39540	189	19428	39540	108000	39540	108000
601	39600	7949	674	39600	108000	39600	108000
603	39660	16696	702	39660	108000	39660	108000
605	39720	11931	8703	39720	108000	39720	108000
607	39780	19797	5473	39780	108000	39780	108000
609	39840	18103	7040	39840	108000	39840	108000
611	39900	23136	3285	39900	108000	39900	108000
613	39960	2231	18666	39960	108000	39960	108000
615	40020	4979	13377	40020	108000	40020	108000
617	40080	18116	20082	40080	108000	40080	108000
619	40140	17	9491	40140	108000	40140	108000
621	40200	6519	17240	40200	108000	40200	108000
623	40260	18503	21249	40260	108000	40260	108000
625	40320	22970	16082	40320	108000	40320	108000
627	40380	22368	6132	40380	108000	40380	108000
629	40440	20030	16171	40440	108000	40440	108000
631	40500	2624	17058	40500	108000	40500	108000
633	40560	15294	9147	40560	108000	40560	108000
635	40620	18502	12174	40620	108000	40620	108000
637	40680	21887	6756	40680	108000	40680	108000
639	40740	3994	8664	40740	108000	40740	108000
641	40800	23271	18651	40800	108000	40800	108000
643	40860	9054	20686	40860	108000	40860	108000
645	40920	12877	7008	40920	108000	40920	108000
647	40980	15694	21738	40980	108000	40980	108000
649	41040	21910	22727	41040	108000	41040	108000
651	41100	5257	22701	41100	108000	41100	108000
653	41160	22117	19670	41160	108000	41160	108000
655	41220	6348	22773	41220	108000	41220	108000
657	41280	8073	15934	41280	108000	41280	108000
659	41340	17932	7439	41340	108000	41340	108000
661	41400	2880	18263	41400	108000	41400	108000
663	41460	18953	5450	41460	108000	41460	108000
665	41520	6022	13482	41520	108000	41520	108000
667	41580	6526	16972	41580	108000	41580	108000
669	41640	1778	17869	41640	108000	41640	108000
671	41700	14894	6781	41700	108000	41700	108000
673	41760	8775	3037	41760	108000	41760	108000
675	41820	21848	22136	41820	108000	41820	108000
677	41880	24046	3077	41880	108000	41880	108000
679	41940	7626	885	41940	108000	41940	108000
681	42000	11347	18814	42000	108000	42000	108000
683	42060	2810	5285	42060	108000	42060	108000
685	42120	5307	6007	42120	108000	42120	108000
687	42180	22188	22198	42180	108000	42180	108000
689	42240	13952	13392	42240	108000	42240	108000
691	42300	8717	8827	42300	108000	42300	108000
693	42360	3293	1129	42360	108000	42360	108000
695	42420	10831	22450	42420	108000	42420	108000
697	42480	12232	2894	42480	108000	42480	108000
699	42540	23031	22990	42540	108000	42540	108000
701	42600	17640	18738	42600	108000	42600	108000
703	42660	302	7533	42660	108000	42660	108000
705	42720	18529	8916	42720	108000	42720	108000
707	42780	3173	14406	42780	108000	42780	108000
709	42840	11909	20229	42840	108000	42840	108000
711	42900	8187	9063	42900	108000	42900	108000
713	42960	2693	3137	42960	108000	42960	108000
715	43020	21375	12791	43020	108000	43020	108000
717	43080	11819	8081	43080	108000	43080	108000
719	43140	13395	13439	43140	108000	43140	108000
721	43200	10834	20573	43200	108000	43200	108000
723	43260	1426	19393	43260	108000	43260	108000
725	43320	11341	5846	43320	108000	43320	108000
727	43380	17497	13023	43380	108000	43380	108000
729	43440	19655	8302	43440	108000	43440	108000
731	43500	918	9268	43500	108000	43500	108000
733	43560	11401	765	43560	108000	43560	108000
735	43620	11376	10734	43620	108000	43620	108000
737	43680	5785	14047	43680	108000	43680	108000
739	43740	21697	10079	43740	108000	43740	108000
741	43800	23886	17458	43800	108000	43800	108000
743	43860	12889	20004	43860	108000	43860	108000
745	43920	21845	17585	43920	108000	43920	108000
747	43980	22413	10476	43980	108000	43980	108000
749	44040	15786	3748	44040	108000	44040	108000
751	44100	16235	10705	44100	108000	44100	108000
753	44160	12203	20792	44160	108000	44160	108000
755	44220	16340	15994	44220	108000	44220	108000
757	44280	14305	6665	44280	108000	44280	108000
759	44340	14967	8055	44340	108000	44340	108000
761	44400	21988	14055	44400	108000	44400	108000
763	44460	895	1448	44460	108000	44460	108000
765	44520	14985	5832	44520	108000	44520	108000
767	44580	23151	20454	44580	108000	44580	108000
769	44640	6907	14852	44640	108000	44640	108000
771	44700	21291	7297	44700	108000	44700	108000
773	44760	5208	16077	44760	108000	44760	108000
775	44820	108	6624	44820	108000	44820	108000
777	44880	12878	7371	44880	108000	44880	108000
779	44940	2343	16313	44940	108000	44940	108000
781	45000	14242	10816	45000	108000	45000	108000
783	45060	17712	4417	45060	108000	45060	108000
785	45120	23251	18841	45120	108000	45120	108000
787	45180	20461	4961	45180	108000	45180	108000
789	45240	9084	19013	45240	108000	45240	108000
791	45300	8147	17045	45300	108000	45300	108000
793	45360	20987	9121	45360	108000	45360	108000
795	45420	135	4959	45420	108000	45420	108000
797	45480	22729	896	45480	108000	45480	108000
799	45540	14787	10487	45540	108000	45540	108000
801	45600	21996	16334	45600	108000	45600	108000
803	45660	10750	16193	45660	108000	45660	108000
805	45720	3138	18033	45720	108000	45720	108000
807	45780	8319	22105	45780	108000	45780	108000
809	45840	22244	653	45840	108000	45840	108000
811	45900	5915	8042	45900	108000	45900	108000
813	45960	14768	22489	45960	108000	45960	108000
815	46020	20896	5076	46020	108000	46020	108000
817	46080	1742	16387	46080	108000	46080	108000
819	46140	18823	1944	46140	108000	46140	108000
821	46200	14284	8351	46200	108000	46200	108000
823	46260	12301	11439	46260	108000	46260	108000
825	46320	22974	4307	46320	108000	46320	108000
827	46380	17244	16323	46380	108000	46380	108000
829	46440	9064	4421	46440	108000	46440	108000
831	46500	15832	635	46500	108000	46500	108000
833	46560	5219	7097	46560	108000	46560	108000
835	46620	6187	3688	46620	108000	46620	108000
837	46680	1133	18287	46680	108000	46680	108000
839	46740	23752	19456	46740	108000	46740	108000
841	46800	3135	20247	46800	108000	46800	108000
843	46860	2128	22142	46860	108000	46860	108000
845	46920	16176	1766	46920	108000	46920	108000
847	46980	2795	10828	46980	108000	46980	108000
849	47040	14325	11641	47040	108000	47040	108000
851	47100	348	21554	47100	108000	47100	108000
853	47160	3536	14825	47160	108000	47160	108000
855	47220	5774	3896	47220	108000	47220	108000
857	47280	13387	12122	47280	108000	47280	108000
859	47340	21844	17260	47340	108000	47340	108000
861	47400	23340	2834	47400	108000	47400	108000
863	47460	17356	10833	47460	108000	47460	108000
865	47520	8890	15557	47520	108000	47520	108000
867	47580	2598	18064	47580	108000	47580	108000
869	47640	22522	21125	47640	108000	47640	108000
871	47700	3102	5961	47700	108000	47700	108000
873	47760	11522	4105	47760	108000	47760	108000
875	47820	11748	8709	47820	108000	47820	108000
877	47880	3323	14032	47880	108000	47880	108000
879	47940	6278	24040	47940	108000	47940	108000
881	48000	19507	872	48000	108000	48000	108000
883	48060	18665	3602	48060	108000	48060	108000
885	48120	17224	7056	48120	108000	48120	108000
887	48180	1775	23339	48180	108000	48180	108000
889	48240	22874	2868	48240	108000	48240	108000
891	48300	2225	6310	48300	108000	48300	108000
893	48360	9271	2349	48360	108000	48360	108000
895	48420	2737	18305	48420	108000	48420	108000
897	48480	11985	11760	48480	108000	48480	108000
899	48540	13376	12272	48540	108000	48540	108000
901	48600	4062	21558	48600	108000	48600	108000
903	48660	6028	4611	48660	108000	48660	108000
905	48720	6574	23773	48720	108000	48720	108000
907	48780	6510	3631	48780	108000	48780	108000
909	48840	21838	15806	48840	108000	48840	108000
911	48900	2100	7930	48900	108000	48900	108000
913	48960	22901	3635	48960	108000	48960	108000
915	49020	23672	6493	49020	108000	49020	108000
917	49080	11143	3302	49080	108000	49080	108000
919	49140	17766	2704	49140	108000	49140	108000
921	49200	195	4237	49200	108000	49200	108000
923	49260	23861	5319	49260	108000	49260	108000
925	49320	9096	7954	49320	108000	49320	108000
927	49380	3666	7147	49380	108000	49380	108000
929	49440	23776	3918	49440	108000	49440	108000
931	49500	23459	14749	49500	108000	49500	108000
933	49560	17333	23774	49560	108000	49560	108000
935	49620	14116	7953	49620	108000	49620	108000
937	49680	6787	6671	49680	108000	49680	108000
939	49740	20984	303	49740	108000	49740	108000
941	49800	7246	2203	49800	108000	49800	108000
943	49860	19002	14805	49860	108000	49860	108000
945	49920	13565	14991	49920	108000	49920	108000
947	49980	22051	17743	49980	108000	49980	108000
949	50040	23691	22553	50040	108000	50040	108000
951	50100	2956	12947	50100	108000	50100	108000
953	50160	9975	21657	50160	108000	50160	108000
955	50220	3770	17572	50220	108000	50220	108000
957	50280	10611	5403	50280	108000	50280	108000
959	50340	2419	7221	50340	108000	50340	108000
961	50400	9206	19841	50400	108000	50400	108000
963	50460	12760	22164	50460	108000	50460	108000
965	50520	18406	21455	50520	108000	50520	108000
967	50580	22774	5999	50580	108000	50580	108000
969	50640	14310	6330	50640	108000	50640	108000
971	50700	11188	239	50700	108000	50700	108000
973	50760	19629	17199	50760	108000	50760	108000
975	50820	22556	21676	50820	108000	50820	108000
977	50880	4051	11720	50880	108000	50880	108000
979	50940	22931	7546	50940	108000	50940	108000
981	51000	11125	10758	51000	108000	51000	108000
983	51060	23520	2364	51060	108000	51060	108000
985	51120	8202	18269	51120	108000	51120	108000
987	51180	5184	8963	51180	108000	51180	108000
989	51240	3065	6441	51240	108000	51240	108000
991	51300	15911	20042	51300	108000	51300	108000
993	51360	23453	23003	51360	108000	51360	108000
995	51420	9513	18561	51420	108000	51420	108000
997	51480	8936	2782	51480	108000	51480	108000
999	51540	6878	2133	51540	108000	51540	108000
1001	51600	711	14548	51600	108000	51600	108000
1003	51660	4721	15609	51660	108000	51660	108000
1005	51720	1523	21297	51720	108000	51720	108000
1007	51780	16049	13245	51780	108000	51780	108000
1009	51840	20328	244	51840	108000	51840	108000
1011	51900	4556	15425	51900	108000	51900	108000
1013	51960	22168	18712	51960	108000	51960	108000
1015	52020	1541	23598	52020	108000	52020	108000
1017	52080	22505	8640	52080	108000	52080	108000
1019	52140	10430	553	52140	108000	52140	108000
1021	52200	8066	16717	52200	108000	52200	108000
1023	52260	6494	11332	52260	108000	52260	108000
1025	52320	2701	18377	52320	108000	52320	108000
1027	52380	5467	1193	52380	108000	52380	108000
1029	52440	3858	842	52440	108000	52440	108000
1031	52500	15026	18568	52500	108000	52500	108000
1033	52560	12735	11495	52560	108000	52560	108000
1035	52620	18203	1734	52620	108000	52620	108000
1037	52680	9106	12236	52680	108000	52680	108000
1039	52740	23094	15266	52740	108000	52740	108000
1041	52800	9072	20707	52800	108000	52800	108000
1043	52860	6911	7411	52860	108000	52860	108000
1045	52920	23550	20319	52920	108000	52920	108000
1047	52980	2947	6026	52980	108000	52980	108000
1049	53040	12100	12121	53040	108000	53040	108000
1051	53100	11198	7303	53100	108000	53100	108000
1053	53160	19058	12908	53160	108000	53160	108000
1055	53220	15191	7313	53220	108000	53220	108000
1057	53280	18747	2193	53280	108000	53280	108000
1059	53340	17661	22904	53340	108000	53340	108000
1061	53400	11487	19612	53400	108000	53400	108000
1063	53460	22208	15039	53460	108000	53460	108000
1065	53520	519	18794	53520	108000	53520	108000
1067	53580	14794	12896	53580	108000	53580	108000
1069	53640	14722	8850	53640	108000	53640	108000
1071	53700	21612	21756	53700	108000	53700	108000
1073	53760	22271	23492	53760	108000	53760	108000
1075	53820	14847	17896	53820	108000	53820	108000
1077	53880	2747	10851	53880	108000	53880	108000
1079	53940	15453	15174	53940	108000	53940	108000
1081	54000	524	18061	54000	108000	54000	108000
1083	54060	1149	7321	54060	108000	54060	108000
1085	54120	19102	21643	54120	108000	54120	108000
1087	54180	3619	5911	54180	108000	54180	108000
1089	54240	7117	17729	54240	108000	54240	108000
1091	54300	22253	23105	54300	108000	54300	108000
1093	54360	13054	10528	54360	108000	54360	108000
1095	54420	8361	130	54420	108000	54420	108000
1097	54480	956	4387	54480	108000	54480	108000
1099	54540	23156	12221	54540	108000	54540	108000
1101	54600	3041	9199	54600	108000	54600	108000
1103	54660	2932	5273	54660	108000	54660	108000
1105	54720	20304	7713	54720	108000	54720	108000
1107	54780	7991	4733	54780	108000	54780	108000
1109	54840	21265	10453	54840	108000	54840	108000
1111	54900	19132	1815	54900	108000	54900	108000
1113	54960	20931	22928	54960	108000	54960	108000
1115	55020	12734	16105	55020	108000	55020	108000
1117	55080	15457	5458	55080	108000	55080	108000
1119	55140	3939	9997	55140	108000	55140	108000
1121	55200	11280	23779	55200	108000	55200	108000
1123	55260	2326	15254	55260	108000	55260	108000
1125	55320	2196	6483	55320	108000	55320	108000
1127	55380	19801	4414	55380	108000	55380	108000
1129	55440	3634	23466	55440	108000	55440	108000
1131	55500	4161	4148	55500	108000	55500	108000
1133	55560	5970	1123	55560	108000	55560	108000
1135	55620	11532	6738	55620	108000	55620	108000
1137	55680	20465	5373	55680	108000	55680	108000
1139	55740	4828	2879	55740	108000	55740	108000
1141	55800	7422	3933	55800	108000	55800	108000
1143	55860	1650	15451	55860	108000	55860	108000
1145	55920	580	10036	55920	108000	55920	108000
1147	55980	10424	16006	55980	108000	55980	108000
1149	56040	11723	3815	56040	108000	56040	108000
1151	56100	23224	13416	56100	108000	56100	108000
1153	56160	4999	6283	56160	108000	56160	108000
1155	56220	6688	17748	56220	108000	56220	108000
1157	56280	11726	16068	56280	108000	56280	108000
1159	56340	18185	15760	56340	108000	56340	108000
1161	56400	6386	22400	56400	108000	56400	108000
1163	56460	7562	12831	56460	108000	56460	108000
1165	56520	6881	21985	56520	108000	56520	108000
1167	56580	23334	7822	56580	108000	56580	108000
1169	56640	16703	7270	56640	108000	56640	108000
1171	56700	1943	22787	56700	108000	56700	108000
1173	56760	8036	18423	56760	108000	56760	108000
1175	56820	4251	14488	56820	108000	56820	108000
1177	56880	16009	18464	56880	108000	56880	108000
1179	56940	14369	23585	56940	108000	56940	108000
1181	57000	7689	19136	57000	108000	57000	108000
1183	57060	17521	10350	57060	108000	57060	108000
1185	57120	7659	2242	57120	108000	57120	108000
1187	57180	18176	17668	57180	108000	57180	108000
1189	57240	3281	19677	57240	108000	57240	108000
1191	57300	19288	12888	57300	108000	57300	108000
1193	57360	3483	16102	57360	108000	57360	108000
1195	57420	21512	7502	57420	108000	57420	108000
1197	57480	6219	9055	57480	108000	57480	108000
1199	57540	742	23777	57540	108000	57540	108000
1201	57600	20764	9012	57600	108000	57600	108000
1203	57660	9914	12065	57660	108000	57660	108000
1205	57720	1158	4247	57720	108000	57720	108000
1207	57780	21496	7416	57780	108000	57780	108000
1209	57840	4164	7213	57840	108000	57840	108000
1211	57900	21503	22417	57900	108000	57900	108000
1213	57960	20513	12939	57960	108000	57960	108000
1215	58020	20575	14464	58020	108000	58020	108000
1217	58080	3159	6648	58080	108000	58080	108000
1219	58140	14042	21457	58140	108000	58140	108000
1221	58200	17902	23189	58200	108000	58200	108000
1223	58260	16034	8955	58260	108000	58260	108000
1225	58320	158	6518	58320	108000	58320	108000
1227	58380	1179	1879	58380	108000	58380	108000
1229	58440	22008	4545	58440	108000	58440	108000
1231	58500	3599	6001	58500	108000	58500	108000
1233	58560	17958	20097	58560	108000	58560	108000
1235	58620	7605	14300	58620	108000	58620	108000
1237	58680	17330	8138	58680	108000	58680	108000
1239	58740	6568	8698	58740	108000	58740	108000
1241	58800	12974	19432	58800	108000	58800	108000
1243	58860	20878	1568	58860	108000	58860	108000
1245	58920	17821	19434	58920	108000	58920	108000
1247	58980	13574	7269	58980	108000	58980	108000
1249	59040	1886	4584	59040	108000	59040	108000
1251	59100	14533	4266	59100	108000	59100	108000
1253	59160	14988	13792	59160	108000	59160	108000
1255	59220	7901	12226	59220	108000	59220	108000
1257	59280	12257	18291	59280	108000	59280	108000
1259	59340	14941	160	59340	108000	59340	108000
1261	59400	22551	22409	59400	108000	59400	108000
1263	59460	3425	17103	59460	108000	59460	108000
1265	59520	12274	23887	59520	108000	59520	108000
1267	59580	6462	12423	59580	108000	59580	108000
1269	59640	6654	10074	59640	108000	59640	108000
1271	59700	5465	16782	59700	108000	59700	108000
1273	59760	15387	21413	59760	108000	59760	108000
1275	59820	2824	7872	59820	108000	59820	108000
1277	59880	10615	17673	59880	108000	59880	108000
1279	59940	11254	23537	59940	108000	59940	108000
1281	60000	1835	15050	60000	108000	60000	108000
1283	60060	10570	13774	60060	108000	60060	108000
1285	60120	4726	3519	60120	108000	60120	108000
1287	60180	5769	15211	60180	108000	60180	108000
1289	60240	21903	13442	60240	108000	60240	108000
1291	60300	15596	2640	60300	108000	60300	108000
1293	60360	7120	15722	60360	108000	60360	108000
1295	60420	21798	16688	60420	108000	60420	108000
1297	60480	23248	18430	60480	108000	60480	108000
1299	60540	23006	3800	60540	108000	60540	108000
1301	60600	3029	12917	60600	108000	60600	108000
1303	60660	12748	5215	60660	108000	60660	108000
1305	60720	12905	15687	60720	108000	60720	108000
1307	60780	5408	12968	60780	108000	60780	108000
1309	60840	6720	713	60840	108000	60840	108000
1311	60900	21972	16745	60900	108000	60900	108000
1313	60960	7734	15150	60960	108000	60960	108000
1315	61020	20714	4032	61020	108000	61020	108000
1317	61080	7736	10545	61080	108000	61080	108000
1319	61140	20891	10205	61140	108000	61140	108000
1321	61200	1081	22558	61200	108000	61200	108000
1323	61260	20140	5379	61260	108000	61260	108000
1325	61320	2723	11434	61320	108000	61320	108000
1327	61380	1151	5347	61380	108000	61380	108000
1329	61440	21566	6371	61440	108000	61440	108000
1331	61500	17670	15613	61500	108000	61500	108000
1333	61560	9093	2533	61560	108000	61560	108000
1335	61620	21834	20038	61620	108000	61620	108000
1337	61680	20699	2876	61680	108000	61680	108000
1339	61740	8655	21926	61740	108000	61740	108000
1341	61800	286	9021	61800	108000	61800	108000
1343	61860	22542	2959	61860	108000	61860	108000
1345	61920	18862	3006	61920	108000	61920	108000
1347	61980	23951	21495	61980	108000	61980	108000
1349	62040	499	23368	62040	108000	62040	108000
1351	62100	4857	24050	62100	108000	62100	108000
1353	62160	22029	11221	62160	108000	62160	108000
1355	62220	2940	22334	62220	108000	62220	108000
1357	62280	6833	8693	62280	108000	62280	108000
1359	62340	8627	13032	62340	108000	62340	108000
1361	62400	22060	690	62400	108000	62400	108000
1363	62460	12165	5411	62460	108000	62460	108000
1365	62520	12034	7133	62520	108000	62520	108000
1367	62580	20979	13885	62580	108000	62580	108000
1369	62640	7839	11980	62640	108000	62640	108000
1371	62700	7958	16979	62700	108000	62700	108000
1373	62760	21641	16059	62760	108000	62760	108000
1375	62820	16301	424	62820	108000	62820	108000
1377	62880	16482	22091	62880	108000	62880	108000
1379	62940	2273	20054	62940	108000	62940	108000
1381	63000	19832	162	63000	108000	63000	108000
1383	63060	4562	14303	63060	108000	63060	108000
1385	63120	8974	14264	63120	108000	63120	108000
1387	63180	11026	3823	63180	108000	63180	108000
1389	63240	15640	11508	63240	108000	63240	108000
1391	63300	18320	4224	63300	108000	63300	108000
1393	63360	3166	16172	63360	108000	63360	108000
1395	63420	22657	988	63420	108000	63420	108000
1397	63480	2191	12879	63480	108000	63480	108000
1399	63540	9907	6870	63540	108000	63540	108000
1401	63600	4554	21819	63600	108000	63600	108000
1403	63660	7365	7637	63660	108000	63660	108000
1405	63720	12046	17308	63720	108000	63720	108000
1407	63780	5300	17768	63780	108000	63780	108000
1409	63840	22669	18796	63840	108000	63840	108000
1411	63900	5317	16199	63900	108000	63900	108000
1413	63960	9996	4391	63960	108000	63960	108000
1415	64020	11235	3304	64020	108000	64020	108000
1417	64080	10804	10501	64080	108000	64080	108000
1419	64140	5419	3305	64140	108000	64140	108000
1421	64200	20429	8642	64200	108000	64200	108000
1423	64260	16807	9243	64260	108000	64260	108000
1425	64320	23157	14249	64320	108000	64320	108000
1427	64380	2854	9250	64380	108000	64380	108000
1429	64440	13278	10516	64440	108000	64440	108000
1431	64500	11264	18392	64500	108000	64500	108000
1433	64560	16415	22581	64560	108000	64560	108000
1435	64620	2631	11270	64620	108000	64620	108000
1437	64680	2234	11685	64680	108000	64680	108000
1439	64740	13969	22526	64740	108000	64740	108000
1441	64800	22953	19821	64800	108000	64800	108000
-1
