People requests (id, time_call, pickup_point, delivery_point, early_pickup_time, late_pickup_time, early_delivery_time, late_delivery_time, max_travel_distance (m), maxNbStops)
2	21600	6106	9125	21600	22500	21600	108000	25028.786228189674	5
4	21660	12854	697	21660	22560	21660	108000	9899.910008415925	5
6	21720	2830	22662	21720	22620	21720	108000	8659.919127534034	5
8	21780	11409	22790	21780	22680	21780	108000	12325.836029748247	5
10	21840	3337	6747	21840	22740	21840	108000	37646.58873899026	5
12	21900	3811	3784	21900	22800	21900	108000	863.8136456380562	5
14	21960	1669	6592	21960	22860	21960	108000	20218.309277428227	5
16	22020	12811	10927	22020	22920	22020	108000	49664.695895305755	5
18	22080	21379	4958	22080	22980	22080	108000	63853.04537125121	5
20	22140	13995	7582	22140	23040	22140	108000	4894.697145414542	5
22	22200	10151	9054	22200	23100	22200	108000	12273.954466058816	5
24	22260	23418	10611	22260	23160	22260	108000	7517.847417830456	5
26	22320	10722	19318	22320	23220	22320	108000	13638.401815441814	5
28	22380	14918	20500	22380	23280	22380	108000	46374.87161780856	5
30	22440	11096	17450	22440	23340	22440	108000	47862.97994369906	5
32	22500	4003	17066	22500	23400	22500	108000	19957.49071097039	5
34	22560	20076	21083	22560	23460	22560	108000	45319.65094736823	5
36	22620	19050	10395	22620	23520	22620	108000	58119.9850285731	5
38	22680	9006	2941	22680	23580	22680	108000	29043.433401143127	5
40	22740	15154	22776	22740	23640	22740	108000	7448.8232259596	5
42	22800	21339	9126	22800	23700	22800	108000	61404.79901032036	5
44	22860	10352	6526	22860	23760	22860	108000	65322.9568475176	5
46	22920	20766	14723	22920	23820	22920	108000	22647.363881045454	5
48	22980	15943	6735	22980	23880	22980	108000	23347.256112320993	5
50	23040	15941	8884	23040	23940	23040	108000	34120.442046303884	5
52	23100	2677	7759	23100	24000	23100	108000	15017.62698260303	5
54	23160	12085	13383	23160	24060	23160	108000	17835.152365826903	5
56	23220	13080	22733	23220	24120	23220	108000	25920.569632211962	5
58	23280	19746	4828	23280	24180	23280	108000	43007.829388302176	5
60	23340	17209	1819	23340	24240	23340	108000	12541.198600851383	5
62	23400	787	4596	23400	24300	23400	108000	11387.768207782136	5
64	23460	14480	5225	23460	24360	23460	108000	18098.325751511446	5
66	23520	18547	16939	23520	24420	23520	108000	21077.81863549103	5
68	23580	18200	5859	23580	24480	23580	108000	13914.873611688996	5
70	23640	12722	20177	23640	24540	23640	108000	19969.203780126827	5
72	23700	21332	15431	23700	24600	23700	108000	17620.956648486303	5
74	23760	4249	19041	23760	24660	23760	108000	54556.925162314576	5
76	23820	23082	22826	23820	24720	23820	108000	2279.9753943613327	5
78	23880	938	18704	23880	24780	23880	108000	57149.887883700896	5
80	23940	20918	20502	23940	24840	23940	108000	30905.029059965793	5
82	24000	21775	8211	24000	24900	24000	108000	11495.779290183516	5
84	24060	23650	17588	24060	24960	24060	108000	17000.558534779393	5
86	24120	15900	24027	24120	25020	24120	108000	6318.594347328406	5
88	24180	22630	13537	24180	25080	24180	108000	12064.824994176108	5
90	24240	20348	13516	24240	25140	24240	108000	37345.170437421824	5
92	24300	20949	6780	24300	25200	24300	108000	21583.792813013293	5
94	24360	18549	15009	24360	25260	24360	108000	21515.35289064855	5
96	24420	6257	17593	24420	25320	24420	108000	19319.852801119818	5
98	24480	10342	23742	24480	25380	24480	108000	18818.01193057364	5
100	24540	22910	17736	24540	25440	24540	108000	61948.17671787754	5
102	24600	11298	4153	24600	25500	24600	108000	6892.752112265903	5
104	24660	18051	7316	24660	25560	24660	108000	8431.906578893379	5
106	24720	19701	6227	24720	25620	24720	108000	52582.03310868963	5
108	24780	22218	13061	24780	25680	24780	108000	60514.757236002784	5
110	24840	10522	19341	24840	25740	24840	108000	37323.406935596584	5
112	24900	684	18418	24900	25800	24900	108000	50164.50434832289	5
114	24960	499	18225	24960	25860	24960	108000	46864.98344478122	5
116	25020	476	3756	25020	25920	25020	108000	41808.1044465855	5
118	25080	242	22729	25080	25980	25080	108000	50700.04529482282	5
120	25140	11755	303	25140	26040	25140	108000	36442.21217956844	5
122	25200	22422	10069	25200	26100	25200	108000	17009.42592717946	5
124	25260	2671	22656	25260	26160	25260	108000	19358.127027491686	5
126	25320	18090	16794	25320	26220	25320	108000	9788.362114142523	5
128	25380	8749	930	25380	26280	25380	108000	18733.11753301118	5
130	25440	10088	4632	25440	26340	25440	108000	25544.731204861047	5
132	25500	22316	4505	25500	26400	25500	108000	50465.58883659451	5
134	25560	6583	7072	25560	26460	25560	108000	53582.535213867006	5
136	25620	4221	2615	25620	26520	25620	108000	22924.439496645136	5
138	25680	12785	7618	25680	26580	25680	108000	12337.629524176307	5
140	25740	16191	4978	25740	26640	25740	108000	14700.928296619688	5
142	25800	5071	16240	25800	26700	25800	108000	7368.872784569198	5
144	25860	7300	15605	25860	26760	25860	108000	38084.63592274122	5
146	25920	23778	15979	25920	26820	25920	108000	13545.892875700705	5
148	25980	22450	19828	25980	26880	25980	108000	63522.24207964904	5
150	26040	19432	15808	26040	26940	26040	108000	35905.164565093655	5
152	26100	5240	14305	26100	27000	26100	108000	42564.48201859845	5
154	26160	6846	18292	26160	27060	26160	108000	17079.25725779604	5
156	26220	8350	9986	26220	27120	26220	108000	30726.82845437731	5
158	26280	1492	13868	26280	27180	26280	108000	6917.791781831638	5
160	26340	18517	6656	26340	27240	26340	108000	29587.18052575895	5
162	26400	3039	16685	26400	27300	26400	108000	29872.521804415963	5
164	26460	23405	12361	26460	27360	26460	108000	21510.67465402009	5
166	26520	23466	10519	26520	27420	26520	108000	51631.71195807823	5
168	26580	22464	8274	26580	27480	26580	108000	20384.697395223317	5
170	26640	11941	10567	26640	27540	26640	108000	33196.95850641632	5
172	26700	16189	20030	26700	27600	26700	108000	50040.50769477151	5
174	26760	12398	18176	26760	27660	26760	108000	16002.978379812905	5
176	26820	23367	18773	26820	27720	26820	108000	54493.689106062884	5
178	26880	6836	20904	26880	27780	26880	108000	28212.42078514558	5
180	26940	16170	12253	26940	27840	26940	108000	7479.018696137498	5
182	27000	1685	19002	27000	27900	27000	108000	52852.71277500051	5
184	27060	14366	15308	27060	27960	27060	108000	37200.94686051612	5
186	27120	12400	4106	27120	28020	27120	108000	29355.230728814593	5
188	27180	17294	16816	27180	28080	27180	108000	16517.916690056874	5
190	27240	13429	14625	27240	28140	27240	108000	16196.565295435552	5
192	27300	19978	10408	27300	28200	27300	108000	65388.40136323709	5
194	27360	4954	8179	27360	28260	27360	108000	25894.71242158681	5
196	27420	12168	11939	27420	28320	27420	108000	31251.336851874068	5
198	27480	7058	17074	27480	28380	27480	108000	16163.5551884858	5
200	27540	3504	21543	27540	28440	27540	108000	47070.081986796635	5
202	27600	22067	16460	27600	28500	27600	108000	27002.708094145768	5
204	27660	4307	12983	27660	28560	27660	108000	58861.29281636691	5
206	27720	7187	2768	27720	28620	27720	108000	5444.29598701756	5
208	27780	6774	3665	27780	28680	27780	108000	42893.266974439684	5
210	27840	6200	20390	27840	28740	27840	108000	10018.849881460568	5
212	27900	17860	17667	27900	28800	27900	108000	71809.05506267093	5
214	27960	9109	4570	27960	28860	27960	108000	19497.321851055305	5
216	28020	14934	6727	28020	28920	28020	108000	17134.695744401663	5
218	28080	21117	11469	28080	28980	28080	108000	46509.91399586897	5
220	28140	6250	2861	28140	29040	28140	108000	6468.8166808795995	5
222	28200	6437	8172	28200	29100	28200	108000	10117.711062250411	5
224	28260	5957	10833	28260	29160	28260	108000	39931.75189537138	5
226	28320	13266	18465	28320	29220	28320	108000	14994.303311023277	5
228	28380	4826	17519	28380	29280	28380	108000	55400.38025143205	5
230	28440	21918	1112	28440	29340	28440	108000	58246.9418844406	5
232	28500	10498	23881	28500	29400	28500	108000	62116.085637580574	5
234	28560	14511	20434	28560	29460	28560	108000	9989.042776801796	5
236	28620	4026	7441	28620	29520	28620	108000	68413.24163079134	5
238	28680	3654	4164	28680	29580	28680	108000	39435.59222487164	5
240	28740	16761	7557	28740	29640	28740	108000	51926.36518865758	5
242	28800	19582	20083	28800	29700	28800	108000	25741.495495546456	5
244	28860	18653	1572	28860	29760	28860	108000	61262.99825673718	5
246	28920	85	19986	28920	29820	28920	108000	27899.25555969893	5
248	28980	4270	4631	28980	29880	28980	108000	65671.43960732344	5
250	29040	15618	19436	29040	29940	29040	108000	31427.530731108312	5
252	29100	4264	11757	29100	30000	29100	108000	43665.55732434989	5
254	29160	21615	8012	29160	30060	29160	108000	33115.82293011081	5
256	29220	13359	14013	29220	30120	29220	108000	9401.95879653868	5
258	29280	17773	553	29280	30180	29280	108000	30683.688593482202	5
260	29340	6587	6874	29340	30240	29340	108000	47618.67968798855	5
262	29400	4701	13312	29400	30300	29400	108000	5723.3380075320065	5
264	29460	8812	19	29460	30360	29460	108000	6045.687110271346	5
266	29520	19030	10687	29520	30420	29520	108000	28557.749723462508	5
268	29580	5294	6139	29580	30480	29580	108000	24242.266112513935	5
270	29640	20480	12138	29640	30540	29640	108000	18059.54742269539	5
272	29700	15221	19277	29700	30600	29700	108000	68441.67446754313	5
274	29760	8286	19820	29760	30660	29760	108000	50494.43249358861	5
276	29820	4482	14957	29820	30720	29820	108000	7085.172435390868	5
278	29880	3313	5595	29880	30780	29880	108000	28985.25347657896	5
280	29940	4439	22094	29940	30840	29940	108000	50433.01639569307	5
282	30000	23222	22553	30000	30900	30000	108000	4546.737314560779	5
284	30060	11741	2290	30060	30960	30060	108000	43593.7432909545	5
286	30120	7982	23995	30120	31020	30120	108000	32867.212975887036	5
288	30180	19717	825	30180	31080	30180	108000	46582.94035040996	5
290	30240	13549	3754	30240	31140	30240	108000	46841.114072262826	5
292	30300	10343	5867	30300	31200	30300	108000	47376.049982058204	5
294	30360	22141	523	30360	31260	30360	108000	56078.417941612504	5
296	30420	19670	23597	30420	31320	30420	108000	5220.379900480289	5
298	30480	8643	6272	30480	31380	30480	108000	88043.60316530509	5
300	30540	14921	11193	30540	31440	30540	108000	30302.964667226264	5
302	30600	16079	14272	30600	31500	30600	108000	77123.58425876794	5
304	30660	3012	21461	30660	31560	30660	108000	34954.5364766049	5
306	30720	17390	1862	30720	31620	30720	108000	6320.744523984862	5
308	30780	17744	1551	30780	31680	30780	108000	68890.8555469525	5
310	30840	11306	14049	30840	31740	30840	108000	8836.549312249283	5
312	30900	20775	22362	30900	31800	30900	108000	42005.10769561843	5
314	30960	9044	23689	30960	31860	30960	108000	11520.782901247825	5
316	31020	23537	920	31020	31920	31020	108000	20274.46543868862	5
318	31080	7903	11156	31080	31980	31080	108000	22539.961660815705	5
320	31140	1940	21196	31140	32040	31140	108000	37067.821018559785	5
322	31200	23020	14961	31200	32100	31200	108000	18947.205876132746	5
324	31260	17855	18954	31260	32160	31260	108000	72728.05465944923	5
326	31320	6771	8098	31320	32220	31320	108000	32203.87426782165	5
328	31380	14459	1208	31380	32280	31380	108000	13346.836367291784	5
330	31440	5958	4152	31440	32340	31440	108000	31030.923333646955	5
332	31500	5442	2666	31500	32400	31500	108000	25502.6048159463	5
334	31560	20366	3364	31560	32460	31560	108000	6403.5307290336805	5
336	31620	8151	15010	31620	32520	31620	108000	9368.439872702662	5
338	31680	11454	21143	31680	32580	31680	108000	53507.75273138797	5
340	31740	14926	4395	31740	32640	31740	108000	26281.517771416817	5
342	31800	5589	23294	31800	32700	31800	108000	24836.13001821313	5
344	31860	1850	16007	31860	32760	31860	108000	7793.6555920845985	5
346	31920	8252	15781	31920	32820	31920	108000	16285.814487426524	5
348	31980	11748	7342	31980	32880	31980	108000	25589.32716816163	5
350	32040	1626	6302	32040	32940	32040	108000	35321.284166006044	5
352	32100	1788	5911	32100	33000	32100	108000	15952.20658927473	5
354	32160	5610	4955	32160	33060	32160	108000	28999.666601849454	5
356	32220	1406	2953	32220	33120	32220	108000	24341.110109113975	5
358	32280	15926	6764	32280	33180	32280	108000	17728.060395453977	5
360	32340	18004	3019	32340	33240	32340	108000	32863.58671528076	5
362	32400	2102	23664	32400	33300	32400	108000	19096.688082718516	5
364	32460	4735	4400	32460	33360	32460	108000	22177.5181088552	5
366	32520	1799	2196	32520	33420	32520	108000	13082.507067925968	5
368	32580	7102	17222	32580	33480	32580	108000	17730.424833231344	5
370	32640	1168	12251	32640	33540	32640	108000	41418.28680268294	5
372	32700	23624	23102	32700	33600	32700	108000	14341.66753769101	5
374	32760	19669	11543	32760	33660	32760	108000	28862.37225046479	5
376	32820	22684	7779	32820	33720	32820	108000	18489.463803876584	5
378	32880	1158	15197	32880	33780	32880	108000	27844.471677268943	5
380	32940	5499	9048	32940	33840	32940	108000	30876.375957877546	5
382	33000	1224	8800	33000	33900	33000	108000	3180.078659733323	5
384	33060	4041	1171	33060	33960	33060	108000	23276.740923160618	5
386	33120	24007	16892	33120	34020	33120	108000	20762.215443574292	5
388	33180	22661	16026	33180	34080	33180	108000	12142.78454663071	5
390	33240	10153	11701	33240	34140	33240	108000	43355.08249175535	5
392	33300	19719	13815	33300	34200	33300	108000	45043.797151025894	5
394	33360	20950	11109	33360	34260	33360	108000	6505.986678770408	5
396	33420	11523	21422	33420	34320	33420	108000	24155.129616695715	5
398	33480	254	1646	33480	34380	33480	108000	16420.247667744305	5
400	33540	15377	19692	33540	34440	33540	108000	49726.77095541175	5
402	33600	10602	16917	33600	34500	33600	108000	25091.401026574826	5
404	33660	16426	7901	33660	34560	33660	108000	27367.150631265595	5
406	33720	23917	23879	33720	34620	33720	108000	2955.2258389448434	5
408	33780	3441	749	33780	34680	33780	108000	70182.97328660513	5
410	33840	10814	10380	33840	34740	33840	108000	70547.29015221528	5
412	33900	19533	21741	33900	34800	33900	108000	27674.89294819006	5
414	33960	3063	14732	33960	34860	33960	108000	1055.4818937894192	5
416	34020	6985	20897	34020	34920	34020	108000	38019.15924389434	5
418	34080	17420	23580	34080	34980	34080	108000	10675.550056869037	5
420	34140	7914	23490	34140	35040	34140	108000	26575.689970855095	5
422	34200	9033	22653	34200	35100	34200	108000	3755.7126255674752	5
424	34260	7230	15642	34260	35160	34260	108000	22092.122319613605	5
426	34320	19506	10359	34320	35220	34320	108000	46705.05038235721	5
428	34380	12135	11282	34380	35280	34380	108000	18837.755570122663	5
430	34440	10770	17710	34440	35340	34440	108000	50800.574838100205	5
432	34500	23945	22930	34500	35400	34500	108000	5354.921876154375	5
434	34560	16961	15675	34560	35460	34560	108000	11829.681006023831	5
436	34620	13106	15471	34620	35520	34620	108000	31242.545896037733	5
438	34680	2944	17904	34680	35580	34680	108000	1414.6007117173801	5
440	34740	14067	2876	34740	35640	34740	108000	13708.487275097663	5
442	34800	11292	7871	34800	35700	34800	108000	21613.00115877472	5
444	34860	3780	1135	34860	35760	34860	108000	50310.839973684815	5
446	34920	12196	10527	34920	35820	34920	108000	62334.595806244826	5
448	34980	23576	23340	34980	35880	34980	108000	9269.71116236028	5
450	35040	4050	10689	35040	35940	35040	108000	31690.775801882777	5
452	35100	18340	2127	35100	36000	35100	108000	42462.57770737023	5
454	35160	15604	22672	35160	36060	35160	108000	6397.587930059295	5
456	35220	20600	16731	35220	36120	35220	108000	63526.132968281316	5
458	35280	7960	2341	35280	36180	35280	108000	28014.748456098197	5
460	35340	19626	21071	35340	36240	35340	108000	12306.189796831153	5
462	35400	17778	20007	35400	36300	35400	108000	18193.912626739424	5
464	35460	7088	16092	35460	36360	35460	108000	40589.515273628094	5
466	35520	17781	6633	35520	36420	35520	108000	35172.99804637458	5
468	35580	6965	22924	35580	36480	35580	108000	22402.658188081477	5
470	35640	22250	1935	35640	36540	35640	108000	45782.633164032086	5
472	35700	1705	12005	35700	36600	35700	108000	19730.41235802501	5
474	35760	17258	12988	35760	36660	35760	108000	49633.82049395687	5
476	35820	570	16332	35820	36720	35820	108000	60713.99064544532	5
478	35880	20097	11026	35880	36780	35880	108000	22273.540482551907	5
480	35940	12288	18108	35940	36840	35940	108000	25176.606869520787	5
482	36000	21315	17473	36000	36900	36000	108000	41014.98429803803	5
484	36060	4371	4457	36060	36960	36060	108000	5204.993320160868	5
486	36120	17214	14842	36120	37020	36120	108000	6262.637894741224	5
488	36180	16374	20052	36180	37080	36180	108000	6642.30407882138	5
490	36240	7515	19646	36240	37140	36240	108000	24768.597261799187	5
492	36300	21660	20715	36300	37200	36300	108000	15162.73245017188	5
494	36360	4263	18986	36360	37260	36360	108000	51409.00519204047	5
496	36420	17301	11493	36420	37320	36420	108000	34868.880132429156	5
498	36480	16927	21250	36480	37380	36480	108000	37670.66732530687	5
500	36540	16749	8379	36540	37440	36540	108000	23626.01396806954	5
502	36600	1707	2735	36600	37500	36600	108000	26612.60155084649	5
504	36660	13029	2729	36660	37560	36660	108000	25960.076321216777	5
506	36720	2748	641	36720	37620	36720	108000	23968.10950606585	5
508	36780	21405	3201	36780	37680	36780	108000	67462.22648770167	5
510	36840	10764	4530	36840	37740	36840	108000	57886.606675133255	5
512	36900	13016	8770	36900	37800	36900	108000	27353.823444757807	5
514	36960	23877	11390	36960	37860	36960	108000	19534.866352213983	5
516	37020	16102	20128	37020	37920	37020	108000	18837.02927856294	5
518	37080	23732	11179	37080	37980	37080	108000	11042.30970131861	5
520	37140	20411	17324	37140	38040	37140	108000	37212.91656794139	5
522	37200	19657	2745	37200	38100	37200	108000	5072.862873211412	5
524	37260	7440	10980	37260	38160	37260	108000	54149.5012388691	5
526	37320	17046	22972	37320	38220	37320	108000	2572.5520913515115	5
528	37380	16886	7990	37380	38280	37380	108000	14222.700995141648	5
530	37440	22735	8849	37440	38340	37440	108000	45335.57183841032	5
532	37500	14107	22626	37500	38400	37500	108000	24918.519230207778	5
534	37560	17653	21490	37560	38460	37560	108000	13754.272586325164	5
536	37620	22430	9164	37620	38520	37620	108000	53551.916071523665	5
538	37680	1631	14968	37680	38580	37680	108000	42309.896360690975	5
540	37740	1671	15912	37740	38640	37740	108000	41116.31188512741	5
542	37800	16514	742	37800	38700	37800	108000	39414.648984630105	5
544	37860	22002	14742	37860	38760	37860	108000	52524.76900854247	5
546	37920	2354	7752	37920	38820	37920	108000	6182.568528287551	5
548	37980	13386	8950	37980	38880	37980	108000	47958.32235064766	5
550	38040	2660	16532	38040	38940	38040	108000	13578.860642931631	5
552	38100	22084	12316	38100	39000	38100	108000	67656.50078142325	5
554	38160	5816	17133	38160	39060	38160	108000	25970.590045811692	5
556	38220	18572	22388	38220	39120	38220	108000	21090.91214624977	5
558	38280	23220	23018	38280	39180	38280	108000	6237.037179910406	5
560	38340	10488	22674	38340	39240	38340	108000	63309.81642606295	5
562	38400	16480	23043	38400	39300	38400	108000	32228.761058713328	5
564	38460	13980	22134	38460	39360	38460	108000	64362.44785357471	5
566	38520	6325	7853	38520	39420	38520	108000	30957.088865014182	5
568	38580	15610	12820	38580	39480	38580	108000	37583.95316230775	5
570	38640	18913	7978	38640	39540	38640	108000	42698.65955329217	5
572	38700	8818	8788	38700	39600	38700	108000	33585.06623516318	5
574	38760	6248	21633	38760	39660	38760	108000	3290.3499265416162	5
576	38820	23028	14297	38820	39720	38820	108000	46983.78888369626	5
578	38880	21696	20519	38880	39780	38880	108000	58069.220777375784	5
580	38940	19372	1451	38940	39840	38940	108000	25998.25207246582	5
582	39000	21695	21510	39000	39900	39000	108000	57408.71185228797	5
584	39060	18809	11072	39060	39960	39060	108000	8151.301991538998	5
586	39120	647	23796	39120	40020	39120	108000	38155.02541648332	5
588	39180	17505	23458	39180	40080	39180	108000	55578.64396352253	5
590	39240	5546	14622	39240	40140	39240	108000	32191.063147976	5
592	39300	23319	10344	39300	40200	39300	108000	24279.759744116967	5
594	39360	7236	5565	39360	40260	39360	108000	31855.66687938102	5
596	39420	12172	23919	39420	40320	39420	108000	23477.94967296762	5
598	39480	4451	8895	39480	40380	39480	108000	30981.5719817729	5
600	39540	4147	15534	39540	40440	39540	108000	12369.595251351937	5
602	39600	13233	6998	39600	40500	39600	108000	8880.366012414992	5
604	39660	5430	3861	39660	40560	39660	108000	53450.82451380234	5
606	39720	16137	15980	39720	40620	39720	108000	21958.602407100356	5
608	39780	12880	2763	39780	40680	39780	108000	14150.716570910645	5
610	39840	21708	8209	39840	40740	39840	108000	20308.319917101933	5
612	39900	17348	6622	39900	40800	39900	108000	35334.62941423167	5
614	39960	10983	11592	39960	40860	39960	108000	38545.59088558235	5
616	40020	360	946	40020	40920	40020	108000	12493.295812738013	5
618	40080	1817	11227	40080	40980	40080	108000	16747.645826887903	5
620	40140	6518	11549	40140	41040	40140	108000	29019.096646182144	5
622	40200	7823	11097	40200	41100	40200	108000	29333.360223900876	5
624	40260	13377	18764	40260	41160	40260	108000	60011.30721635818	5
626	40320	6704	9146	40320	41220	40320	108000	13422.978925267576	5
628	40380	21909	114	40380	41280	40380	108000	36086.65833662989	5
630	40440	17238	10121	40440	41340	40440	108000	34869.212609397975	5
632	40500	51	10126	40500	41400	40500	108000	3989.5508679793725	5
634	40560	8806	19120	40560	41460	40560	108000	9745.022076982072	5
636	40620	7920	14465	40620	41520	40620	108000	33798.47451294969	5
638	40680	4069	15028	40680	41580	40680	108000	31498.25126510118	5
640	40740	3575	19725	40740	41640	40740	108000	6068.507127286136	5
642	40800	7248	21142	40800	41700	40800	108000	44739.84619364408	5
644	40860	8714	20682	40860	41760	40860	108000	23789.51945195784	5
646	40920	20797	6491	40920	41820	40920	108000	41951.38752295922	5
648	40980	1213	1486	40980	41880	40980	108000	4217.172856107704	5
650	41040	17580	2759	41040	41940	41040	108000	16739.41445053956	5
652	41100	13461	13354	41100	42000	41100	108000	17469.535703662736	5
654	41160	2332	550	41160	42060	41160	108000	25261.239378125523	5
656	41220	12100	11987	41220	42120	41220	108000	4613.956935371916	5
658	41280	16310	22598	41280	42180	41280	108000	50774.45616305153	5
660	41340	11498	19579	41340	42240	41340	108000	12567.736550720609	5
662	41400	10784	8916	41400	42300	41400	108000	44487.6852740603	5
664	41460	13245	23762	41460	42360	41460	108000	19628.1391743254	5
666	41520	23827	23803	41520	42420	41520	108000	6366.89093800915	5
668	41580	16451	3263	41580	42480	41580	108000	6404.538993289039	5
670	41640	7430	15838	41640	42540	41640	108000	26362.70767285373	5
672	41700	6233	11708	41700	42600	41700	108000	52207.591317161256	5
674	41760	1115	22685	41760	42660	41760	108000	13074.119885805767	5
676	41820	8921	7620	41820	42720	41820	108000	30957.76496025823	5
678	41880	606	4049	41880	42780	41880	108000	46033.67522004909	5
680	41940	7834	14441	41940	42840	41940	108000	19802.549247174487	5
682	42000	5339	1645	42000	42900	42000	108000	34915.0072840516	5
684	42060	243	18042	42060	42960	42060	108000	22403.806150071643	5
686	42120	8264	22744	42120	43020	42120	108000	21711.64696870936	5
688	42180	15801	4148	42180	43080	42180	108000	42279.82809058697	5
690	42240	21374	17680	42240	43140	42240	108000	16329.72427280063	5
692	42300	23809	22522	42300	43200	42300	108000	6556.985028660029	5
694	42360	10394	6342	42360	43260	42360	108000	37267.60421652188	5
696	42420	20183	12302	42420	43320	42420	108000	38533.187486489114	5
698	42480	8230	10385	42480	43380	42480	108000	28397.127236362096	5
700	42540	9106	6671	42540	43440	42540	108000	12302.66733591288	5
702	42600	23875	5651	42600	43500	42600	108000	12978.723154400446	5
704	42660	4720	7085	42660	43560	42660	108000	41058.48557455898	5
706	42720	265	18468	42720	43620	42720	108000	61777.73858341962	5
708	42780	9058	8364	42780	43680	42780	108000	53383.40359318458	5
710	42840	7042	21420	42840	43740	42840	108000	65149.727012339456	5
712	42900	20518	13940	42900	43800	42900	108000	23430.913243294584	5
714	42960	468	22837	42960	43860	42960	108000	19108.919150385824	5
716	43020	11694	3747	43020	43920	43020	108000	13768.3004124462	5
718	43080	15815	11151	43080	43980	43080	108000	6732.351654134614	5
720	43140	7049	7900	43140	44040	43140	108000	29175.90041327069	5
722	43200	20559	14084	43200	44100	43200	108000	11742.959952226309	5
724	43260	12742	7465	43260	44160	43260	108000	44780.87059238979	5
726	43320	18725	12381	43320	44220	43320	108000	58743.17107547633	5
728	43380	23438	893	43380	44280	43380	108000	19669.477400269876	5
730	43440	21688	5847	43440	44340	43440	108000	17383.258994497926	5
732	43500	22133	13378	43500	44400	43500	108000	47783.17728326154	5
734	43560	15002	23941	43560	44460	43560	108000	14315.271551949581	5
736	43620	13482	12351	43620	44520	43620	108000	36375.76899720973	5
738	43680	4820	21958	43680	44580	43680	108000	36811.26344871799	5
740	43740	15161	17857	43740	44640	43740	108000	14645.521616604432	5
742	43800	3893	7028	43800	44700	43800	108000	48005.81633029356	5
744	43860	4615	5649	43860	44760	43860	108000	33342.96749487258	5
746	43920	23279	9107	43920	44820	43920	108000	5113.797201952888	5
748	43980	7006	8388	43980	44880	43980	108000	58826.99099134334	5
750	44040	12227	14411	44040	44940	44040	108000	42806.952638008115	5
752	44100	23317	16002	44100	45000	44100	108000	8112.040650311653	5
754	44160	6913	18035	44160	45060	44160	108000	18418.779218358686	5
756	44220	20158	8685	44220	45120	44220	108000	19157.99059235466	5
758	44280	4964	9040	44280	45180	44280	108000	11853.324259297297	5
760	44340	3926	24004	44340	45240	44340	108000	27499.70441647717	5
762	44400	5151	17088	44400	45300	44400	108000	4967.581713384806	5
764	44460	4058	2254	44460	45360	44460	108000	29355.529945064678	5
766	44520	767	18208	44520	45420	44520	108000	39989.82690502743	5
768	44580	11442	19070	44580	45480	44580	108000	11144.946187237694	5
770	44640	23450	9924	44640	45540	44640	108000	12623.614295816164	5
772	44700	3671	19718	44700	45600	44700	108000	4786.47362003969	5
774	44760	4798	21132	44760	45660	44760	108000	47672.145801567014	5
776	44820	9136	21087	44820	45720	44820	108000	4329.0905258964385	5
778	44880	1759	8393	44880	45780	44880	108000	8056.9092072428275	5
780	44940	20670	6869	44940	45840	44940	108000	27364.512152849216	5
782	45000	6765	4839	45000	45900	45000	108000	5650.332263062094	5
784	45060	3122	3130	45060	45960	45060	108000	17456.871340316353	5
786	45120	903	15732	45120	46020	45120	108000	10509.206646334596	5
788	45180	7140	18690	45180	46080	45180	108000	58674.63374130628	5
790	45240	10543	2628	45240	46140	45240	108000	43912.2256633969	5
792	45300	7285	12819	45300	46200	45300	108000	57360.44527210928	5
794	45360	17485	7714	45360	46260	45360	108000	53543.89782407234	5
796	45420	15443	4817	45420	46320	45420	108000	49168.74306550471	5
798	45480	839	23192	45480	46380	45480	108000	16533.00060294106	5
800	45540	9249	3318	45540	46440	45540	108000	67264.27642430253	5
802	45600	721	2061	45600	46500	45600	108000	7806.174346621087	5
804	45660	5192	4300	45660	46560	45660	108000	66101.46674960559	5
806	45720	22965	17939	45720	46620	45720	108000	51877.586262741206	5
808	45780	1594	652	45780	46680	45780	108000	9848.061748152833	5
810	45840	8969	22189	45840	46740	45840	108000	62161.75116967388	5
812	45900	14291	23323	45900	46800	45900	108000	46436.66630005688	5
814	45960	7087	2329	45960	46860	45960	108000	43673.7816377012	5
816	46020	18836	413	46020	46920	46020	108000	2662.795743905356	5
818	46080	20666	5653	46080	46980	46080	108000	43444.39591450991	5
820	46140	3962	17493	46140	47040	46140	108000	36231.59059869292	5
822	46200	4130	22578	46200	47100	46200	108000	8235.475973900384	5
824	46260	13969	4861	46260	47160	46260	108000	8724.323650089764	5
826	46320	5978	969	46320	47220	46320	108000	25772.86189227929	5
828	46380	12123	22879	46380	47280	46380	108000	23135.692930065776	5
830	46440	18044	6274	46440	47340	46440	108000	26928.509567140885	5
832	46500	10198	21634	46500	47400	46500	108000	6048.733264261928	5
834	46560	12843	6547	46560	47460	46560	108000	53552.897864053906	5
836	46620	10969	5145	46620	47520	46620	108000	50849.739854619074	5
838	46680	8855	4619	46680	47580	46680	108000	51192.73401227014	5
840	46740	1760	16876	46740	47640	46740	108000	11784.548213678505	5
842	46800	16199	7015	46800	47700	46800	108000	32946.51474523723	5
844	46860	23967	17487	46860	47760	46860	108000	58758.784975951115	5
846	46920	12966	11252	46920	47820	46920	108000	11185.798646639996	5
848	46980	8273	21802	46980	47880	46980	108000	46049.874280905955	5
850	47040	15275	8345	47040	47940	47040	108000	55374.97443340183	5
852	47100	16456	21670	47100	48000	47100	108000	16616.852446941422	5
854	47160	15623	12930	47160	48060	47160	108000	60843.617909785724	5
856	47220	7948	1805	47220	48120	47220	108000	16160.083879970309	5
858	47280	14871	10142	47280	48180	47280	108000	10654.001992190504	5
860	47340	11244	11806	47340	48240	47340	108000	6416.342017970593	5
862	47400	8754	21165	47400	48300	47400	108000	11706.328793758394	5
864	47460	270	14347	47460	48360	47460	108000	38407.59739839328	5
866	47520	1102	23594	47520	48420	47520	108000	23818.77212273118	5
868	47580	21486	7423	47580	48480	47580	108000	65554.75456695797	5
870	47640	3923	2925	47640	48540	47640	108000	15438.882742528516	5
872	47700	10695	20252	47700	48600	47700	108000	47757.100089000574	5
874	47760	23813	23156	47760	48660	47760	108000	4930.1862813887865	5
876	47820	8359	174	47820	48720	47820	108000	51059.58926038798	5
878	47880	15865	49	47880	48780	47880	108000	10026.334887546482	5
880	47940	14857	5194	47940	48840	47940	108000	11759.190036942939	5
882	48000	12032	2297	48000	48900	48000	108000	36136.55900814857	5
884	48060	6384	8657	48060	48960	48060	108000	18155.746584234374	5
886	48120	11012	6053	48120	49020	48120	108000	10701.634536500009	5
888	48180	11510	5837	48180	49080	48180	108000	13514.96645608566	5
890	48240	1107	443	48240	49140	48240	108000	32491.98229410654	5
892	48300	3010	21243	48300	49200	48300	108000	27319.15249231057	5
894	48360	10724	19958	48360	49260	48360	108000	54532.39568094982	5
896	48420	3791	2860	48420	49320	48420	108000	37766.83566974024	5
898	48480	17808	11211	48480	49380	48480	108000	17403.054985295854	5
900	48540	21333	12114	48540	49440	48540	108000	53009.48891814245	5
902	48600	21652	4730	48600	49500	48600	108000	55161.70278503079	5
904	48660	13945	829	48660	49560	48660	108000	20041.032887492638	5
906	48720	9227	13460	48720	49620	48720	108000	14482.342957911083	5
908	48780	8652	15785	48780	49680	48780	108000	33852.086423415014	5
910	48840	24011	21630	48840	49740	48840	108000	11297.592980623685	5
912	48900	10765	23106	48900	49800	48900	108000	63007.4906133343	5
914	48960	22321	4246	48960	49860	48960	108000	23334.14855218213	5
916	49020	7791	15314	49020	49920	49020	108000	8234.534374231347	5
918	49080	17609	602	49080	49980	49080	108000	6371.191599230444	5
920	49140	19786	22625	49140	50040	49140	108000	43247.39370831929	5
922	49200	23970	21391	49200	50100	49200	108000	64462.00923608713	5
924	49260	13252	11909	49260	50160	49260	108000	13895.234813115021	5
926	49320	20436	19404	49320	50220	49320	108000	5704.825818591193	5
928	49380	15988	11171	49380	50280	49380	108000	3293.956639387332	5
930	49440	8090	14538	49440	50340	49440	108000	20481.041533818887	5
932	49500	12046	16264	49500	50400	49500	108000	40077.00873996667	5
934	49560	23560	12274	49560	50460	49560	108000	21051.850436977325	5
936	49620	2817	17640	49620	50520	49620	108000	11911.937299465057	5
938	49680	3404	21266	49680	50580	49680	108000	25065.485008041636	5
940	49740	10989	21409	49740	50640	49740	108000	71215.73505347226	5
942	49800	21622	15304	49800	50700	49800	108000	29063.783264418686	5
944	49860	11205	18063	49860	50760	49860	108000	34178.56816484029	5
946	49920	17474	1029	49920	50820	49920	108000	48861.117708899634	5
948	49980	23455	888	49980	50880	49980	108000	16311.358944651007	5
950	50040	2977	21076	50040	50940	50040	108000	28113.052682102585	5
952	50100	712	4825	50100	51000	50100	108000	22518.077387190653	5
954	50160	17795	2607	50160	51060	50160	108000	32830.274557958815	5
956	50220	20365	18867	50220	51120	50220	108000	18538.121860956617	5
958	50280	17990	20024	50280	51180	50280	108000	9771.990630879678	5
960	50340	11667	2154	50340	51240	50340	108000	90085.13493743003	5
962	50400	22888	18497	50400	51300	50400	108000	10148.512672145825	5
964	50460	15713	23642	50460	51360	50460	108000	3904.04003840688	5
966	50520	11309	23789	50520	51420	50520	108000	9130.430355230785	5
968	50580	9202	3829	50580	51480	50580	108000	34657.078710823705	5
970	50640	10041	3388	50640	51540	50640	108000	39820.183317122	5
972	50700	20478	2961	50700	51600	50700	108000	19149.24253279468	5
974	50760	4271	8868	50760	51660	50760	108000	48560.89087849228	5
976	50820	7121	16164	50820	51720	50820	108000	20270.366776177376	5
978	50880	15681	23790	50880	51780	50880	108000	48647.71279649652	5
980	50940	320	4583	50940	51840	50940	108000	10641.981167448368	5
982	51000	13105	23729	51000	51900	51000	108000	20489.189954903093	5
984	51060	23553	11363	51060	51960	51060	108000	2337.4423750964365	5
986	51120	256	6666	51120	52020	51120	108000	17914.744149006237	5
988	51180	11326	2234	51180	52080	51180	108000	15360.765343393816	5
990	51240	22766	1031	51240	52140	51240	108000	23665.297886917797	5
992	51300	11137	14688	51300	52200	51300	108000	18575.577310422028	5
994	51360	5785	21434	51360	52260	51360	108000	36006.78799885019	5
996	51420	14308	169	51420	52320	51420	108000	48630.00722891225	5
998	51480	280	20258	51480	52380	51480	108000	48364.94849505146	5
1000	51540	4833	11049	51540	52440	51540	108000	25765.083412070795	5
1002	51600	10846	6458	51600	52500	51600	108000	52325.728879749906	5
1004	51660	6654	22641	51660	52560	51660	108000	14550.050982321305	5
1006	51720	778	14608	51720	52620	51720	108000	25132.949224702268	5
1008	51780	23893	19105	51780	52680	51780	108000	11994.258973674554	5
1010	51840	12818	6045	51840	52740	51840	108000	59512.26512377791	5
1012	51900	14505	18831	51900	52800	51900	108000	27004.364110398776	5
1014	51960	3387	23535	51960	52860	51960	108000	40710.67803522519	5
1016	52020	16492	13943	52020	52920	52020	108000	30580.633854103377	5
1018	52080	14134	13521	52080	52980	52080	108000	34242.387708326976	5
1020	52140	20049	20663	52140	53040	52140	108000	47883.61863571587	5
1022	52200	20291	19123	52200	53100	52200	108000	80536.53817844426	5
1024	52260	3378	2191	52260	53160	52260	108000	63260.14287529128	5
1026	52320	17868	1021	52320	53220	52320	108000	30215.19997543507	5
1028	52380	17037	6515	52380	53280	52380	108000	41817.75516127346	5
1030	52440	3856	8961	52440	53340	52440	108000	53443.37602194001	5
1032	52500	16478	1508	52500	53400	52500	108000	27537.50074158462	5
1034	52560	6029	4449	52560	53460	52560	108000	32817.628826312735	5
1036	52620	17686	23815	52620	53520	52620	108000	59013.98370082448	5
1038	52680	12147	1657	52680	53580	52680	108000	19461.607055333985	5
1040	52740	20970	23264	52740	53640	52740	108000	10471.580578209692	5
1042	52800	23008	20192	52800	53700	52800	108000	33087.47544000661	5
1044	52860	13437	19418	52860	53760	52860	108000	35975.02065806058	5
1046	52920	18466	3728	52920	53820	52920	108000	59678.27307797866	5
1048	52980	16127	10663	52980	53880	52980	108000	22076.556882921075	5
1050	53040	14278	15462	53040	53940	53040	108000	10188.342773504972	5
1052	53100	15689	13363	53100	54000	53100	108000	15393.48233898454	5
1054	53160	14976	13115	53160	54060	53160	108000	53394.513036793134	5
1056	53220	12392	11369	53220	54120	53220	108000	22653.94411426262	5
1058	53280	7053	22545	53280	54180	53280	108000	7118.422173414975	5
1060	53340	17365	8194	53340	54240	53340	108000	24789.41544884505	5
1062	53400	11001	2754	53400	54300	53400	108000	10346.958381851482	5
1064	53460	18944	14971	53460	54360	53460	108000	58666.417019613364	5
1066	53520	18116	18996	53520	54420	53520	108000	14056.5364860688	5
1068	53580	1956	18047	53580	54480	53580	108000	26335.55378538514	5
1070	53640	22649	19099	53640	54540	53640	108000	5484.305894984841	5
1072	53700	14095	14491	53700	54600	53700	108000	7161.858826631498	5
1074	53760	14619	12234	53760	54660	53760	108000	26818.447161771313	5
1076	53820	378	21983	53820	54720	53820	108000	44769.47839586712	5
1078	53880	18971	23792	53880	54780	53880	108000	16341.476530322012	5
1080	53940	7840	3721	53940	54840	53940	108000	57882.433593885806	5
1082	54000	10993	6177	54000	54900	54000	108000	8209.641937371873	5
1084	54060	13209	17952	54060	54960	54060	108000	51376.93485791131	5
1086	54120	3538	12161	54120	55020	54120	108000	29620.981770160633	5
1088	54180	12405	8805	54180	55080	54180	108000	18451.980109101787	5
1090	54240	10946	16039	54240	55140	54240	108000	1038.2199538671211	5
1092	54300	7711	3001	54300	55200	54300	108000	55276.92126984404	5
1094	54360	14464	5840	54360	55260	54360	108000	38214.83575898024	5
1096	54420	20172	3009	54420	55320	54420	108000	34123.046511722954	5
1098	54480	7334	5206	54480	55380	54480	108000	26124.24145712428	5
1100	54540	15777	5451	54540	55440	54540	108000	56405.59765932371	5
1102	54600	15408	7400	54600	55500	54600	108000	65315.601389442985	5
1104	54660	8315	20055	54660	55560	54660	108000	48732.93927854918	5
1106	54720	16775	1772	54720	55620	54720	108000	25214.88753355819	5
1108	54780	16385	21776	54780	55680	54780	108000	9676.703811325344	5
1110	54840	6548	7607	54840	55740	54840	108000	11534.158454896391	5
1112	54900	7883	16502	54900	55800	54900	108000	41549.63360308363	5
1114	54960	23588	11221	54960	55860	54960	108000	9580.844100646442	5
1116	55020	9916	713	55020	55920	55020	108000	11305.926706013324	5
1118	55080	3990	371	55080	55980	55080	108000	30316.426914599808	5
1120	55140	6697	15603	55140	56040	55140	108000	21852.38657670995	5
1122	55200	17009	15041	55200	56100	55200	108000	57358.33628250511	5
1124	55260	6647	8992	55260	56160	55260	108000	31656.828042759837	5
1126	55320	2592	2240	55320	56220	55320	108000	29887.917887764484	5
1128	55380	18118	20261	55380	56280	55380	108000	67465.02479088628	5
1130	55440	14841	23622	55440	56340	55440	108000	9778.651928304575	5
1132	55500	11666	11303	55500	56400	55500	108000	88437.85355145053	5
1134	55560	4061	15253	55560	56460	55560	108000	57662.06437113151	5
1136	55620	22195	17978	55620	56520	55620	108000	15929.774440966905	5
1138	55680	2899	17414	55680	56580	55680	108000	17881.585915746728	5
1140	55740	16117	6618	55740	56640	55740	108000	53103.172807462	5
1142	55800	3045	12039	55800	56700	55800	108000	45289.21535106344	5
1144	55860	662	3190	55860	56760	55860	108000	36157.80795619291	5
1146	55920	19712	3652	55920	56820	55920	108000	11130.010342532838	5
1148	55980	666	6738	55980	56880	55980	108000	25643.500371390488	5
1150	56040	7401	15839	56040	56940	56040	108000	27912.90544863433	5
1152	56100	8318	10083	56100	57000	56100	108000	20376.958739418304	5
1154	56160	75	10166	56160	57060	56160	108000	24736.139988332277	5
1156	56220	4137	21920	56220	57120	56220	108000	43608.992386115984	5
1158	56280	3500	22365	56280	57180	56280	108000	18173.786981168596	5
1160	56340	18691	7631	56340	57240	56340	108000	16997.905082070232	5
1162	56400	19003	6862	56400	57300	56400	108000	23890.00860568337	5
1164	56460	14877	15784	56460	57360	56460	108000	48577.160869473475	5
1166	56520	21123	18669	56520	57420	56520	108000	51054.62043176529	5
1168	56580	8370	7909	56580	57480	56580	108000	37141.36811472836	5
1170	56640	21416	22053	56640	57540	56640	108000	19636.939893498773	5
1172	56700	3991	18250	56700	57600	56700	108000	20665.124234625713	5
1174	56760	15917	21843	56760	57660	56760	108000	40998.57801659247	5
1176	56820	20041	18814	56820	57720	56820	108000	45763.758705327826	5
1178	56880	20304	300	56880	57780	56880	108000	50699.012601401904	5
1180	56940	8210	21557	56940	57840	56940	108000	47018.61960031398	5
1182	57000	2872	6326	57000	57900	57000	108000	11318.841105851636	5
1184	57060	6181	57	57060	57960	57060	108000	31086.955684959004	5
1186	57120	23212	3194	57120	58020	57120	108000	9155.238524985585	5
1188	57180	11727	19000	57180	58080	57180	108000	42004.23363391831	5
1190	57240	23593	17930	57240	58140	57240	108000	45947.63890904742	5
1192	57300	11692	10497	57300	58200	57300	108000	29151.11028868173	5
1194	57360	91	1096	57360	58260	57360	108000	24877.643816549447	5
1196	57420	3159	20289	57420	58320	57420	108000	21363.129696879238	5
1198	57480	4962	15245	57480	58380	57480	108000	57112.02681824526	5
1200	57540	14518	21575	57540	58440	57540	108000	59299.09397159137	5
1202	57600	20794	5946	57600	58500	57600	108000	36289.999525805324	5
1204	57660	17423	1004	57660	58560	57660	108000	16526.517097065924	5
1206	57720	4434	11526	57720	58620	57720	108000	36876.93044531006	5
1208	57780	6127	2100	57780	58680	57780	108000	32122.066546212285	5
1210	57840	18262	20070	57840	58740	57840	108000	9381.446099720797	5
1212	57900	14245	1890	57900	58800	57900	108000	27449.321287308343	5
1214	57960	4384	6716	57960	58860	57960	108000	24554.515613092717	5
1216	58020	16901	20380	58020	58920	58020	108000	22277.560001652033	5
1218	58080	18302	4572	58080	58980	58080	108000	27078.01153880526	5
1220	58140	5540	2888	58140	59040	58140	108000	28211.887660096145	5
1222	58200	11920	3403	58200	59100	58200	108000	68601.16762469542	5
1224	58260	15289	21221	58260	59160	58260	108000	34175.35742969257	5
1226	58320	22484	9088	58320	59220	58320	108000	5988.515571939433	5
1228	58380	2063	18676	58380	59280	58380	108000	79792.82399436955	5
1230	58440	22542	5626	58440	59340	58440	108000	31058.570274405363	5
1232	58500	9180	15284	58500	59400	58500	108000	31634.91453925141	5
1234	58560	8285	10573	58560	59460	58560	108000	56045.674659268785	5
1236	58620	12326	11200	58620	59520	58620	108000	12653.244106474534	5
1238	58680	17017	18182	58680	59580	58680	108000	39301.82500727621	5
1240	58740	12242	14514	58740	59640	58740	108000	11020.06441762047	5
1242	58800	22933	22613	58800	59700	58800	108000	10862.354182672538	5
1244	58860	12158	1764	58860	59760	58860	108000	10440.734750514375	5
1246	58920	18102	7244	58920	59820	58920	108000	17220.96893395329	5
1248	58980	5474	17911	58980	59880	58980	108000	33866.65530378787	5
1250	59040	23129	13781	59040	59940	59040	108000	18734.033078681674	5
1252	59100	1180	17864	59100	60000	59100	108000	47824.09817481761	5
1254	59160	22156	23397	59160	60060	59160	108000	45855.34003098768	5
1256	59220	12083	11165	59220	60120	59220	108000	18796.997434483055	5
1258	59280	310	5573	59280	60180	59280	108000	35502.93886163603	5
1260	59340	15641	14823	59340	60240	59340	108000	55378.728841998694	5
1262	59400	14359	17768	59400	60300	59400	108000	5687.094609910518	5
1264	59460	8007	7525	59460	60360	59460	108000	13942.919850092629	5
1266	59520	18299	15828	59520	60420	59520	108000	7283.145451439143	5
1268	59580	16200	11317	59580	60480	59580	108000	18520.888041447608	5
1270	59640	21489	2563	59640	60540	59640	108000	50360.31051949548	5
1272	59700	7286	71	59700	60600	59700	108000	31673.69029194297	5
1274	59760	6476	10702	59760	60660	59760	108000	82561.26580791251	5
1276	59820	19684	11422	59820	60720	59820	108000	1730.8246110612258	5
1278	59880	6590	4479	59880	60780	59880	108000	48293.070340826926	5
1280	59940	17652	12959	59940	60840	59940	108000	65700.31418750333	5
1282	60000	15441	23107	60000	60900	60000	108000	55114.627605345544	5
1284	60060	16069	3556	60060	60960	60060	108000	26992.606626712084	5
1286	60120	16969	23240	60120	61020	60120	108000	5778.2640575328205	5
1288	60180	16699	10516	60180	61080	60180	108000	21345.575560098277	5
1290	60240	14103	16350	60240	61140	60240	108000	69802.3756299072	5
1292	60300	11087	11655	60300	61200	60300	108000	17319.860318007002	5
1294	60360	12846	279	60360	61260	60360	108000	52538.07887721502	5
1296	60420	20925	18258	60420	61320	60420	108000	24076.995877785088	5
1298	60480	3226	6620	60480	61380	60480	108000	7955.052666626088	5
1300	60540	16034	518	60540	61440	60540	108000	21001.884095928915	5
1302	60600	6361	7394	60600	61500	60600	108000	26665.53482963887	5
1304	60660	12932	23414	60660	61560	60660	108000	18469.6636984584	5
1306	60720	15386	9255	60720	61620	60720	108000	68442.57291749907	5
1308	60780	12925	14404	60780	61680	60780	108000	40980.40667580062	5
1310	60840	7638	16914	60840	61740	60840	108000	40818.44485214163	5
1312	60900	5083	7083	60900	61800	60900	108000	42326.07980082135	5
1314	60960	21394	17887	60960	61860	60960	108000	86084.34992318283	5
1316	61020	3139	2840	61020	61920	61020	108000	13804.101529862493	5
1318	61080	6537	2181	61080	61980	61080	108000	48604.385280273345	5
1320	61140	23931	6300	61140	62040	61140	108000	7304.487002641116	5
1322	61200	4637	20005	61200	62100	61200	108000	18704.26463978991	5
1324	61260	16245	4461	61260	62160	61260	108000	22050.970599657263	5
1326	61320	17127	458	61320	62220	61320	108000	12150.145067536027	5
1328	61380	12958	1047	61380	62280	61380	108000	31275.998281107273	5
1330	61440	8008	18880	61440	62340	61440	108000	35807.96454773266	5
1332	61500	21643	3436	61500	62400	61500	108000	47849.48312545589	5
1334	61560	18799	626	61560	62460	61560	108000	9706.714402536008	5
1336	61620	16180	19008	61620	62520	61620	108000	11831.397265098476	5
1338	61680	13025	6659	61680	62580	61680	108000	6099.942333538709	5
1340	61740	22513	1105	61740	62640	61740	108000	7558.211888424496	5
1342	61800	10358	20520	61800	62700	61800	108000	11217.746171463054	5
1344	61860	500	3252	61860	62760	61860	108000	44686.668776062565	5
1346	61920	16522	691	61920	62820	61920	108000	39008.90161243287	5
1348	61980	6440	12735	61980	62880	61980	108000	2982.142740991319	5
1350	62040	22782	8358	62040	62940	62040	108000	56167.665654809316	5
1352	62100	22954	22120	62100	63000	62100	108000	51431.894472662934	5
1354	62160	493	11538	62160	63060	62160	108000	33646.89109989718	5
1356	62220	5090	1714	62220	63120	62220	108000	45075.68082164058	5
1358	62280	11539	22012	62280	63180	62280	108000	27580.324222462445	5
1360	62340	8768	17065	62340	63240	62340	108000	16941.54654133029	5
1362	62400	22166	23194	62400	63300	62400	108000	47860.67016991599	5
1364	62460	21811	1774	62460	63360	62460	108000	36061.660818977405	5
1366	62520	10734	17410	62520	63420	62520	108000	68943.72565634997	5
1368	62580	6267	482	62580	63480	62580	108000	7297.452207393428	5
1370	62640	23923	23094	62640	63540	62640	108000	11032.69870703655	5
1372	62700	21159	17679	62700	63600	62700	108000	57813.47745424585	5
1374	62760	7155	10949	62760	63660	62760	108000	8896.881423535864	5
1376	62820	3949	23203	62820	63720	62820	108000	23250.545799962936	5
1378	62880	7977	14041	62880	63780	62880	108000	23300.095542037736	5
1380	62940	4072	1565	62940	63840	62940	108000	18854.902494200833	5
1382	63000	11301	17945	63000	63900	63000	108000	44343.07832894173	5
1384	63060	6589	12816	63060	63960	63060	108000	9572.962671786321	5
1386	63120	1754	16527	63120	64020	63120	108000	6959.406586341123	5
1388	63180	4120	13059	63180	64080	63180	108000	26723.43444970955	5
1390	63240	11979	6225	63240	64140	63240	108000	32517.79344146338	5
1392	63300	21927	17070	63300	64200	63300	108000	36894.60571477798	5
1394	63360	6768	8255	63360	64260	63360	108000	31642.044492071247	5
1396	63420	23841	15636	63420	64320	63420	108000	48355.87689618192	5
1398	63480	21556	12036	63480	64380	63480	108000	18907.84360075122	5
1400	63540	897	17937	63540	64440	63540	108000	50406.55447639046	5
1402	63600	15411	16087	63600	64500	63600	108000	62681.656592153224	5
1404	63660	6840	17137	63660	64560	63660	108000	12561.89733615657	5
1406	63720	3198	15566	63720	64620	63720	108000	6810.716603996924	5
1408	63780	22739	10393	63780	64680	63780	108000	50709.51424547855	5
1410	63840	6972	13009	63840	64740	63840	108000	35195.97698048414	5
1412	63900	14034	8726	63900	64800	63900	108000	1129.4859706665252	5
1414	63960	15571	2649	63960	64860	63960	108000	21783.629352258915	5
1416	64020	8631	21120	64020	64920	64020	108000	68475.47241160183	5
1418	64080	7218	7992	64080	64980	64080	108000	23486.628751704706	5
1420	64140	103	20477	64140	65040	64140	108000	12773.360789513332	5
1422	64200	3422	1423	64200	65100	64200	108000	52747.547348620385	5
1424	64260	11400	6273	64260	65160	64260	108000	19143.642171832336	5
1426	64320	19973	10526	64320	65220	64320	108000	73021.02780294334	5
1428	64380	22801	9223	64380	65280	64380	108000	5840.6318373822205	5
1430	64440	381	11822	64440	65340	64440	108000	33675.110397578705	5
1432	64500	15515	115	64500	65400	64500	108000	11153.816564330129	5
1434	64560	439	12248	64560	65460	64560	108000	22229.282000831263	5
1436	64620	4231	20035	64620	65520	64620	108000	21672.19020418344	5
1438	64680	2204	13499	64680	65580	64680	108000	17155.524273287352	5
1440	64740	14448	14539	64740	65640	64740	108000	21288.992939060925	5
1442	64800	17543	4272	64800	65700	64800	108000	52776.413578182095	5
-1
Parcel requests (id, time_call, pickup_point, delivery_point, early_pickup_time, late_pickup_time, early_delivery_time, late_delivery_time)
1	21600	16913	6870	21600	108000	21600	108000
3	21660	16192	18939	21660	108000	21660	108000
5	21720	13049	11284	21720	108000	21720	108000
7	21780	12050	19977	21780	108000	21780	108000
9	21840	22103	23298	21840	108000	21840	108000
11	21900	20368	14858	21900	108000	21900	108000
13	21960	18900	10996	21960	108000	21960	108000
15	22020	15486	7484	22020	108000	22020	108000
17	22080	22732	7567	22080	108000	22080	108000
19	22140	323	15384	22140	108000	22140	108000
21	22200	17019	17220	22200	108000	22200	108000
23	22260	13816	13078	22260	108000	22260	108000
25	22320	20528	7644	22320	108000	22320	108000
27	22380	19562	18664	22380	108000	22380	108000
29	22440	14090	9026	22440	108000	22440	108000
31	22500	16948	6676	22500	108000	22500	108000
33	22560	8262	661	22560	108000	22560	108000
35	22620	16410	13425	22620	108000	22620	108000
37	22680	17068	6673	22680	108000	22680	108000
39	22740	1505	11664	22740	108000	22740	108000
41	22800	16856	11728	22800	108000	22800	108000
43	22860	13444	18503	22860	108000	22860	108000
45	22920	19526	13427	22920	108000	22920	108000
47	22980	22886	7073	22980	108000	22980	108000
49	23040	3135	23334	23040	108000	23040	108000
51	23100	7580	20019	23100	108000	23100	108000
53	23160	17797	18663	23160	108000	23160	108000
55	23220	18749	7760	23220	108000	23220	108000
57	23280	17929	1193	23280	108000	23280	108000
59	23340	11115	2401	23340	108000	23340	108000
61	23400	16897	8661	23400	108000	23400	108000
63	23460	8016	2267	23460	108000	23460	108000
65	23520	9059	23476	23520	108000	23520	108000
67	23580	15281	10018	23580	108000	23580	108000
69	23640	7219	2251	23640	108000	23640	108000
71	23700	17673	23533	23700	108000	23700	108000
73	23760	6133	14333	23760	108000	23760	108000
75	23820	10753	11	23820	108000	23820	108000
77	23880	15616	20991	23880	108000	23880	108000
79	23940	21679	4278	23940	108000	23940	108000
81	24000	10997	21112	24000	108000	24000	108000
83	24060	24017	1441	24060	108000	24060	108000
85	24120	7893	6905	24120	108000	24120	108000
87	24180	11229	3524	24180	108000	24180	108000
89	24240	6746	8841	24240	108000	24240	108000
91	24300	20516	20418	24300	108000	24300	108000
93	24360	3551	17610	24360	108000	24360	108000
95	24420	14804	18977	24420	108000	24420	108000
97	24480	7008	900	24480	108000	24480	108000
99	24540	23523	4004	24540	108000	24540	108000
101	24600	154	6101	24600	108000	24600	108000
103	24660	2571	12422	24660	108000	24660	108000
105	24720	22799	17442	24720	108000	24720	108000
107	24780	23636	21937	24780	108000	24780	108000
109	24840	22204	11657	24840	108000	24840	108000
111	24900	10679	5171	24900	108000	24900	108000
113	24960	5820	19711	24960	108000	24960	108000
115	25020	20087	15847	25020	108000	25020	108000
117	25080	15262	23494	25080	108000	25080	108000
119	25140	119	5330	25140	108000	25140	108000
121	25200	20277	12784	25200	108000	25200	108000
123	25260	13063	10588	25260	108000	25260	108000
125	25320	22225	2717	25320	108000	25320	108000
127	25380	23584	2371	25380	108000	25380	108000
129	25440	23001	23901	25440	108000	25440	108000
131	25500	12938	771	25500	108000	25500	108000
133	25560	851	12916	25560	108000	25560	108000
135	25620	4709	3795	25620	108000	25620	108000
137	25680	7317	159	25680	108000	25680	108000
139	25740	21559	7712	25740	108000	25740	108000
141	25800	6834	20286	25800	108000	25800	108000
143	25860	13403	23432	25860	108000	25860	108000
145	25920	22280	14844	25920	108000	25920	108000
147	25980	7205	7775	25980	108000	25980	108000
149	26040	15043	7215	26040	108000	26040	108000
151	26100	5796	17655	26100	108000	26100	108000
153	26160	23797	1116	26160	108000	26160	108000
155	26220	4704	19446	26220	108000	26220	108000
157	26280	3691	17585	26280	108000	26280	108000
159	26340	6876	11683	26340	108000	26340	108000
161	26400	2239	10929	26400	108000	26400	108000
163	26460	15389	4472	26460	108000	26460	108000
165	26520	21702	23857	26520	108000	26520	108000
167	26580	21129	2301	26580	108000	26580	108000
169	26640	13407	19337	26640	108000	26640	108000
171	26700	11881	12012	26700	108000	26700	108000
173	26760	18860	15263	26760	108000	26760	108000
175	26820	19532	18642	26820	108000	26820	108000
177	26880	4622	19414	26880	108000	26880	108000
179	26940	11416	19773	26940	108000	26940	108000
181	27000	2782	12318	27000	108000	27000	108000
183	27060	5456	8100	27060	108000	27060	108000
185	27120	15907	19963	27120	108000	27120	108000
187	27180	23226	2996	27180	108000	27180	108000
189	27240	19316	21824	27240	108000	27240	108000
191	27300	560	20778	27300	108000	27300	108000
193	27360	22842	19365	27360	108000	27360	108000
195	27420	22529	5122	27420	108000	27420	108000
197	27480	13981	4565	27480	108000	27480	108000
199	27540	15383	21728	27540	108000	27540	108000
201	27600	21751	21101	27600	108000	27600	108000
203	27660	13391	12432	27660	108000	27660	108000
205	27720	840	22460	27720	108000	27720	108000
207	27780	2313	8337	27780	108000	27780	108000
209	27840	22697	16826	27840	108000	27840	108000
211	27900	9959	20511	27900	108000	27900	108000
213	27960	7227	15955	27960	108000	27960	108000
215	28020	21404	892	28020	108000	28020	108000
217	28080	5971	16834	28080	108000	28080	108000
219	28140	5219	8781	28140	108000	28140	108000
221	28200	12944	22025	28200	108000	28200	108000
223	28260	10365	17026	28260	108000	28260	108000
225	28320	17820	9225	28320	108000	28320	108000
227	28380	21986	3181	28380	108000	28380	108000
229	28440	18099	3796	28440	108000	28440	108000
231	28500	21309	13949	28500	108000	28500	108000
233	28560	156	9974	28560	108000	28560	108000
235	28620	15485	17339	28620	108000	28620	108000
237	28680	182	20096	28680	108000	28680	108000
239	28740	19147	312	28740	108000	28740	108000
241	28800	11164	9147	28800	108000	28800	108000
243	28860	23422	21885	28860	108000	28860	108000
245	28920	16241	18747	28920	108000	28920	108000
247	28980	18960	2879	28980	108000	28980	108000
249	29040	3956	13485	29040	108000	29040	108000
251	29100	1877	9114	29100	108000	29100	108000
253	29160	21815	1397	29160	108000	29160	108000
255	29220	5019	2711	29220	108000	29220	108000
257	29280	13452	8288	29280	108000	29280	108000
259	29340	2149	6252	29340	108000	29340	108000
261	29400	14063	8625	29400	108000	29400	108000
263	29460	5414	22277	29460	108000	29460	108000
265	29520	19366	21316	29520	108000	29520	108000
267	29580	5132	195	29580	108000	29580	108000
269	29640	19707	11337	29640	108000	29640	108000
271	29700	3821	13070	29700	108000	29700	108000
273	29760	14474	19797	29760	108000	29760	108000
275	29820	16894	21667	29820	108000	29820	108000
277	29880	13072	12066	29880	108000	29880	108000
279	29940	21203	11091	29940	108000	29940	108000
281	30000	13496	14902	30000	108000	30000	108000
283	30060	17436	22278	30060	108000	30060	108000
285	30120	8092	4981	30120	108000	30120	108000
287	30180	15752	11989	30180	108000	30180	108000
289	30240	14242	729	30240	108000	30240	108000
291	30300	1687	22791	30300	108000	30300	108000
293	30360	19145	11656	30360	108000	30360	108000
295	30420	15672	11387	30420	108000	30420	108000
297	30480	14908	2837	30480	108000	30480	108000
299	30540	7970	17787	30540	108000	30540	108000
301	30600	10059	6026	30600	108000	30600	108000
303	30660	21853	14845	30660	108000	30660	108000
305	30720	7814	21961	30720	108000	30720	108000
307	30780	18927	14290	30780	108000	30780	108000
309	30840	10195	22010	30840	108000	30840	108000
311	30900	5869	16902	30900	108000	30900	108000
313	30960	16101	10971	30960	108000	30960	108000
315	31020	12311	12285	31020	108000	31020	108000
317	31080	14452	17758	31080	108000	31080	108000
319	31140	19109	5335	31140	108000	31140	108000
321	31200	6759	18227	31200	108000	31200	108000
323	31260	9050	10148	31260	108000	31260	108000
325	31320	16269	7060	31320	108000	31320	108000
327	31380	19076	8183	31380	108000	31380	108000
329	31440	22953	1896	31440	108000	31440	108000
331	31500	23065	5211	31500	108000	31500	108000
333	31560	3413	19571	31560	108000	31560	108000
335	31620	2236	4830	31620	108000	31620	108000
337	31680	6624	16043	31680	108000	31680	108000
339	31740	10172	4111	31740	108000	31740	108000
341	31800	642	17504	31800	108000	31800	108000
343	31860	11376	4504	31860	108000	31860	108000
345	31920	17665	5449	31920	108000	31920	108000
347	31980	4101	10523	31980	108000	31980	108000
349	32040	21584	113	32040	108000	32040	108000
351	32100	1625	10828	32100	108000	32100	108000
353	32160	6910	3669	32160	108000	32160	108000
355	32220	2907	21859	32220	108000	32220	108000
357	32280	332	4832	32280	108000	32280	108000
359	32340	682	18705	32340	108000	32340	108000
361	32400	22524	5115	32400	108000	32400	108000
363	32460	21979	6351	32460	108000	32460	108000
365	32520	3937	23556	32520	108000	32520	108000
367	32580	20173	2922	32580	108000	32580	108000
369	32640	17981	20708	32640	108000	32640	108000
371	32700	21672	6266	32700	108000	32700	108000
373	32760	4220	4425	32760	108000	32760	108000
375	32820	16110	19799	32820	108000	32820	108000
377	32880	22753	18513	32880	108000	32880	108000
379	32940	23035	1553	32940	108000	32940	108000
381	33000	7486	19621	33000	108000	33000	108000
383	33060	20694	15116	33060	108000	33060	108000
385	33120	9888	11299	33120	108000	33120	108000
387	33180	22502	9098	33180	108000	33180	108000
389	33240	17316	20050	33240	108000	33240	108000
391	33300	16145	11544	33300	108000	33300	108000
393	33360	13013	20121	33360	108000	33360	108000
395	33420	3774	16168	33420	108000	33420	108000
397	33480	3736	7865	33480	108000	33480	108000
399	33540	13398	6729	33540	108000	33540	108000
401	33600	13269	7745	33600	108000	33600	108000
403	33660	18333	21065	33660	108000	33660	108000
405	33720	16814	7296	33720	108000	33720	108000
407	33780	21268	13082	33780	108000	33780	108000
409	33840	7654	7450	33840	108000	33840	108000
411	33900	9200	10608	33900	108000	33900	108000
413	33960	973	2114	33960	108000	33960	108000
415	34020	17113	14259	34020	108000	34020	108000
417	34080	6269	18738	34080	108000	34080	108000
419	34140	22076	24057	34140	108000	34140	108000
421	34200	23442	21013	34200	108000	34200	108000
423	34260	4503	4742	34260	108000	34260	108000
425	34320	15596	1493	34320	108000	34320	108000
427	34380	8277	20138	34380	108000	34380	108000
429	34440	5252	6465	34440	108000	34440	108000
431	34500	9072	20589	34500	108000	34500	108000
433	34560	11270	21704	34560	108000	34560	108000
435	34620	8265	6494	34620	108000	34620	108000
437	34680	16887	18311	34680	108000	34680	108000
439	34740	23479	16169	34740	108000	34740	108000
441	34800	2374	2573	34800	108000	34800	108000
443	34860	22032	2078	34860	108000	34860	108000
445	34920	19026	11352	34920	108000	34920	108000
447	34980	12353	12035	34980	108000	34980	108000
449	35040	3426	15599	35040	108000	35040	108000
451	35100	16912	23708	35100	108000	35100	108000
453	35160	6496	22089	35160	108000	35160	108000
455	35220	12088	538	35220	108000	35220	108000
457	35280	13307	14796	35280	108000	35280	108000
459	35340	10524	8736	35340	108000	35340	108000
461	35400	8137	5254	35400	108000	35400	108000
463	35460	10853	6391	35460	108000	35460	108000
465	35520	18651	4289	35520	108000	35520	108000
467	35580	2788	5495	35580	108000	35580	108000
469	35640	19967	6014	35640	108000	35640	108000
471	35700	10848	6023	35700	108000	35700	108000
473	35760	23602	5016	35760	108000	35760	108000
475	35820	3574	8075	35820	108000	35820	108000
477	35880	1014	5387	35880	108000	35880	108000
479	35940	14044	20423	35940	108000	35940	108000
481	36000	14547	6324	36000	108000	36000	108000
483	36060	16336	2404	36060	108000	36060	108000
485	36120	14523	20416	36120	108000	36120	108000
487	36180	7981	23234	36180	108000	36180	108000
489	36240	631	5359	36240	108000	36240	108000
491	36300	2	19998	36300	108000	36300	108000
493	36360	6684	6189	36360	108000	36360	108000
495	36420	15285	20916	36420	108000	36420	108000
497	36480	12921	16042	36480	108000	36480	108000
499	36540	8072	22654	36540	108000	36540	108000
501	36600	7411	18111	36600	108000	36600	108000
503	36660	22343	8711	36660	108000	36660	108000
505	36720	23012	14884	36720	108000	36720	108000
507	36780	7475	10958	36780	108000	36780	108000
509	36840	2062	9917	36840	108000	36840	108000
511	36900	13443	18670	36900	108000	36900	108000
513	36960	4864	6993	36960	108000	36960	108000
515	37020	11325	2119	37020	108000	37020	108000
517	37080	11805	20738	37080	108000	37080	108000
519	37140	11717	3021	37140	108000	37140	108000
521	37200	21936	3180	37200	108000	37200	108000
523	37260	18570	286	37260	108000	37260	108000
525	37320	2292	14615	37320	108000	37320	108000
527	37380	11991	10191	37380	108000	37380	108000
529	37440	22872	17822	37440	108000	37440	108000
531	37500	12812	17627	37500	108000	37500	108000
533	37560	7223	10511	37560	108000	37560	108000
535	37620	14106	17385	37620	108000	37620	108000
537	37680	21614	2580	37680	108000	37680	108000
539	37740	24026	10429	37740	108000	37740	108000
541	37800	20272	23339	37800	108000	37800	108000
543	37860	10346	15318	37860	108000	37860	108000
545	37920	2794	19589	37920	108000	37920	108000
547	37980	24015	20463	37980	108000	37980	108000
549	38040	18839	1449	38040	108000	38040	108000
551	38100	19447	17311	38100	108000	38100	108000
553	38160	11039	4827	38160	108000	38160	108000
555	38220	8856	7405	38220	108000	38220	108000
557	38280	21665	20773	38280	108000	38280	108000
559	38340	19435	19291	38340	108000	38340	108000
561	38400	17681	23382	38400	108000	38400	108000
563	38460	5799	4609	38460	108000	38460	108000
565	38520	23829	12830	38520	108000	38520	108000
567	38580	20920	10124	38580	108000	38580	108000
569	38640	8021	23592	38640	108000	38640	108000
571	38700	5890	14344	38700	108000	38700	108000
573	38760	7361	8683	38760	108000	38760	108000
575	38820	12920	10115	38820	108000	38820	108000
577	38880	11452	4066	38880	108000	38880	108000
579	38940	7466	638	38940	108000	38940	108000
581	39000	883	7818	39000	108000	39000	108000
583	39060	12962	21655	39060	108000	39060	108000
585	39120	12183	8159	39120	108000	39120	108000
587	39180	10340	20042	39180	108000	39180	108000
589	39240	16320	18687	39240	108000	39240	108000
591	39300	21257	16431	39300	108000	39300	108000
593	39360	20881	11016	39360	108000	39360	108000
595	39420	3613	19510	39420	108000	39420	108000
597	39480	17755	3374	39480	108000	39480	108000
599	39540	21611	17600	39540	108000	39540	108000
601	39600	10709	21092	39600	108000	39600	108000
603	39660	8174	11927	39660	108000	39660	108000
605	39720	6377	23473	39720	108000	39720	108000
607	39780	2129	20400	39780	108000	39780	108000
609	39840	622	1845	39840	108000	39840	108000
611	39900	9208	5103	39900	108000	39900	108000
613	39960	2719	14528	39960	108000	39960	108000
615	40020	4803	12382	40020	108000	40020	108000
617	40080	1161	23536	40080	108000	40080	108000
619	40140	5622	18702	40140	108000	40140	108000
621	40200	13950	1470	40200	108000	40200	108000
623	40260	18008	7849	40260	108000	40260	108000
625	40320	21099	2841	40320	108000	40320	108000
627	40380	18434	13787	40380	108000	40380	108000
629	40440	3848	10583	40440	108000	40440	108000
631	40500	12331	22175	40500	108000	40500	108000
633	40560	11720	15676	40560	108000	40560	108000
635	40620	11359	17234	40620	108000	40620	108000
637	40680	23392	18173	40680	108000	40680	108000
639	40740	14097	11903	40740	108000	40740	108000
641	40800	13510	595	40800	108000	40800	108000
643	40860	18545	14705	40860	108000	40860	108000
645	40920	21910	15225	40920	108000	40920	108000
647	40980	13794	5637	40980	108000	40980	108000
649	41040	8669	8292	41040	108000	41040	108000
651	41100	15790	19403	41100	108000	41100	108000
653	41160	1902	12412	41160	108000	41160	108000
655	41220	22473	14009	41220	108000	41220	108000
657	41280	21863	18674	41280	108000	41280	108000
659	41340	5295	11651	41340	108000	41340	108000
661	41400	6374	18106	41400	108000	41400	108000
663	41460	448	22825	41460	108000	41460	108000
665	41520	15030	13096	41520	108000	41520	108000
667	41580	19400	23070	41580	108000	41580	108000
669	41640	3635	10051	41640	108000	41640	108000
671	41700	19020	13511	41700	108000	41700	108000
673	41760	15541	22993	41760	108000	41760	108000
675	41820	16874	20783	41820	108000	41820	108000
677	41880	20419	10104	41880	108000	41880	108000
679	41940	22736	22320	41940	108000	41940	108000
681	42000	20676	2740	42000	108000	42000	108000
683	42060	6615	11951	42060	108000	42060	108000
685	42120	15548	11403	42120	108000	42120	108000
687	42180	2399	3666	42180	108000	42180	108000
689	42240	19369	23678	42240	108000	42240	108000
691	42300	15527	7937	42300	108000	42300	108000
693	42360	12130	16104	42360	108000	42360	108000
695	42420	5011	18332	42420	108000	42420	108000
697	42480	3623	810	42480	108000	42480	108000
699	42540	23193	3996	42540	108000	42540	108000
701	42600	4091	7574	42600	108000	42600	108000
703	42660	3843	8375	42660	108000	42660	108000
705	42720	18956	10192	42720	108000	42720	108000
707	42780	5948	17477	42780	108000	42780	108000
709	42840	13975	4129	42840	108000	42840	108000
711	42900	5323	1220	42900	108000	42900	108000
713	42960	22869	22844	42960	108000	42960	108000
715	43020	15261	6120	43020	108000	43020	108000
717	43080	11508	5431	43080	108000	43080	108000
719	43140	22455	5766	43140	108000	43140	108000
721	43200	16842	19625	43200	108000	43200	108000
723	43260	5041	14793	43260	108000	43260	108000
725	43320	16706	13111	43320	108000	43320	108000
727	43380	22039	21380	43380	108000	43380	108000
729	43440	8647	11933	43440	108000	43440	108000
731	43500	7753	12033	43500	108000	43500	108000
733	43560	11254	9167	43560	108000	43560	108000
735	43620	7921	20307	43620	108000	43620	108000
737	43680	9199	16143	43680	108000	43680	108000
739	43740	1142	14252	43740	108000	43740	108000
741	43800	23295	1698	43800	108000	43800	108000
743	43860	17512	18893	43860	108000	43860	108000
745	43920	398	16337	43920	108000	43920	108000
747	43980	20786	18544	43980	108000	43980	108000
749	44040	14739	19431	44040	108000	44040	108000
751	44100	21669	18969	44100	108000	44100	108000
753	44160	11976	3643	44160	108000	44160	108000
755	44220	5795	847	44220	108000	44220	108000
757	44280	1697	15578	44280	108000	44280	108000
759	44340	18425	10137	44340	108000	44340	108000
761	44400	17784	5032	44400	108000	44400	108000
763	44460	23358	12206	44460	108000	44460	108000
765	44520	17810	20953	44520	108000	44520	108000
767	44580	11700	21389	44580	108000	44580	108000
769	44640	11969	18396	44640	108000	44640	108000
771	44700	1728	2121	44700	108000	44700	108000
773	44760	3	22696	44760	108000	44760	108000
775	44820	13340	15258	44820	108000	44820	108000
777	44880	18365	558	44880	108000	44880	108000
779	44940	3093	22833	44940	108000	44940	108000
781	45000	1544	18677	45000	108000	45000	108000
783	45060	21338	14892	45060	108000	45060	108000
785	45120	1190	19809	45120	108000	45120	108000
787	45180	23830	23235	45180	108000	45180	108000
789	45240	11381	2263	45240	108000	45240	108000
791	45300	1727	16730	45300	108000	45300	108000
793	45360	20407	12313	45360	108000	45360	108000
795	45420	18922	20553	45420	108000	45420	108000
797	45480	18382	14420	45480	108000	45480	108000
799	45540	5258	13294	45540	108000	45540	108000
801	45600	19272	19445	45600	108000	45600	108000
803	45660	12290	283	45660	108000	45660	108000
805	45720	23302	22792	45720	108000	45720	108000
807	45780	4145	17206	45780	108000	45780	108000
809	45840	18890	18264	45840	108000	45840	108000
811	45900	17156	11643	45900	108000	45900	108000
813	45960	14839	10937	45960	108000	45960	108000
815	46020	428	22939	46020	108000	46020	108000
817	46080	9190	23114	46080	108000	46080	108000
819	46140	20345	6143	46140	108000	46140	108000
821	46200	18000	3295	46200	108000	46200	108000
823	46260	11154	20162	46260	108000	46260	108000
825	46320	20729	11492	46320	108000	46320	108000
827	46380	14606	15460	46380	108000	46380	108000
829	46440	15514	4750	46440	108000	46440	108000
831	46500	23878	6989	46500	108000	46500	108000
833	46560	3383	21796	46560	108000	46560	108000
835	46620	8732	13439	46620	108000	46620	108000
837	46680	23170	5477	46680	108000	46680	108000
839	46740	3912	21754	46740	108000	46740	108000
841	46800	2314	16857	46800	108000	46800	108000
843	46860	8810	13502	46860	108000	46860	108000
845	46920	12365	10719	46920	108000	46920	108000
847	46980	4277	13100	46980	108000	46980	108000
849	47040	8819	15199	47040	108000	47040	108000
851	47100	383	19103	47100	108000	47100	108000
853	47160	13761	15692	47160	108000	47160	108000
855	47220	6550	9896	47220	108000	47220	108000
857	47280	1855	998	47280	108000	47280	108000
859	47340	12314	21876	47340	108000	47340	108000
861	47400	19439	6397	47400	108000	47400	108000
863	47460	399	22334	47460	108000	47460	108000
865	47520	6662	15025	47520	108000	47520	108000
867	47580	3999	2966	47580	108000	47580	108000
869	47640	202	16428	47640	108000	47640	108000
871	47700	1476	14046	47700	108000	47700	108000
873	47760	1448	14709	47760	108000	47760	108000
875	47820	18662	240	47820	108000	47820	108000
877	47880	13327	6436	47880	108000	47880	108000
879	47940	2954	4850	47940	108000	47940	108000
881	48000	16780	2858	48000	108000	48000	108000
883	48060	20721	18573	48060	108000	48060	108000
885	48120	6737	9103	48120	108000	48120	108000
887	48180	11733	6243	48180	108000	48180	108000
889	48240	5355	14803	48240	108000	48240	108000
891	48300	18410	14694	48300	108000	48300	108000
893	48360	23550	31	48360	108000	48360	108000
895	48420	4612	16688	48420	108000	48420	108000
897	48480	17569	23113	48480	108000	48480	108000
899	48540	12004	5429	48540	108000	48540	108000
901	48600	20118	14263	48600	108000	48600	108000
903	48660	18784	17309	48660	108000	48660	108000
905	48720	5970	6884	48720	108000	48720	108000
907	48780	17973	190	48780	108000	48780	108000
909	48840	5156	12718	48840	108000	48840	108000
911	48900	13012	10349	48900	108000	48900	108000
913	48960	16423	6007	48960	108000	48960	108000
915	49020	14889	19772	49020	108000	49020	108000
917	49080	22228	11716	49080	108000	49080	108000
919	49140	20377	23547	49140	108000	49140	108000
921	49200	10777	16148	49200	108000	49200	108000
923	49260	8844	12280	49260	108000	49260	108000
925	49320	6722	17312	49320	108000	49320	108000
927	49380	13018	16853	49380	108000	49380	108000
929	49440	24003	9971	49440	108000	49440	108000
931	49500	1000	13339	49500	108000	49500	108000
933	49560	16038	15822	49560	108000	49560	108000
935	49620	14336	12024	49620	108000	49620	108000
937	49680	17761	15846	49680	108000	49680	108000
939	49740	2534	21012	49740	108000	49740	108000
941	49800	5513	20231	49800	108000	49800	108000
943	49860	17470	14948	49860	108000	49860	108000
945	49920	5059	19108	49920	108000	49920	108000
947	49980	20313	3517	49980	108000	49980	108000
949	50040	16772	23178	50040	108000	50040	108000
951	50100	22643	20711	50100	108000	50100	108000
953	50160	20160	7848	50160	108000	50160	108000
955	50220	19448	4856	50220	108000	50220	108000
957	50280	7467	8293	50280	108000	50280	108000
959	50340	7648	24032	50340	108000	50340	108000
961	50400	23055	2561	50400	108000	50400	108000
963	50460	20512	22443	50460	108000	50460	108000
965	50520	20117	10351	50520	108000	50520	108000
967	50580	22404	15638	50580	108000	50580	108000
969	50640	14364	10400	50640	108000	50640	108000
971	50700	22024	20248	50700	108000	50700	108000
973	50760	8047	10441	50760	108000	50760	108000
975	50820	22796	18575	50820	108000	50820	108000
977	50880	23688	21771	50880	108000	50880	108000
979	50940	18655	6979	50940	108000	50940	108000
981	51000	823	6841	51000	108000	51000	108000
983	51060	23864	69	51060	108000	51060	108000
985	51120	2554	6030	51120	108000	51120	108000
987	51180	22570	20038	51180	108000	51180	108000
989	51240	20569	21078	51240	108000	51240	108000
991	51300	1607	6119	51300	108000	51300	108000
993	51360	10741	775	51360	108000	51360	108000
995	51420	20146	1067	51420	108000	51420	108000
997	51480	5511	14143	51480	108000	51480	108000
999	51540	2153	5631	51540	108000	51540	108000
1001	51600	20111	2106	51600	108000	51600	108000
1003	51660	3189	24052	51660	108000	51660	108000
1005	51720	19321	22609	51720	108000	51720	108000
1007	51780	19567	5391	51780	108000	51780	108000
1009	51840	13320	18746	51840	108000	51840	108000
1011	51900	12806	3457	51900	108000	51900	108000
1013	51960	1643	20956	51960	108000	51960	108000
1015	52020	6895	23132	52020	108000	52020	108000
1017	52080	21288	1478	52080	108000	52080	108000
1019	52140	1044	5310	52140	108000	52140	108000
1021	52200	22444	6441	52200	108000	52200	108000
1023	52260	9203	5275	52260	108000	52260	108000
1025	52320	5063	3310	52320	108000	52320	108000
1027	52380	8760	15192	52380	108000	52380	108000
1029	52440	8224	16167	52440	108000	52440	108000
1031	52500	3473	11689	52500	108000	52500	108000
1033	52560	4990	20098	52560	108000	52560	108000
1035	52620	245	6242	52620	108000	52620	108000
1037	52680	23675	22172	52680	108000	52680	108000
1039	52740	9112	453	52740	108000	52740	108000
1041	52800	6967	17601	52800	108000	52800	108000
1043	52860	817	13394	52860	108000	52860	108000
1045	52920	6196	7811	52920	108000	52920	108000
1047	52980	9047	19724	52980	108000	52980	108000
1049	53040	7421	22508	53040	108000	53040	108000
1051	53100	18989	3988	53100	108000	53100	108000
1053	53160	13788	20724	53160	108000	53160	108000
1055	53220	1098	19043	53220	108000	53220	108000
1057	53280	20776	22129	53280	108000	53280	108000
1059	53340	17008	2247	53340	108000	53340	108000
1061	53400	8870	4242	53400	108000	53400	108000
1063	53460	10842	5164	53460	108000	53460	108000
1065	53520	19014	2182	53520	108000	53520	108000
1067	53580	13990	20550	53580	108000	53580	108000
1069	53640	464	11286	53640	108000	53640	108000
1071	53700	6842	11149	53700	108000	53700	108000
1073	53760	21471	5119	53760	108000	53760	108000
1075	53820	17162	18267	53820	108000	53820	108000
1077	53880	48	18026	53880	108000	53880	108000
1079	53940	3983	8610	53940	108000	53940	108000
1081	54000	210	19053	54000	108000	54000	108000
1083	54060	11445	17639	54060	108000	54060	108000
1085	54120	5422	5144	54120	108000	54120	108000
1087	54180	8730	20541	54180	108000	54180	108000
1089	54240	2648	8816	54240	108000	54240	108000
1091	54300	16852	15821	54300	108000	54300	108000
1093	54360	4401	5244	54360	108000	54360	108000
1095	54420	11673	15143	54420	108000	54420	108000
1097	54480	5065	7328	54480	108000	54480	108000
1099	54540	20772	16158	54540	108000	54540	108000
1101	54600	8917	19288	54600	108000	54600	108000
1103	54660	10165	20749	54660	108000	54660	108000
1105	54720	21224	22925	54720	108000	54720	108000
1107	54780	21681	1691	54780	108000	54780	108000
1109	54840	4845	1929	54840	108000	54840	108000
1111	54900	8923	4961	54900	108000	54900	108000
1113	54960	18765	18875	54960	108000	54960	108000
1115	55020	7032	4527	55020	108000	55020	108000
1117	55080	3717	18124	55080	108000	55080	108000
1119	55140	21991	20744	55140	108000	55140	108000
1121	55200	16922	19803	55200	108000	55200	108000
1123	55260	12899	15684	55260	108000	55260	108000
1125	55320	786	12030	55320	108000	55320	108000
1127	55380	1586	22409	55380	108000	55380	108000
1129	55440	18546	117	55440	108000	55440	108000
1131	55500	11471	7642	55500	108000	55500	108000
1133	55560	2969	4549	55560	108000	55560	108000
1135	55620	8991	18331	55620	108000	55620	108000
1137	55680	16442	23400	55680	108000	55680	108000
1139	55740	17700	769	55740	108000	55740	108000
1141	55800	4707	6683	55800	108000	55800	108000
1143	55860	2163	15665	55860	108000	55860	108000
1145	55920	15341	1913	55920	108000	55920	108000
1147	55980	20467	10391	55980	108000	55980	108000
1149	56040	16867	7689	56040	108000	56040	108000
1151	56100	11220	6061	56100	108000	56100	108000
1153	56160	4878	7804	56160	108000	56160	108000
1155	56220	24022	3209	56220	108000	56220	108000
1157	56280	582	22580	56280	108000	56280	108000
1159	56340	22405	7257	56340	108000	56340	108000
1161	56400	6733	19649	56400	108000	56400	108000
1163	56460	22041	20753	56460	108000	56460	108000
1165	56520	23818	2921	56520	108000	56520	108000
1167	56580	3150	6987	56580	108000	56580	108000
1169	56640	8203	5580	56640	108000	56640	108000
1171	56700	14478	4121	56700	108000	56700	108000
1173	56760	4616	14434	56760	108000	56760	108000
1175	56820	763	5089	56820	108000	56820	108000
1177	56880	11215	21194	56880	108000	56880	108000
1179	56940	11814	16300	56940	108000	56940	108000
1181	57000	3930	6558	57000	108000	57000	108000
1183	57060	16989	9998	57060	108000	57060	108000
1185	57120	15280	6574	57120	108000	57120	108000
1187	57180	3185	22951	57180	108000	57180	108000
1189	57240	13548	5647	57240	108000	57240	108000
1191	57300	14940	2408	57300	108000	57300	108000
1193	57360	21576	7556	57360	108000	57360	108000
1195	57420	8654	22563	57420	108000	57420	108000
1197	57480	1509	4019	57480	108000	57480	108000
1199	57540	22588	21285	57540	108000	57540	108000
1201	57600	15760	7106	57600	108000	57600	108000
1203	57660	20767	23702	57660	108000	57660	108000
1205	57720	12957	9023	57720	108000	57720	108000
1207	57780	11737	13093	57780	108000	57780	108000
1209	57840	21421	123	57840	108000	57840	108000
1211	57900	6670	8919	57900	108000	57900	108000
1213	57960	18293	5296	57960	108000	57960	108000
1215	58020	23806	150	58020	108000	58020	108000
1217	58080	14868	10456	58080	108000	58080	108000
1219	58140	4463	12045	58140	108000	58140	108000
1221	58200	13342	11936	58200	108000	58200	108000
1223	58260	22779	12390	58260	108000	58260	108000
1225	58320	16236	50	58320	108000	58320	108000
1227	58380	14155	6404	58380	108000	58380	108000
1229	58440	15572	1876	58440	108000	58440	108000
1231	58500	14837	5865	58500	108000	58500	108000
1233	58560	19004	16270	58560	108000	58560	108000
1235	58620	11730	19433	58620	108000	58620	108000
1237	58680	13057	8129	58680	108000	58680	108000
1239	58740	20475	5284	58740	108000	58740	108000
1241	58800	7115	3724	58800	108000	58800	108000
1243	58860	3853	813	58860	108000	58860	108000
1245	58920	301	20075	58920	108000	58920	108000
1247	58980	19983	2795	58980	108000	58980	108000
1249	59040	15763	12414	59040	108000	59040	108000
1251	59100	524	17096	59100	108000	59100	108000
1253	59160	18426	6637	59160	108000	59160	108000
1255	59220	15851	421	59220	108000	59220	108000
1257	59280	7260	17721	59280	108000	59280	108000
1259	59340	21152	18310	59340	108000	59340	108000
1261	59400	10598	2122	59400	108000	59400	108000
1263	59460	22967	13543	59460	108000	59460	108000
1265	59520	16954	13455	59520	108000	59520	108000
1267	59580	23701	16338	59580	108000	59580	108000
1269	59640	15601	5830	59640	108000	59640	108000
1271	59700	11954	22043	59700	108000	59700	108000
1273	59760	21062	6524	59760	108000	59760	108000
1275	59820	329	8965	59820	108000	59820	108000
1277	59880	17727	12631	59880	108000	59880	108000
1279	59940	16072	18244	59940	108000	59940	108000
1281	60000	6367	15317	60000	108000	60000	108000
1283	60060	8698	16011	60060	108000	60060	108000
1285	60120	15719	4563	60120	108000	60120	108000
1287	60180	2721	10388	60180	108000	60180	108000
1289	60240	6013	12296	60240	108000	60240	108000
1291	60300	2411	11045	60300	108000	60300	108000
1293	60360	1721	15930	60360	108000	60360	108000
1295	60420	10152	1561	60420	108000	60420	108000
1297	60480	16986	10031	60480	108000	60480	108000
1299	60540	11505	11112	60540	108000	60540	108000
1301	60600	6991	19639	60600	108000	60600	108000
1303	60660	11940	17815	60660	108000	60660	108000
1305	60720	18527	11345	60720	108000	60720	108000
1307	60780	8784	18883	60780	108000	60780	108000
1309	60840	20782	1577	60840	108000	60840	108000
1311	60900	11766	9212	60900	108000	60900	108000
1313	60960	16828	18358	60960	108000	60960	108000
1315	61020	5625	17210	61020	108000	61020	108000
1317	61080	11269	16382	61080	108000	61080	108000
1319	61140	11195	263	61140	108000	61140	108000
1321	61200	7595	7892	61200	108000	61200	108000
1323	61260	20186	19118	61260	108000	61260	108000
1325	61320	8323	6915	61320	108000	61320	108000
1327	61380	19009	11123	61380	108000	61380	108000
1329	61440	19557	19598	61440	108000	61440	108000
1331	61500	3197	13348	61500	108000	61500	108000
1333	61560	22726	1861	61560	108000	61560	108000
1335	61620	14099	12173	61620	108000	61620	108000
1337	61680	14415	8353	61680	108000	61680	108000
1339	61740	23243	11435	61740	108000	61740	108000
1341	61800	16282	4589	61800	108000	61800	108000
1343	61860	1529	8710	61860	108000	61860	108000
1345	61920	21201	17344	61920	108000	61920	108000
1347	61980	10146	16980	61980	108000	61980	108000
1349	62040	13480	14978	62040	108000	62040	108000
1351	62100	18507	6532	62100	108000	62100	108000
1353	62160	12112	10830	62160	108000	62160	108000
1355	62220	3622	17513	62220	108000	62220	108000
1357	62280	8009	2657	62280	108000	62280	108000
1359	62340	23428	13984	62340	108000	62340	108000
1361	62400	4317	14725	62400	108000	62400	108000
1363	62460	20907	21545	62460	108000	62460	108000
1365	62520	19831	24012	62520	108000	62520	108000
1367	62580	18744	4502	62580	108000	62580	108000
1369	62640	18732	1443	62640	108000	62640	108000
1371	62700	20574	10468	62700	108000	62700	108000
1373	62760	12750	3561	62760	108000	62760	108000
1375	62820	22249	4491	62820	108000	62820	108000
1377	62880	7255	1686	62880	108000	62880	108000
1379	62940	4465	11068	62940	108000	62940	108000
1381	63000	2591	23510	63000	108000	63000	108000
1383	63060	1658	9934	63060	108000	63060	108000
1385	63120	5642	11432	63120	108000	63120	108000
1387	63180	15322	13956	63180	108000	63180	108000
1389	63240	10568	11907	63240	108000	63240	108000
1391	63300	3839	17848	63300	108000	63300	108000
1393	63360	18522	13223	63360	108000	63360	108000
1395	63420	5114	15434	63420	108000	63420	108000
1397	63480	1708	21348	63480	108000	63480	108000
1399	63540	7404	1097	63540	108000	63540	108000
1401	63600	7974	20567	63600	108000	63600	108000
1403	63660	14330	18766	63660	108000	63660	108000
1405	63720	11328	22098	63720	108000	63720	108000
1407	63780	7036	4125	63780	108000	63780	108000
1409	63840	1191	22467	63840	108000	63840	108000
1411	63900	21511	14748	63900	108000	63900	108000
1413	63960	2056	10933	63960	108000	63960	108000
1415	64020	3973	7275	64020	108000	64020	108000
1417	64080	18696	21147	64080	108000	64080	108000
1419	64140	14489	23273	64140	108000	64140	108000
1421	64200	16889	19624	64200	108000	64200	108000
1423	64260	15582	7688	64260	108000	64260	108000
1425	64320	7458	6530	64320	108000	64320	108000
1427	64380	924	19802	64380	108000	64380	108000
1429	64440	11916	6240	64440	108000	64440	108000
1431	64500	10982	21385	64500	108000	64500	108000
1433	64560	5053	13462	64560	108000	64560	108000
1435	64620	11466	22938	64620	108000	64620	108000
1437	64680	12968	5328	64680	108000	64680	108000
1439	64740	3417	20683	64740	108000	64740	108000
1441	64800	12016	913	64800	108000	64800	108000
-1
