People requests (id, time_call, pickup_point, delivery_point, early_pickup_time, late_pickup_time, early_delivery_time, late_delivery_time, max_travel_distance (m), maxNbStops)
3	22500	760	11727	22500	23400	22500	108000	16467.911761555864	5
4	22680	20992	6509	22680	23580	22680	108000	55091.114951876596	5
6	22860	17865	830	22860	23760	22860	108000	31888.596458546857	5
8	23160	11315	15239	23160	24060	23160	108000	53254.54449412097	5
9	23880	13557	10920	23880	24780	23880	108000	28432.564726166394	5
11	24600	8143	15949	24600	25500	24600	108000	20130.526814996872	5
12	25260	13388	14954	25260	26160	25260	108000	39591.80677598426	5
14	25740	22168	15454	25740	26640	25740	108000	27082.851602803494	5
17	26400	9908	2218	26400	27300	26400	108000	7372.729514851036	5
21	27120	15298	7318	27120	28020	27120	108000	16468.47409489524	5
23	27480	6867	12172	27480	28380	27480	108000	19135.378408593373	5
24	27540	20178	3978	27540	28440	27540	108000	2911.230376211094	5
26	27960	13462	21845	27960	28860	27960	108000	41353.650153126924	5
29	28860	950	609	28860	29760	28860	108000	5225.483353219808	5
30	28920	3588	15417	28920	29820	28920	108000	12322.91302066153	5
31	29400	18693	21579	29400	30300	29400	108000	43431.259002157654	5
34	30600	7622	22628	30600	31500	30600	108000	47530.97650536378	5
35	30780	15047	9156	30780	31680	30780	108000	47107.548064136456	5
39	32640	14275	20892	32640	33540	32640	108000	50401.843755419686	5
40	33180	722	20747	33180	34080	33180	108000	24875.638666522555	5
42	33720	3470	11032	33720	34620	33720	108000	36051.182802293784	5
45	34740	16306	11163	34740	35640	34740	108000	54331.7556282851	5
46	35040	12824	264	35040	35940	35040	108000	17022.22888269431	5
47	35280	19377	6146	35280	36180	35280	108000	44053.80399405048	5
51	35820	16844	23399	35820	36720	35820	108000	18445.08040709831	5
52	36360	14004	5217	36360	37260	36360	108000	5368.0577029349215	5
53	36420	17263	7111	36420	37320	36420	108000	56272.607334371474	5
54	36600	20673	17086	36600	37500	36600	108000	35598.589472094616	5
55	36900	20975	22486	36900	37800	36900	108000	11897.537856581273	5
58	37740	13106	20012	37740	38640	37740	108000	18885.396016810184	5
59	37920	6319	8743	37920	38820	37920	108000	13857.415941431364	5
60	38340	17015	22981	38340	39240	38340	108000	38964.24814234533	5
62	38460	23122	6513	38460	39360	38460	108000	51607.60226860954	5
63	38700	22560	23868	38700	39600	38700	108000	9675.642294366768	5
64	39300	2190	21186	39300	40200	39300	108000	16453.599258660557	5
66	39960	7698	3922	39960	40860	39960	108000	25790.579337466334	5
68	40140	22798	19439	40140	41040	40140	108000	2108.389996398931	5
69	40800	17284	20683	40800	41700	40800	108000	24866.4127981432	5
70	40920	19746	22686	40920	41820	40920	108000	50511.64189502476	5
75	43320	12187	15839	43320	44220	43320	108000	4041.293190202325	5
77	44040	18516	3441	44040	44940	44040	108000	73097.79969727133	5
79	44460	21086	13354	44460	45360	44460	108000	10311.026541642968	5
80	44820	16245	23779	44820	45720	44820	108000	9332.087262094181	5
81	46020	11759	11443	46020	46920	46020	108000	34840.50999738038	5
82	46200	17226	22660	46200	47100	46200	108000	8117.566442404998	5
83	46260	6045	1454	46260	47160	46260	108000	21332.914255169897	5
86	47760	80	19689	47760	48660	47760	108000	12908.487830861626	5
88	48600	18048	19094	48600	49500	48600	108000	39267.46723907188	5
90	49020	15236	7024	49020	49920	49020	108000	65986.89623747901	5
92	49800	1791	21507	49800	50700	49800	108000	28018.938575335174	5
95	50880	14079	19708	50880	51780	50880	108000	49234.52421720611	5
97	51420	16192	21182	51420	52320	51420	108000	14125.439724263255	5
100	52440	8094	4163	52440	53340	52440	108000	31807.154720037495	5
103	52980	14882	21305	52980	53880	52980	108000	69858.02677238276	5
104	53040	7234	3919	53040	53940	53040	108000	26468.151113305816	5
105	53580	6557	17705	53580	54480	53580	108000	18567.29186757519	5
106	54120	20512	18862	54120	55020	54120	108000	37033.74947336883	5
109	54780	18796	23382	54780	55680	54780	108000	9571.080848284648	5
110	55200	14744	15023	55200	56100	55200	108000	29169.060035532777	5
111	55260	3790	13087	55260	56160	55260	108000	25078.29553988003	5
116	55860	11316	11925	55860	56760	55860	108000	21870.04135932319	5
120	56760	23473	6108	56760	57660	56760	108000	27383.939759753837	5
121	56940	901	16876	56940	57840	56940	108000	17025.62779570216	5
127	60660	11429	24013	60660	61560	60660	108000	13751.995536939447	5
130	61140	18411	15308	61140	62040	61140	108000	35929.41965045019	5
133	63000	5028	24020	63000	63900	63000	108000	12839.19261412562	5
134	63420	11972	4400	63420	64320	63420	108000	19560.43094290085	5
135	63600	10384	21765	63600	64500	63600	108000	41236.544425117194	5
136	64080	8818	5544	64080	64980	64080	108000	15291.76210449692	5
138	64620	15120	13969	64620	65520	64620	108000	21615.11296174623	5
-1
Parcel requests (id, time_call, pickup_point, delivery_point, early_pickup_time, late_pickup_time, early_delivery_time, late_delivery_time)
1	21780	15935	75	21780	108000	21780	108000
2	21840	8757	4448	21840	108000	21840	108000
5	22860	15801	8985	22860	108000	22860	108000
7	23040	19673	3724	23040	108000	23040	108000
10	24240	22484	353	24240	108000	24240	108000
13	25500	11479	18427	25500	108000	25500	108000
15	25920	15389	18379	25920	108000	25920	108000
16	26280	6567	14115	26280	108000	26280	108000
18	26760	22982	15202	26760	108000	26760	108000
19	27000	17538	6143	27000	108000	27000	108000
20	27120	20224	4704	27120	108000	27120	108000
22	27240	5081	2986	27240	108000	27240	108000
25	27720	12312	21877	27720	108000	27720	108000
27	28380	4734	22855	28380	108000	28380	108000
28	28800	20239	18266	28800	108000	28800	108000
32	29520	257	19650	29520	108000	29520	108000
33	30180	13945	5562	30180	108000	30180	108000
36	31020	16832	6297	31020	108000	31020	108000
37	32280	302	13371	32280	108000	32280	108000
38	32520	19392	965	32520	108000	32520	108000
41	33600	4000	13889	33600	108000	33600	108000
43	34140	16019	10381	34140	108000	34140	108000
44	34440	23451	2759	34440	108000	34440	108000
48	35340	6831	3800	35340	108000	35340	108000
49	35460	3624	4854	35460	108000	35460	108000
50	35820	7045	645	35820	108000	35820	108000
56	37020	12887	5209	37020	108000	37020	108000
57	37440	4125	13081	37440	108000	37440	108000
61	38460	6188	1400	38460	108000	38460	108000
65	39840	12336	17900	39840	108000	39840	108000
67	40020	5618	15331	40020	108000	40020	108000
71	41580	15736	6991	41580	108000	41580	108000
72	42120	23373	12920	42120	108000	42120	108000
73	42300	2105	17243	42300	108000	42300	108000
74	42840	5896	297	42840	108000	42840	108000
76	43980	12063	17840	43980	108000	43980	108000
78	44280	16000	15866	44280	108000	44280	108000
84	46680	8374	17979	46680	108000	46680	108000
85	47340	5439	12037	47340	108000	47340	108000
87	48180	3414	12167	48180	108000	48180	108000
89	48720	14690	1478	48720	108000	48720	108000
91	49380	7484	5631	49380	108000	49380	108000
93	49980	8269	17347	49980	108000	49980	108000
94	50340	344	10622	50340	108000	50340	108000
96	50940	17471	23598	50940	108000	50940	108000
98	51720	3069	23378	51720	108000	51720	108000
99	52320	21113	14546	52320	108000	52320	108000
101	52860	6599	21473	52860	108000	52860	108000
102	52980	15956	6042	52980	108000	52980	108000
107	54240	23175	19396	54240	108000	54240	108000
108	54360	3983	12045	54360	108000	54360	108000
112	55500	12404	12997	55500	108000	55500	108000
113	55560	10779	16070	55560	108000	55560	108000
114	55620	22884	18389	55620	108000	55620	108000
115	55800	1949	12028	55800	108000	55800	108000
117	56100	10467	16184	56100	108000	56100	108000
118	56400	13438	1493	56400	108000	56400	108000
119	56460	22166	12143	56460	108000	56460	108000
122	57840	11803	20678	57840	108000	57840	108000
123	58560	10681	2897	58560	108000	58560	108000
124	59040	19672	250	59040	108000	59040	108000
125	59520	11424	8107	59520	108000	59520	108000
126	60180	14495	8104	60180	108000	60180	108000
128	60780	22173	11948	60780	108000	60780	108000
129	60960	21633	8885	60960	108000	60960	108000
131	61500	7311	10440	61500	108000	61500	108000
132	62820	3180	6747	62820	108000	62820	108000
137	64320	4982	20903	64320	108000	64320	108000
-1
