People requests (id, time_call, pickup_point, delivery_point, early_pickup_time, late_pickup_time, early_delivery_time, late_delivery_time, max_travel_distance (m), maxNbStops)
2	21660	8375	7526	21660	22560	21660	108000	42506.151670486724	5
5	21900	6675	10808	21900	22800	21900	108000	36908.99354864269	5
7	22020	14846	8811	22020	22920	22020	108000	9749.089956624375	5
8	22080	2920	11814	22080	22980	22080	108000	3988.480425594371	5
9	22320	20693	7878	22320	23220	22320	108000	43225.65775639447	5
10	22380	4045	12806	22380	23280	22380	108000	16802.395438638407	5
12	22440	5335	14106	22440	23340	22440	108000	27780.466478627743	5
13	22500	10922	231	22500	23400	22500	108000	20185.243411921463	5
15	22800	901	23784	22800	23700	22800	108000	15643.801532351992	5
17	22860	2910	8865	22860	23760	22860	108000	54125.15182842038	5
19	22980	776	4812	22980	23880	22980	108000	11992.479895513523	5
21	23100	3595	21970	23100	24000	23100	108000	8855.949238846062	5
23	23280	10969	1500	23280	24180	23280	108000	37629.452965178636	5
26	23580	17915	19715	23580	24480	23580	108000	3787.0438076678056	5
27	23640	13969	2612	23640	24540	23640	108000	7321.416351057501	5
28	23700	7566	4028	23700	24600	23700	108000	40597.72257809611	5
29	23760	3941	5142	23760	24660	23760	108000	35671.03966542318	5
30	23880	23614	741	23880	24780	23880	108000	18051.543541569492	5
33	24120	17471	18646	24120	25020	24120	108000	33294.43587537495	5
35	24180	8352	7593	24180	25080	24180	108000	34123.7569305891	5
37	24480	18523	17087	24480	25380	24480	108000	30029.735182821914	5
42	24900	17039	6563	24900	25800	24900	108000	42954.72300226311	5
44	25080	11381	2146	25080	25980	25080	108000	22402.97726920517	5
47	25560	12432	14933	25560	26460	25560	108000	38351.189763824616	5
49	25620	6720	15037	25620	26520	25620	108000	14037.121096121364	5
51	25680	10456	11593	25680	26580	25680	108000	44310.36755970258	5
52	25800	12273	549	25800	26700	25800	108000	22431.125352238592	5
54	25920	23125	11465	25920	26820	25920	108000	61760.00853457963	5
55	26040	23478	14714	26040	26940	26040	108000	20674.48116118705	5
57	26100	21328	12757	26100	27000	26100	108000	26811.067536522896	5
59	26280	8938	2769	26280	27180	26280	108000	18297.222529119175	5
62	26400	17706	22236	26400	27300	26400	108000	25361.47009301693	5
63	26520	21920	8041	26520	27420	26520	108000	12503.514055538293	5
65	26580	15180	23313	26580	27480	26580	108000	51132.066722792384	5
67	26760	20878	7201	26760	27660	26760	108000	14383.520956022707	5
71	27240	7707	7791	27240	28140	27240	108000	16582.0068302749	5
72	27300	5059	6204	27300	28200	27300	108000	7870.586186035268	5
74	27420	23954	22571	27420	28320	27420	108000	9964.528637571202	5
76	27480	23578	20323	27480	28380	27480	108000	11972.782149645256	5
78	27660	11068	12002	27660	28560	27660	108000	12382.363039454725	5
80	27780	11425	23441	27780	28680	27780	108000	19383.705014684954	5
83	28080	4069	20874	28080	28980	28080	108000	30064.342823628966	5
84	28140	7222	1165	28140	29040	28140	108000	26550.12666134597	5
86	28320	1157	5998	28320	29220	28320	108000	8380.104020005228	5
88	28500	4307	17512	28500	29400	28500	108000	6208.106244460742	5
90	28620	3289	14767	28620	29520	28620	108000	62515.4214240583	5
92	28680	3471	6433	28680	29580	28680	108000	13636.669486692745	5
93	28740	21683	21399	28740	29640	28740	108000	21183.584532229394	5
95	29040	7908	13002	29040	29940	29040	108000	42161.8463957455	5
98	29760	12395	6853	29760	30660	29760	108000	22897.418656028633	5
100	29820	19314	3208	29820	30720	29820	108000	39054.10789179513	5
101	30000	1536	13762	30000	30900	30000	108000	16404.38111418542	5
103	30120	2176	11237	30120	31020	30120	108000	2451.033409375828	5
104	30360	4398	13559	30360	31260	30360	108000	9639.067210797199	5
107	30780	11292	22097	30780	31680	30780	108000	48135.25390292575	5
108	30840	18171	23898	30840	31740	30840	108000	7264.618774080516	5
110	30900	12312	15437	30900	31800	30900	108000	67879.87046361905	5
112	31020	11008	6686	31020	31920	31020	108000	24997.21962762915	5
114	31200	7617	15935	31200	32100	31200	108000	50067.25029143621	5
115	31260	16804	3625	31260	32160	31260	108000	29630.95847818776	5
119	31740	18937	6261	31740	32640	31740	108000	46524.490327194886	5
122	31980	19761	9098	31980	32880	31980	108000	38440.832007863486	5
123	32040	23626	21188	32040	32940	32040	108000	19366.2057459046	5
125	32100	10545	1655	32100	33000	32100	108000	23572.541425894167	5
129	32460	10979	22279	32460	33360	32460	108000	12556.291523010545	5
131	32580	7459	22802	32580	33480	32580	108000	20352.17487555367	5
132	32640	20303	19367	32640	33540	32640	108000	31180.91576557061	5
134	32820	2341	4458	32820	33720	32820	108000	36234.66181332172	5
135	32880	19033	5534	32880	33780	32880	108000	35133.27432896969	5
136	33000	3440	7834	33000	33900	33000	108000	75825.51343181988	5
137	33180	5440	3355	33180	34080	33180	108000	50901.786773476	5
139	33360	16188	20611	33360	34260	33360	108000	7613.163900172538	5
141	33480	19731	21079	33480	34380	33480	108000	45280.94305136158	5
142	33540	22316	15232	33540	34440	33540	108000	25461.652225781778	5
144	34080	18045	19002	34080	34980	34080	108000	42364.54567779767	5
145	34140	11482	21924	34140	35040	34140	108000	8503.111562778871	5
146	34200	2592	22026	34200	35100	34200	108000	37013.316559459054	5
148	34320	15593	3301	34320	35220	34320	108000	72457.79219274431	5
150	34440	1051	18901	34440	35340	34440	108000	19724.277102609038	5
153	34620	3621	4833	34620	35520	34620	108000	39954.193278316285	5
154	34860	22307	22847	34860	35760	34860	108000	51371.7444473084	5
157	34980	22926	23662	34980	35880	34980	108000	12397.350898653793	5
158	35040	8840	21332	35040	35940	35040	108000	30996.229653754355	5
161	35280	3096	6078	35280	36180	35280	108000	37633.068020635306	5
163	35400	7845	3750	35400	36300	35400	108000	55777.62033956651	5
164	35460	15648	11387	35460	36360	35460	108000	63629.92870396817	5
165	35520	23664	18819	35520	36420	35520	108000	13653.651951747399	5
166	35580	3172	20705	35580	36480	35580	108000	19346.536891846525	5
167	35760	3619	21978	35760	36660	35760	108000	9148.056334925368	5
169	35820	15299	1598	35820	36720	35820	108000	30373.55752547502	5
172	36000	14343	18657	36000	36900	36000	108000	23167.777709036334	5
173	36060	2554	6152	36060	36960	36060	108000	30900.902382994092	5
175	36240	19150	15231	36240	37140	36240	108000	64594.522020768665	5
178	36540	354	14538	36540	37440	36540	108000	16105.146258138784	5
181	36720	14262	7484	36720	37620	36720	108000	39077.273405637265	5
182	36840	21487	18367	36840	37740	36840	108000	9760.439871583898	5
184	37080	15789	22592	37080	37980	37080	108000	42865.13144898042	5
186	37200	6279	20295	37200	38100	37200	108000	23273.21651069024	5
188	37380	4404	23267	37380	38280	37380	108000	6456.663116439943	5
190	37440	309	12293	37440	38340	37440	108000	23919.512907416058	5
191	37500	21808	21674	37500	38400	37500	108000	5184.612556182502	5
192	37680	18920	20187	37680	38580	37680	108000	25290.047557954666	5
194	37860	13507	12436	37860	38760	37860	108000	34225.412309381085	5
196	37920	13791	7067	37920	38820	37920	108000	10447.334212387448	5
197	38040	11936	6094	38040	38940	38040	108000	21844.55512411793	5
199	38220	13084	5038	38220	39120	38220	108000	33656.289655042834	5
201	38460	2832	15774	38460	39360	38460	108000	36346.60731637529	5
202	38520	3065	11411	38520	39420	38520	108000	23835.50866523011	5
203	38640	17878	8800	38640	39540	38640	108000	23538.156920275203	5
205	38820	6888	23269	38820	39720	38820	108000	34123.852364984	5
207	39000	20584	5066	39000	39900	39000	108000	12985.461580478654	5
210	39240	3577	17944	39240	40140	39240	108000	13053.606085583342	5
211	39360	6257	8867	39360	40260	39360	108000	49958.12703465497	5
213	39600	4573	15375	39600	40500	39600	108000	55164.3612343199	5
216	39780	10470	23162	39780	40680	39780	108000	56302.03483061594	5
217	39900	2357	21164	39900	40800	39900	108000	3422.2351223326446	5
218	40320	13068	13312	40320	41220	40320	108000	4143.447502454144	5
223	40620	12363	15177	40620	41520	40620	108000	71539.20796642534	5
225	40800	23318	18016	40800	41700	40800	108000	27449.474806405367	5
226	40860	17204	1024	40860	41760	40860	108000	10922.241256076919	5
227	40980	14005	15830	40980	41880	40980	108000	14120.742824437737	5
230	41160	1156	18106	41160	42060	41160	108000	25890.254530727823	5
232	41280	2758	11396	41280	42180	41280	108000	14239.782950213985	5
233	41340	6466	6547	41340	42240	41340	108000	17209.975966161743	5
235	41520	14977	6183	41520	42420	41520	108000	31656.10603177713	5
236	41580	17529	19152	41580	42480	41580	108000	65381.70624272085	5
238	41700	15230	23894	41700	42600	41700	108000	55799.786419597214	5
239	42060	22002	19147	42060	42960	42060	108000	62802.311104879846	5
245	42660	5567	9900	42660	43560	42660	108000	32030.01635985154	5
248	43020	19004	15615	43020	43920	43020	108000	60593.7730191597	5
249	43080	23222	17247	43080	43980	43080	108000	38538.64353356854	5
250	43140	2171	17992	43140	44040	43140	108000	27829.902210772812	5
251	43380	20593	16725	43380	44280	43380	108000	60887.385004694064	5
252	43440	3545	4430	43440	44340	43440	108000	44455.075042747354	5
253	43740	11980	3856	43740	44640	43740	108000	24332.824314076785	5
256	44040	1650	16972	44040	44940	44040	108000	35344.42982577407	5
257	44100	13052	4847	44100	45000	44100	108000	24095.013100420405	5
259	44160	11646	22817	44160	45060	44160	108000	28874.26750326521	5
264	44700	10424	11816	44700	45600	44700	108000	44080.09428658154	5
266	44880	21698	7992	44880	45780	44880	108000	17923.94649392921	5
270	45360	6435	18102	45360	46260	45360	108000	26537.2651188899	5
271	45540	20590	12147	45540	46440	45540	108000	36274.398464867525	5
273	45660	16229	14495	45660	46560	45660	108000	3001.2101346718105	5
277	46320	16858	16435	46320	47220	46320	108000	19874.59987703208	5
279	46560	5619	10800	46560	47460	46560	108000	43293.337146853046	5
281	46740	5135	3345	46740	47640	46740	108000	60629.70805955264	5
282	46860	17713	11747	46860	47760	46860	108000	58179.30775439075	5
285	47460	23758	22299	47460	48360	47460	108000	50775.010022206865	5
286	47520	22160	3835	47520	48420	47520	108000	10289.574642304933	5
288	47700	14949	3312	47700	48600	47700	108000	55034.049587621725	5
290	47760	15701	15731	47760	48660	47760	108000	7201.869529615061	5
291	47820	120	19089	47820	48720	47820	108000	31683.217508706	5
292	47940	6173	6053	47940	48840	47940	108000	9688.248708285084	5
293	48120	17696	6462	48120	49020	48120	108000	19883.98044458577	5
295	48180	2935	11358	48180	49080	48180	108000	36072.33249584341	5
296	48360	13440	19389	48360	49260	48360	108000	35642.178408841966	5
297	48480	11146	18008	48480	49380	48480	108000	28946.47143294403	5
298	48540	21699	15937	48540	49440	48540	108000	46494.66614638887	5
301	49020	22128	13043	49020	49920	49020	108000	58886.08739299668	5
302	49080	18040	19964	49080	49980	49080	108000	50041.787295079484	5
305	49440	21916	19824	49440	50340	49440	108000	10085.880219650051	5
306	49500	13089	16845	49500	50400	49500	108000	7672.834278019683	5
307	49620	14967	10141	49620	50520	49620	108000	29541.03472105225	5
309	49740	19841	13561	49740	50640	49740	108000	53686.97239555497	5
311	50160	19435	21353	50160	51060	50160	108000	25838.18422123206	5
317	50880	2814	20233	50880	51780	50880	108000	30354.476234811213	5
318	50940	21880	16354	50940	51840	50940	108000	23200.599017021123	5
319	51120	9183	7694	51120	52020	51120	108000	36556.94100025921	5
321	51420	5768	2809	51420	52320	51420	108000	18733.730782778686	5
322	51480	17976	8367	51480	52380	51480	108000	9257.855110447965	5
323	51540	22813	18467	51540	52440	51540	108000	14730.516602309952	5
326	51840	12367	4572	51840	52740	51840	108000	22438.432622133365	5
327	51900	13974	23345	51900	52800	51900	108000	5622.405782452497	5
329	52140	13106	17135	52140	53040	52140	108000	16272.155880167731	5
331	52260	6457	16242	52260	53160	52260	108000	48386.78326755098	5
333	52440	19344	5387	52440	53340	52440	108000	40772.49220067453	5
337	52800	5630	10794	52800	53700	52800	108000	43453.93805459636	5
338	52860	5903	12227	52860	53760	52860	108000	37726.6305298655	5
340	52980	3332	21490	52980	53880	52980	108000	16291.875072486659	5
342	53400	11478	15531	53400	54300	53400	108000	55503.7300986786	5
343	53460	17812	5561	53460	54360	53460	108000	50115.801485703	5
345	53520	6727	10599	53520	54420	53520	108000	45163.55994340428	5
347	53700	4256	21422	53700	54600	53700	108000	45286.107879867435	5
348	53760	18685	3855	53760	54660	53760	108000	33115.56981648813	5
349	53820	6426	16345	53820	54720	53820	108000	19732.974120374056	5
352	54000	5956	6747	54000	54900	54000	108000	26545.279001126284	5
356	54480	7295	1120	54480	55380	54480	108000	42234.128780503124	5
358	54660	1601	9916	54660	55560	54660	108000	39296.683220304745	5
361	55080	13545	4154	55080	55980	55080	108000	21993.353047090146	5
362	55140	8027	12190	55140	56040	55140	108000	20024.444597340393	5
364	55260	22938	23728	55260	56160	55260	108000	5316.705011786866	5
365	55320	5934	21302	55320	56220	55320	108000	37709.19575121754	5
369	55560	18108	16095	55560	56460	55560	108000	22658.036421209003	5
371	55740	10770	20072	55740	56640	55740	108000	44016.77223390051	5
375	55920	12089	3449	55920	56820	55920	108000	41384.88185243123	5
376	56040	15590	21625	56040	56940	56040	108000	58092.88201321573	5
379	56220	12720	17498	56220	57120	56220	108000	19108.28174054659	5
381	56340	15656	15329	56340	57240	56340	108000	5708.312984508683	5
383	56400	10696	6496	56400	57300	56400	108000	33637.15805853079	5
392	57600	14934	9089	57600	58500	57600	108000	23517.845702303755	5
393	57720	23302	19015	57720	58620	57720	108000	15558.253619620344	5
394	57840	6106	12990	57840	58740	57840	108000	39125.07817551309	5
396	57900	21590	4567	57900	58800	57900	108000	55535.104808647884	5
397	57960	13992	12385	57960	58860	57960	108000	26040.54018079023	5
399	58140	22516	8307	58140	59040	58140	108000	8893.554955964646	5
400	58200	22184	22300	58200	59100	58200	108000	1749.9381593542864	5
405	58680	14941	16147	58680	59580	58680	108000	34479.89410585031	5
407	58800	23901	20471	58800	59700	58800	108000	7852.98282508876	5
410	59220	16481	22863	59220	60120	59220	108000	29789.128875396473	5
411	59280	22932	2285	59280	60180	59280	108000	10584.06416940161	5
413	59460	15546	10494	59460	60360	59460	108000	51096.866827679056	5
415	59520	16168	7579	59520	60420	59520	108000	23239.39358189309	5
420	59820	13815	14896	59820	60720	59820	108000	16991.686148474444	5
422	59880	22169	193	59880	60780	59880	108000	45110.65948424924	5
423	59940	12910	11280	59940	60840	59940	108000	11083.77827988984	5
424	60060	6583	15759	60060	60960	60060	108000	11872.47357062727	5
427	60300	17807	19674	60300	61200	60300	108000	21062.458964369267	5
431	60600	21754	18027	60600	61500	60600	108000	23898.60563289423	5
433	60840	21220	5016	60840	61740	60840	108000	50573.507672351705	5
436	61080	2818	3493	61080	61980	61080	108000	25938.822878313094	5
437	61140	7278	23520	61140	62040	61140	108000	8071.262152871705	5
438	61260	20601	13779	61260	62160	61260	108000	34999.800043013776	5
444	61980	13335	6567	61980	62880	61980	108000	64686.0641087187	5
446	62100	4160	21494	62100	63000	62100	108000	45529.68884664762	5
447	62160	2989	12100	62160	63060	62160	108000	38059.77481086012	5
449	62280	2723	7319	62280	63180	62280	108000	16790.983688278753	5
450	62340	3803	11246	62340	63240	62340	108000	42107.50691141379	5
454	62640	16261	2328	62640	63540	62640	108000	63298.66817060203	5
456	62820	16197	5608	62820	63720	62820	108000	47513.08033265698	5
459	63060	6486	10072	63060	63960	63060	108000	49749.00381508144	5
460	63120	4127	327	63120	64020	63120	108000	11993.72472942915	5
461	63240	18869	19117	63240	64140	63240	108000	9242.850396420192	5
462	63480	17379	19455	63480	64380	63480	108000	28426.484040098494	5
467	63840	1046	118	63840	64740	63840	108000	5630.762573288934	5
469	63960	17149	23382	63960	64860	63960	108000	20410.797914134015	5
470	64020	11119	7813	64020	64920	64020	108000	11767.31377442281	5
471	64140	13416	15670	64140	65040	64140	108000	26118.610314442238	5
474	64260	20530	21859	64260	65160	64260	108000	65684.55013823461	5
476	64380	16516	1193	64380	65280	64380	108000	27001.150811786574	5
478	64560	21128	2572	64560	65460	64560	108000	21606.510739846537	5
480	64680	15400	5496	64680	65580	64680	108000	24913.530342923066	5
482	64740	2158	11118	64740	65640	64740	108000	19965.531105008384	5
-1
Parcel requests (id, time_call, pickup_point, delivery_point, early_pickup_time, late_pickup_time, early_delivery_time, late_delivery_time)
1	21600	3787	17650	21600	108000	21600	108000
3	21720	15535	10430	21720	108000	21720	108000
4	21840	22158	7943	21840	108000	21840	108000
6	21960	18664	16337	21960	108000	21960	108000
11	22440	17898	22031	22440	108000	22440	108000
14	22740	8781	1551	22740	108000	22740	108000
16	22860	9219	4255	22860	108000	22860	108000
18	22920	7853	2391	22920	108000	22920	108000
20	23100	18677	4816	23100	108000	23100	108000
22	23160	4755	22120	23160	108000	23160	108000
24	23400	23135	23444	23400	108000	23400	108000
25	23460	16504	1834	23460	108000	23460	108000
31	23940	12777	16455	23940	108000	23940	108000
32	24000	2564	14010	24000	108000	24000	108000
34	24180	12318	21089	24180	108000	24180	108000
36	24360	22143	1448	24360	108000	24360	108000
38	24540	6843	20408	24540	108000	24540	108000
39	24600	11401	19	24600	108000	24600	108000
40	24720	17183	8989	24720	108000	24720	108000
41	24780	18804	22059	24780	108000	24780	108000
43	25080	23476	9095	25080	108000	25080	108000
45	25320	15954	23959	25320	108000	25320	108000
46	25500	23839	9007	25500	108000	25500	108000
48	25620	428	14528	25620	108000	25620	108000
50	25680	13243	8341	25680	108000	25680	108000
53	25860	9967	10177	25860	108000	25860	108000
56	26100	14100	15302	26100	108000	26100	108000
58	26160	13509	16705	26160	108000	26160	108000
60	26340	3671	20921	26340	108000	26340	108000
61	26400	4743	14706	26400	108000	26400	108000
64	26580	23127	14684	26580	108000	26580	108000
66	26760	3800	762	26760	108000	26760	108000
68	27000	2599	7002	27000	108000	27000	108000
69	27060	21496	12039	27060	108000	27060	108000
70	27240	19046	10691	27240	108000	27240	108000
73	27420	14288	18041	27420	108000	27420	108000
75	27480	6991	11216	27480	108000	27480	108000
77	27660	848	7789	27660	108000	27660	108000
79	27720	6863	5178	27720	108000	27720	108000
81	27900	20962	16173	27900	108000	27900	108000
82	28020	7849	20078	28020	108000	28020	108000
85	28320	17575	7991	28320	108000	28320	108000
87	28500	7793	14433	28500	108000	28500	108000
89	28560	15220	22291	28560	108000	28560	108000
91	28680	5134	10404	28680	108000	28680	108000
94	29040	8112	15651	29040	108000	29040	108000
96	29280	16141	17447	29280	108000	29280	108000
97	29460	23226	11046	29460	108000	29460	108000
99	29820	4467	22145	29820	108000	29820	108000
102	30120	11229	15766	30120	108000	30120	108000
105	30480	16517	907	30480	108000	30480	108000
106	30660	18995	3996	30660	108000	30660	108000
109	30900	587	17890	30900	108000	30900	108000
111	30960	2119	2123	30960	108000	30960	108000
113	31080	5270	8199	31080	108000	31080	108000
116	31380	23834	13818	31380	108000	31380	108000
117	31440	280	1940	31440	108000	31440	108000
118	31740	20726	1518	31740	108000	31740	108000
120	31800	17687	13526	31800	108000	31800	108000
121	31980	15960	12387	31980	108000	31980	108000
124	32100	20377	21282	32100	108000	32100	108000
126	32280	6887	20095	32280	108000	32280	108000
127	32400	6354	9142	32400	108000	32400	108000
128	32460	18057	14412	32460	108000	32460	108000
130	32580	12027	1626	32580	108000	32580	108000
133	32700	19656	18552	32700	108000	32700	108000
138	33300	3991	6459	33300	108000	33300	108000
140	33420	5802	17640	33420	108000	33420	108000
143	33720	808	11989	33720	108000	33720	108000
147	34320	1012	5279	34320	108000	34320	108000
149	34440	13317	12285	34440	108000	34440	108000
151	34560	4134	7621	34560	108000	34560	108000
152	34620	22242	15820	34620	108000	34620	108000
155	34920	10554	19983	34920	108000	34920	108000
156	34980	7744	21909	34980	108000	34980	108000
159	35160	10819	10620	35160	108000	35160	108000
160	35220	7303	10432	35220	108000	35220	108000
162	35400	15931	21861	35400	108000	35400	108000
168	35820	6169	11120	35820	108000	35820	108000
170	35880	3004	13107	35880	108000	35880	108000
171	36000	2364	2359	36000	108000	36000	108000
174	36240	13297	22231	36240	108000	36240	108000
176	36420	12762	1113	36420	108000	36420	108000
177	36480	24045	4234	36480	108000	36480	108000
179	36660	2905	4789	36660	108000	36660	108000
180	36720	709	19728	36720	108000	36720	108000
183	37020	43	20949	37020	108000	37020	108000
185	37140	17975	16064	37140	108000	37140	108000
187	37380	404	927	37380	108000	37380	108000
189	37440	9988	8324	37440	108000	37440	108000
193	37740	4555	11367	37740	108000	37740	108000
195	37920	958	11931	37920	108000	37920	108000
198	38160	7998	8180	38160	108000	38160	108000
200	38340	1571	4226	38340	108000	38340	108000
204	38700	14061	12938	38700	108000	38700	108000
206	38880	18639	20689	38880	108000	38880	108000
208	39060	15942	18691	39060	108000	39060	108000
209	39120	23410	20345	39120	108000	39120	108000
212	39540	16189	16682	39540	108000	39540	108000
214	39660	21786	3979	39660	108000	39660	108000
215	39720	12059	4627	39720	108000	39720	108000
219	40380	11977	17934	40380	108000	40380	108000
220	40500	12110	874	40500	108000	40500	108000
221	40560	16356	13574	40560	108000	40560	108000
222	40620	3766	20253	40620	108000	40620	108000
224	40800	3271	5191	40800	108000	40800	108000
228	41040	24016	22690	41040	108000	41040	108000
229	41100	18758	22472	41100	108000	41100	108000
231	41220	7563	5298	41220	108000	41220	108000
234	41460	18432	3082	41460	108000	41460	108000
237	41700	17410	20192	41700	108000	41700	108000
240	42120	163	15899	42120	108000	42120	108000
241	42300	9902	6313	42300	108000	42300	108000
242	42420	16515	21641	42420	108000	42420	108000
243	42540	18238	7190	42540	108000	42540	108000
244	42660	22810	12374	42660	108000	42660	108000
246	42900	7137	5169	42900	108000	42900	108000
247	43020	860	22780	43020	108000	43020	108000
254	43860	4238	5344	43860	108000	43860	108000
255	43920	22557	9243	43920	108000	43920	108000
258	44160	11544	22756	44160	108000	44160	108000
260	44220	11881	5907	44220	108000	44220	108000
261	44520	317	12894	44520	108000	44520	108000
262	44640	16507	4642	44640	108000	44640	108000
263	44700	210	10684	44700	108000	44700	108000
265	44820	16458	19954	44820	108000	44820	108000
267	45060	1168	1164	45060	108000	45060	108000
268	45300	396	20319	45300	108000	45300	108000
269	45360	21979	199	45360	108000	45360	108000
272	45600	16749	13254	45600	108000	45600	108000
274	45780	15735	12402	45780	108000	45780	108000
275	45840	1670	11207	45840	108000	45840	108000
276	46020	6306	11431	46020	108000	46020	108000
278	46380	9245	11182	46380	108000	46380	108000
280	46680	5555	21638	46680	108000	46680	108000
283	47100	3433	772	47100	108000	47100	108000
284	47400	20011	13438	47400	108000	47400	108000
287	47580	12119	6120	47580	108000	47580	108000
289	47760	2400	16934	47760	108000	47760	108000
294	48180	19953	22283	48180	108000	48180	108000
299	48600	15803	13538	48600	108000	48600	108000
300	48660	13302	14037	48660	108000	48660	108000
303	49140	19574	5107	49140	108000	49140	108000
304	49380	18438	21139	49380	108000	49380	108000
308	49680	1579	23391	49680	108000	49680	108000
310	49980	211	16519	49980	108000	49980	108000
312	50280	15252	307	50280	108000	50280	108000
313	50400	13347	19513	50400	108000	50400	108000
314	50520	14738	5137	50520	108000	50520	108000
315	50580	22508	23050	50580	108000	50580	108000
316	50880	2106	22960	50880	108000	50880	108000
320	51180	953	3381	51180	108000	51180	108000
324	51660	2319	16131	51660	108000	51660	108000
325	51780	13512	16233	51780	108000	51780	108000
328	52140	13032	15222	52140	108000	52140	108000
330	52200	22173	11233	52200	108000	52200	108000
332	52320	13971	6207	52320	108000	52320	108000
334	52560	1738	825	52560	108000	52560	108000
335	52680	6860	23985	52680	108000	52680	108000
336	52800	7691	6785	52800	108000	52800	108000
339	52920	4217	14329	52920	108000	52920	108000
341	53220	13100	8994	53220	108000	53220	108000
344	53520	3982	14493	53520	108000	53520	108000
346	53640	3375	3482	53640	108000	53640	108000
350	53880	113	8862	53880	108000	53880	108000
351	53940	20038	15158	53940	108000	53940	108000
353	54060	2260	22994	54060	108000	54060	108000
354	54120	19399	18257	54120	108000	54120	108000
355	54240	206	14902	54240	108000	54240	108000
357	54600	5407	4592	54600	108000	54600	108000
359	54720	20996	2556	54720	108000	54720	108000
360	55020	18414	5626	55020	108000	55020	108000
363	55260	21679	18943	55260	108000	55260	108000
366	55380	539	2891	55380	108000	55380	108000
367	55500	15335	4543	55500	108000	55500	108000
368	55560	4869	5272	55560	108000	55560	108000
370	55740	16280	402	55740	108000	55740	108000
372	55800	12103	23657	55800	108000	55800	108000
373	55860	8678	23674	55860	108000	55860	108000
374	55920	7065	9963	55920	108000	55920	108000
377	56160	23081	10559	56160	108000	56160	108000
378	56220	9261	16034	56220	108000	56220	108000
380	56340	12858	22181	56340	108000	56340	108000
382	56400	18835	10937	56400	108000	56400	108000
384	56460	14797	6153	56460	108000	56460	108000
385	56580	267	10679	56580	108000	56580	108000
386	56700	13274	15015	56700	108000	56700	108000
387	56760	22725	5617	56760	108000	56760	108000
388	56880	503	22367	56880	108000	56880	108000
389	57240	20951	1849	57240	108000	57240	108000
390	57360	11823	20514	57360	108000	57360	108000
391	57420	7924	2717	57420	108000	57420	108000
395	57900	5229	5456	57900	108000	57900	108000
398	58020	1835	23398	58020	108000	58020	108000
401	58320	12366	24011	58320	108000	58320	108000
402	58500	18922	4996	58500	108000	58500	108000
403	58620	15184	21022	58620	108000	58620	108000
404	58680	3822	3283	58680	108000	58680	108000
406	58740	18222	3514	58740	108000	58740	108000
408	58860	3287	15694	58860	108000	58860	108000
409	59220	7129	4976	59220	108000	59220	108000
412	59460	1185	15166	59460	108000	59460	108000
414	59520	19959	8357	59520	108000	59520	108000
416	59580	8259	16158	59580	108000	59580	108000
417	59640	9152	14806	59640	108000	59640	108000
418	59700	21629	212	59700	108000	59700	108000
419	59820	12760	23063	59820	108000	59820	108000
421	59880	5281	17348	59880	108000	59880	108000
425	60240	4112	1003	60240	108000	60240	108000
426	60300	15107	19452	60300	108000	60300	108000
428	60480	21333	9872	60480	108000	60480	108000
429	60540	20089	24063	60540	108000	60540	108000
430	60600	20556	12798	60600	108000	60600	108000
432	60840	22377	18052	60840	108000	60840	108000
434	61020	2163	4042	61020	108000	61020	108000
435	61080	3022	2907	61080	108000	61080	108000
439	61560	20058	20598	61560	108000	61560	108000
440	61740	9180	10139	61740	108000	61740	108000
441	61860	19528	13030	61860	108000	61860	108000
442	61920	3213	16404	61920	108000	61920	108000
443	61980	5242	3039	61980	108000	61980	108000
445	62040	6542	17505	62040	108000	62040	108000
448	62220	16723	12406	62220	108000	62220	108000
451	62460	20400	9966	62460	108000	62460	108000
452	62520	9980	18976	62520	108000	62520	108000
453	62640	8700	9921	62640	108000	62640	108000
455	62820	7653	14069	62820	108000	62820	108000
457	63000	23989	23453	63000	108000	63000	108000
458	63060	5535	20433	63060	108000	63060	108000
463	63540	19564	14743	63540	108000	63540	108000
464	63600	7831	5197	63600	108000	63600	108000
465	63660	17719	14692	63660	108000	63660	108000
466	63720	21862	22256	63720	108000	63720	108000
468	63900	22264	19664	63900	108000	63900	108000
472	64200	12019	1684	64200	108000	64200	108000
473	64260	499	10364	64260	108000	64260	108000
475	64320	526	22182	64320	108000	64320	108000
477	64440	19813	11727	64440	108000	64440	108000
479	64620	9877	10736	64620	108000	64620	108000
481	64740	15373	3606	64740	108000	64740	108000
-1
