People requests (id, time_call, pickup_point, delivery_point, early_pickup_time, late_pickup_time, early_delivery_time, late_delivery_time, max_travel_distance (m), maxNbStops)
1	21960	20394	16194	21960	22860	21960	108000	5765.739094836678	5
2	22320	1806	16809	22320	23220	22320	108000	11723.04591083596	5
4	22920	11983	5416	22920	23820	22920	108000	31644.233031225056	5
5	23280	16115	5363	23280	24180	23280	108000	10182.555645763032	5
7	24480	1649	14708	24480	25380	24480	108000	48698.52590171311	5
10	25680	8296	5178	25680	26580	25680	108000	29771.9290353315	5
11	25980	23195	6094	25980	26880	25980	108000	27031.089994067916	5
12	26340	10831	10744	26340	27240	26340	108000	68008.86914652177	5
16	27840	18854	11654	27840	28740	27840	108000	33867.78528305176	5
17	27900	18725	17524	27900	28800	27900	108000	45624.00569624465	5
20	29160	3093	4626	29160	30060	29160	108000	13407.087024512148	5
22	29940	14014	19971	29940	30840	29940	108000	21676.939357963784	5
24	30060	645	19666	30060	30960	30060	108000	35707.319921191505	5
27	30480	15200	14052	30480	31380	30480	108000	45774.66872595141	5
31	33180	22415	3801	33180	34080	33180	108000	57324.3999634161	5
32	33240	239	15408	33240	34140	33240	108000	28198.920748045177	5
34	33600	13346	17119	33600	34500	33600	108000	24492.711282967684	5
35	34080	202	18436	34080	34980	34080	108000	39897.34209567157	5
37	34320	12802	15056	34320	35220	34320	108000	50458.66839776474	5
39	35220	9238	11003	35220	36120	35220	108000	5192.814655339409	5
40	35280	13071	20489	35280	36180	35280	108000	24965.19375536497	5
41	35580	11346	3010	35580	36480	35580	108000	52568.59649965708	5
47	37320	12883	7282	37320	38220	37320	108000	9468.960444816506	5
50	38460	23784	23040	38460	39360	38460	108000	13609.108188672517	5
54	40200	10563	10553	40200	41100	40200	108000	463.27573108661954	5
55	40320	15971	7555	40320	41220	40320	108000	6085.02905890004	5
58	40920	17580	13252	40920	41820	40920	108000	8892.18887654408	5
61	41340	5141	22569	41340	42240	41340	108000	21012.600859861242	5
62	41820	23246	10064	41820	42720	41820	108000	9743.61422879127	5
64	42120	20018	6361	42120	43020	42120	108000	16014.796346943142	5
65	42660	4543	10823	42660	43560	42660	108000	32328.05616799224	5
68	43860	21999	10360	43860	44760	43860	108000	72990.92463841617	5
70	44400	778	12397	44400	45300	44400	108000	23771.843506413166	5
71	44580	20534	7793	44580	45480	44580	108000	36274.034531861966	5
73	44880	12943	10354	44880	45780	44880	108000	21041.46119219498	5
74	45060	17988	3096	45060	45960	45060	108000	38068.83344614946	5
77	45300	5440	13804	45300	46200	45300	108000	26176.72134776824	5
79	46020	10426	968	46020	46920	46020	108000	45048.57401976876	5
80	46080	15262	20363	46080	46980	46080	108000	46854.23647688846	5
83	46440	12120	21806	46440	47340	46440	108000	25177.792194270354	5
85	46920	15437	15775	46920	47820	46920	108000	13197.681105011729	5
86	47280	2292	13235	47280	48180	47280	108000	40775.02860553683	5
88	47640	4247	17462	47640	48540	47640	108000	1918.1758336173903	5
91	48600	4309	5789	48600	49500	48600	108000	31587.121498892408	5
92	49080	20967	3429	49080	49980	49080	108000	51523.596059672236	5
93	49140	18098	9186	49140	50040	49140	108000	23426.666669654875	5
96	50880	4551	5101	50880	51780	50880	108000	32424.642437455135	5
97	51120	14123	18944	51120	52020	51120	108000	69657.47488133192	5
99	51360	12321	21352	51360	52260	51360	108000	82763.84908649062	5
105	53340	1149	6267	53340	54240	53340	108000	35033.22553086153	5
106	53580	972	13109	53580	54480	53580	108000	12292.582037887503	5
107	53940	1672	10359	53940	54840	53940	108000	57260.696769965914	5
108	54060	14350	7334	54060	54960	54060	108000	50262.363284191924	5
110	54600	21982	14903	54600	55500	54600	108000	47785.90424048757	5
111	54660	5635	17849	54660	55560	54660	108000	47069.279336122105	5
112	54840	20675	4565	54840	55740	54840	108000	35282.26598235848	5
116	55440	11221	11456	55440	56340	55440	108000	60981.53998326199	5
118	55620	17431	21835	55620	56520	55620	108000	38577.47648135006	5
119	56040	2767	8091	56040	56940	56040	108000	29338.54750501208	5
121	56160	3763	2695	56160	57060	56160	108000	26681.940010929848	5
122	56340	20174	16920	56340	57240	56340	108000	8359.218367983229	5
123	56700	22311	20960	56700	57600	56700	108000	22781.285585704216	5
124	56820	15851	10519	56820	57720	56820	108000	47659.9705534824	5
127	57660	23767	4296	57660	58560	57660	108000	56480.94295836423	5
128	58020	4444	8370	58020	58920	58020	108000	54902.17596337818	5
129	58140	12053	10514	58140	59040	58140	108000	40459.98783979992	5
132	59340	22868	11303	59340	60240	59340	108000	10020.954412089093	5
134	60180	3921	20934	60180	61080	60180	108000	6790.0558032680165	5
135	60660	3690	23485	60660	61560	60660	108000	42811.88212871563	5
137	61800	23495	8208	61800	62700	61800	108000	38035.43500401493	5
140	62700	7521	8199	62700	63600	62700	108000	21062.022343107972	5
141	62820	7534	21250	62820	63720	62820	108000	57146.597644522866	5
143	63240	3871	21464	63240	64140	63240	108000	16955.711365378746	5
144	63360	19555	64	63360	64260	63360	108000	27294.846738612865	5
145	63420	591	1590	63420	64320	63420	108000	35821.00334638487	5
146	63480	17734	7605	63480	64380	63480	108000	24014.88186788965	5
150	64800	2536	17582	64800	65700	64800	108000	27511.56012459395	5
-1
Parcel requests (id, time_call, pickup_point, delivery_point, early_pickup_time, late_pickup_time, early_delivery_time, late_delivery_time)
3	22740	23747	9988	22740	108000	22740	108000
6	24180	21590	15100	24180	108000	24180	108000
8	24540	658	15136	24540	108000	24540	108000
9	25140	21872	130	25140	108000	25140	108000
13	26700	42	1538	26700	108000	26700	108000
14	27120	21394	1542	27120	108000	27120	108000
15	27780	22423	3421	27780	108000	27780	108000
18	28440	22064	22835	28440	108000	28440	108000
19	29040	12934	21521	29040	108000	29040	108000
21	29760	14413	15792	29760	108000	29760	108000
23	30060	18230	6589	30060	108000	30060	108000
25	30300	8271	502	30300	108000	30300	108000
26	30420	120	297	30420	108000	30420	108000
28	30600	17366	19464	30600	108000	30600	108000
29	31260	23443	6253	31260	108000	31260	108000
30	32340	5286	3860	32340	108000	32340	108000
33	33540	16713	16716	33540	108000	33540	108000
36	34140	4646	21925	34140	108000	34140	108000
38	35100	8172	20009	35100	108000	35100	108000
42	35640	9969	15967	35640	108000	35640	108000
43	35760	2617	21621	35760	108000	35760	108000
44	36060	1865	11888	36060	108000	36060	108000
45	36240	509	7461	36240	108000	36240	108000
46	36660	9166	17855	36660	108000	36660	108000
48	37920	12300	15580	37920	108000	37920	108000
49	38400	4294	21758	38400	108000	38400	108000
51	38520	18784	13387	38520	108000	38520	108000
52	38580	8161	7339	38580	108000	38580	108000
53	40140	10687	21421	40140	108000	40140	108000
56	40680	11594	22536	40680	108000	40680	108000
57	40920	12365	22023	40920	108000	40920	108000
59	41160	16131	16894	41160	108000	41160	108000
60	41280	3674	10038	41280	108000	41280	108000
63	42060	9934	2820	42060	108000	42060	108000
66	43320	13778	5358	43320	108000	43320	108000
67	43680	8885	10391	43680	108000	43680	108000
69	43920	9204	2376	43920	108000	43920	108000
72	44880	1429	5320	44880	108000	44880	108000
75	45180	22750	4099	45180	108000	45180	108000
76	45240	8845	7707	45240	108000	45240	108000
78	45660	4789	2356	45660	108000	45660	108000
81	46200	7456	18223	46200	108000	46200	108000
82	46440	23218	12376	46440	108000	46440	108000
84	46500	4608	19086	46500	108000	46500	108000
87	47340	1907	17532	47340	108000	47340	108000
89	47700	21842	20665	47700	108000	47700	108000
90	48120	12813	20111	48120	108000	48120	108000
94	49200	16362	3630	49200	108000	49200	108000
95	49500	18179	2065	49500	108000	49500	108000
98	51240	3982	16034	51240	108000	51240	108000
100	52500	16104	22150	52500	108000	52500	108000
101	52620	6989	7142	52620	108000	52620	108000
102	52980	3311	7529	52980	108000	52980	108000
103	53160	3013	9058	53160	108000	53160	108000
104	53280	22993	16953	53280	108000	53280	108000
109	54480	19148	17124	54480	108000	54480	108000
113	55140	16535	6086	55140	108000	55140	108000
114	55200	915	3599	55200	108000	55200	108000
115	55440	4844	410	55440	108000	55440	108000
117	55500	19514	2715	55500	108000	55500	108000
120	56100	5046	9268	56100	108000	56100	108000
125	56880	19565	22761	56880	108000	56880	108000
126	57180	539	614	57180	108000	57180	108000
130	58200	21154	23205	58200	108000	58200	108000
131	58920	3036	3882	58920	108000	58920	108000
133	60120	20767	2079	60120	108000	60120	108000
136	61440	23281	10545	61440	108000	61440	108000
138	61980	17218	14725	61980	108000	61980	108000
139	62400	21860	21652	62400	108000	62400	108000
142	63060	16305	17118	63060	108000	63060	108000
147	63780	16365	743	63780	108000	63780	108000
148	63840	23336	2076	63840	108000	63840	108000
149	64740	16951	2616	64740	108000	64740	108000
-1
