People requests (id, time_call, pickup_point, delivery_point, early_pickup_time, late_pickup_time, early_delivery_time, late_delivery_time, max_travel_distance (m), maxNbStops)
2	22500	22968	8767	22500	23400	22500	108000	10526.75333577288	5
3	22620	9874	17740	22620	23520	22620	108000	48720.27534609792	5
5	23040	6687	21938	23040	23940	23040	108000	23762.017968070086	5
7	23460	6669	20954	23460	24360	23460	108000	10828.496538791265	5
8	23760	19647	15414	23760	24660	23760	108000	53557.479547937124	5
12	26220	15609	23317	26220	27120	26220	108000	5239.266987438233	5
13	26640	10395	20712	26640	27540	26640	108000	21087.543391399897	5
16	27600	19305	16989	27600	28500	27600	108000	23583.701725611765	5
17	28260	20489	18565	28260	29160	28260	108000	9219.3506806947	5
18	28440	1483	18317	28440	29340	28440	108000	43609.39499097005	5
20	28920	10508	22605	28920	29820	28920	108000	53077.397766777714	5
21	29100	15246	4022	29100	30000	29100	108000	40641.767595274876	5
22	29400	8090	11300	29400	30300	29400	108000	32067.096553060048	5
24	29580	10559	11283	29580	30480	29580	108000	55153.26761622466	5
28	30960	5669	3968	30960	31860	30960	108000	31763.67460168014	5
29	31560	22172	18263	31560	32460	31560	108000	12242.568245366692	5
30	31680	7735	23453	31680	32580	31680	108000	10714.86226192557	5
34	33000	4628	18269	33000	33900	33000	108000	10755.808257135697	5
38	34380	4049	7536	34380	35280	34380	108000	42596.070887027956	5
40	35100	16489	7853	35100	36000	35100	108000	45755.76761519555	5
42	36540	4310	3194	36540	37440	36540	108000	55275.28148079279	5
43	37200	23322	10581	37200	38100	37200	108000	45620.3263992782	5
44	37500	13068	11153	37500	38400	37500	108000	28565.887297071637	5
46	37860	15805	70	37860	38760	37860	108000	6880.734527356262	5
47	39480	18740	12822	39480	40380	39480	108000	22998.297558442577	5
48	39540	6365	5025	39540	40440	39540	108000	20427.072765148718	5
49	40260	8715	23762	40260	41160	40260	108000	7386.281606502672	5
53	41160	3739	10704	41160	42060	41160	108000	80197.85696908044	5
54	41580	4705	7021	41580	42480	41580	108000	30454.342427570333	5
56	41940	10463	16184	41940	42840	41940	108000	72388.48411038329	5
57	42240	20934	20878	42240	43140	42240	108000	34269.73981217919	5
59	42780	17978	18563	42780	43680	42780	108000	36924.154268352555	5
61	43500	17033	21440	43500	44400	43500	108000	57659.191124296995	5
62	43740	4477	16736	43740	44640	43740	108000	41773.43294708534	5
64	44220	15434	18870	44220	45120	44220	108000	38885.32790760066	5
65	44640	21757	22161	44640	45540	44640	108000	3091.9560697754323	5
67	45960	9235	19710	45960	46860	45960	108000	44874.044646711474	5
71	46800	4708	1460	46800	47700	46800	108000	9541.160959368148	5
73	47340	12768	19736	47340	48240	47340	108000	6544.126190971062	5
74	47880	8088	12330	47880	48780	47880	108000	51936.09260858284	5
76	48300	14621	14972	48300	49200	48300	108000	14424.170708988722	5
80	49440	7636	17825	49440	50340	49440	108000	66711.0966971154	5
85	51900	24052	13467	51900	52800	51900	108000	15524.340995842826	5
86	52080	11265	16529	52080	52980	52080	108000	7870.561687444726	5
87	52140	12985	1015	52140	53040	52140	108000	22196.8157959003	5
91	53100	2395	7664	53100	54000	53100	108000	48649.06649841381	5
96	55320	16040	7531	55320	56220	55320	108000	4676.096773067772	5
99	56220	13868	16762	56220	57120	56220	108000	38171.90279308136	5
101	56700	1764	2830	56700	57600	56700	108000	4572.237231494618	5
102	56760	5255	16782	56760	57660	56760	108000	31695.02764225009	5
104	56880	7294	1451	56880	57780	56880	108000	27569.782381553643	5
106	57600	273	18017	57600	58500	57600	108000	26494.02862101222	5
108	58140	7696	729	58140	59040	58140	108000	25518.53710986077	5
109	58440	3391	5147	58440	59340	58440	108000	52428.45582323508	5
110	58680	968	11020	58680	59580	58680	108000	16081.72810221814	5
112	59280	3173	2602	59280	60180	59280	108000	14390.82703064262	5
113	60060	21182	14908	60060	60960	60060	108000	19131.522299455275	5
116	60900	22991	7413	60900	61800	60900	108000	8903.415615387728	5
117	61440	4220	3879	61440	62340	61440	108000	1933.3466914723704	5
118	61500	8391	12236	61500	62400	61500	108000	18311.012511420435	5
121	61800	21128	8114	61800	62700	61800	108000	17616.826018839158	5
126	63000	4846	17358	63000	63900	63000	108000	10651.120440602437	5
127	63060	16160	10732	63060	63960	63060	108000	72460.53520392113	5
128	63240	17990	24065	63240	64140	63240	108000	29896.65973998836	5
129	63480	13111	7594	63480	64380	63480	108000	30781.49852235145	5
131	64320	4568	8098	64320	65220	64320	108000	38439.01889651168	5
-1
Parcel requests (id, time_call, pickup_point, delivery_point, early_pickup_time, late_pickup_time, early_delivery_time, late_delivery_time)
1	22500	83	3057	22500	108000	22500	108000
4	22740	8355	11943	22740	108000	22740	108000
6	23400	19805	2366	23400	108000	23400	108000
9	25440	24012	11375	25440	108000	25440	108000
10	25800	1028	5485	25800	108000	25800	108000
11	25860	1116	5527	25860	108000	25860	108000
14	27060	20318	16324	27060	108000	27060	108000
15	27120	17716	1082	27120	108000	27120	108000
19	28620	11678	18848	28620	108000	28620	108000
23	29520	4500	8347	29520	108000	29520	108000
25	29640	15030	16082	29640	108000	29640	108000
26	30240	7432	4737	30240	108000	30240	108000
27	30480	12378	4299	30480	108000	30480	108000
31	32160	14922	6293	32160	108000	32160	108000
32	32220	21837	2858	32220	108000	32220	108000
33	32340	13265	22364	32340	108000	32340	108000
35	33360	16690	19833	33360	108000	33360	108000
36	33480	16863	22642	33480	108000	33480	108000
37	33840	12110	6840	33840	108000	33840	108000
39	34560	21502	12915	34560	108000	34560	108000
41	35580	12090	4131	35580	108000	35580	108000
45	37560	12394	2562	37560	108000	37560	108000
50	40380	15021	18684	40380	108000	40380	108000
51	40740	4102	644	40740	108000	40740	108000
52	41160	22015	22411	41160	108000	41160	108000
55	41940	1014	18354	41940	108000	41940	108000
58	42600	11413	18912	42600	108000	42600	108000
60	43260	13326	427	43260	108000	43260	108000
63	43920	537	11429	43920	108000	43920	108000
66	45180	21762	11402	45180	108000	45180	108000
68	46020	4075	2064	46020	108000	46020	108000
69	46440	12099	3565	46440	108000	46440	108000
70	46680	20455	4136	46680	108000	46680	108000
72	46860	11883	468	46860	108000	46860	108000
75	48300	7554	17321	48300	108000	48300	108000
77	48840	11512	14761	48840	108000	48840	108000
78	48960	7463	7606	48960	108000	48960	108000
79	49260	18567	18526	49260	108000	49260	108000
81	50160	16206	18272	50160	108000	50160	108000
82	51780	7282	15537	51780	108000	51780	108000
83	51840	20609	22306	51840	108000	51840	108000
84	51900	8888	6876	51900	108000	51900	108000
88	52620	5899	14138	52620	108000	52620	108000
89	52800	18737	497	52800	108000	52800	108000
90	53040	12800	10662	53040	108000	53040	108000
92	53160	1112	13115	53160	108000	53160	108000
93	54480	13083	5021	54480	108000	54480	108000
94	54600	23578	8747	54600	108000	54600	108000
95	54660	12184	12422	54660	108000	54660	108000
97	55380	11975	15175	55380	108000	55380	108000
98	55440	6388	5114	55440	108000	55440	108000
100	56640	12164	23826	56640	108000	56640	108000
103	56820	4863	18965	56820	108000	56820	108000
105	57540	20043	2673	57540	108000	57540	108000
107	57840	18757	2216	57840	108000	57840	108000
111	59160	21076	21951	59160	108000	59160	108000
114	60840	14454	3816	60840	108000	60840	108000
115	60900	5346	3139	60900	108000	60900	108000
119	61560	15553	2662	61560	108000	61560	108000
120	61680	18116	6784	61680	108000	61680	108000
122	62400	15298	15907	62400	108000	62400	108000
123	62700	6566	11018	62700	108000	62700	108000
124	62820	7392	400	62820	108000	62820	108000
125	63000	5881	16746	63000	108000	63000	108000
130	63600	17338	2612	63600	108000	63600	108000
132	64620	6001	8679	64620	108000	64620	108000
-1
