People requests (id, time_call, pickup_point, delivery_point, early_pickup_time, late_pickup_time, early_delivery_time, late_delivery_time, max_travel_distance (m), maxNbStops)
3	22260	8109	19412	22260	23160	22260	108000	33256.54410286896	5
7	22800	16969	17586	22800	23700	22800	108000	24045.90289782568	5
8	23700	22819	8153	23700	24600	23700	108000	33821.66666356873	5
11	24180	14745	17998	24180	25080	24180	108000	31720.85771700096	5
12	25140	7765	6163	25140	26040	25140	108000	19043.5860380544	5
13	25740	12358	18921	25740	26640	25740	108000	10778.203279289415	5
14	25800	22194	20927	25800	26700	25800	108000	30530.073446104885	5
17	26820	11025	4473	26820	27720	26820	108000	24054.088490679853	5
18	27000	5588	17081	27000	27900	27000	108000	23748.997954783794	5
22	27720	10026	23864	27720	28620	27720	108000	46789.067398735955	5
24	28200	1892	10023	28200	29100	28200	108000	35542.30520225556	5
26	28380	17747	20152	28380	29280	28380	108000	53924.58161803238	5
27	28620	404	3738	28620	29520	28620	108000	45858.81873862975	5
29	29160	13024	7956	29160	30060	29160	108000	32134.165089252034	5
31	29460	21485	23833	29460	30360	29460	108000	51937.27009877673	5
36	30900	15261	6835	30900	31800	30900	108000	14199.415675072987	5
37	30960	21453	23354	30960	31860	30960	108000	58384.25636982471	5
38	31140	19293	6836	31140	32040	31140	108000	13820.693696337543	5
39	31740	2546	11240	31740	32640	31740	108000	17170.120885671902	5
40	31980	4456	19340	31980	32880	31980	108000	36438.52950547176	5
44	33540	3051	4808	33540	34440	33540	108000	62555.239441756414	5
45	33660	14617	22795	33660	34560	33660	108000	15014.60741882808	5
46	34140	20307	22972	34140	35040	34140	108000	17574.53510635001	5
47	34260	8634	5314	34260	35160	34260	108000	86665.5788353368	5
48	34500	593	1557	34500	35400	34500	108000	4027.7954944625967	5
49	34560	15998	21280	34560	35460	34560	108000	58172.91835451081	5
51	34920	18986	20013	34920	35820	34920	108000	4283.535213724697	5
53	35820	16894	15800	35820	36720	35820	108000	26042.46264609201	5
54	36600	1073	2898	36600	37500	36600	108000	20819.816119775896	5
55	37260	7444	5618	37260	38160	37260	108000	48947.16304645318	5
59	38160	6134	5481	38160	39060	38160	108000	27619.5976211579	5
61	38580	12020	17980	38580	39480	38580	108000	37606.817033275176	5
64	39060	7668	10773	39060	39960	39060	108000	48465.54758304526	5
66	41040	22940	15493	41040	41940	41040	108000	43437.25596449246	5
68	42120	1431	18563	42120	43020	42120	108000	19763.86908217838	5
75	44220	23033	10547	44220	45120	44220	108000	55457.171877250636	5
76	44520	11198	7821	44520	45420	44520	108000	11361.326694506162	5
79	44940	19768	7745	44940	45840	44940	108000	48001.3282573704	5
80	45000	2919	18782	45000	45900	45000	108000	52290.67031720693	5
82	45360	17391	20749	45360	46260	45360	108000	4867.814338931317	5
83	45420	1650	18316	45420	46320	45420	108000	17306.57518660013	5
85	45660	2256	8010	45660	46560	45660	108000	56697.60772610692	5
92	47700	17154	1893	47700	48600	47700	108000	23113.3503060946	5
93	47820	23965	22256	47820	48720	47820	108000	51956.78636118841	5
96	48660	21857	19427	48660	49560	48660	108000	8310.53752135664	5
97	48780	20792	2200	48780	49680	48780	108000	14098.805699624812	5
99	49380	18312	3689	49380	50280	49380	108000	2190.0008872002886	5
101	50040	8907	7134	50040	50940	50040	108000	12210.117815660638	5
102	50340	18829	607	50340	51240	50340	108000	17233.658068393925	5
106	51120	5886	12991	51120	52020	51120	108000	39174.63147737989	5
109	52260	4873	23980	52260	53160	52260	108000	14294.105002671375	5
111	53160	1157	4820	53160	54060	53160	108000	34042.78445854745	5
113	53520	22630	5301	53520	54420	53520	108000	2244.4723543454465	5
117	54060	10928	22151	54060	54960	54060	108000	60729.617086958635	5
118	54120	5011	5351	54120	55020	54120	108000	12340.906488473125	5
120	54420	22635	8036	54420	55320	54420	108000	27463.479604823457	5
121	54600	22847	23605	54600	55500	54600	108000	14838.099299127187	5
122	54660	18781	17755	54660	55560	54660	108000	24820.7876478036	5
123	54900	11976	17661	54900	55800	54900	108000	39096.5929021724	5
126	55800	18965	12859	55800	56700	55800	108000	15251.512295288774	5
127	56460	7893	20527	56460	57360	56460	108000	36848.907993163324	5
128	56820	18945	17349	56820	57720	56820	108000	45669.92957760997	5
129	57000	22409	2598	57000	57900	57000	108000	31381.328384408927	5
132	57480	23466	18419	57480	58380	57480	108000	39533.042953369535	5
135	58080	5194	13868	58080	58980	58080	108000	15971.233255531537	5
136	58140	22573	21095	58140	59040	58140	108000	6438.3126868452055	5
137	58260	15656	17413	58260	59160	58260	108000	23785.707737502464	5
138	58680	23944	7462	58680	59580	58680	108000	17608.257680368162	5
140	58860	11200	23289	58860	59760	58860	108000	13994.754783091119	5
144	59520	17988	6125	59520	60420	59520	108000	10483.768070747385	5
145	59880	10830	2840	59880	60780	59880	108000	32766.237015554212	5
146	60120	4	14052	60120	61020	60120	108000	9796.726735495937	5
148	60360	14359	10603	60360	61260	60360	108000	24355.862220657906	5
149	60660	17795	3455	60660	61560	60660	108000	73169.45389110202	5
154	62340	4726	19355	62340	63240	62340	108000	43711.43558624206	5
155	62700	6875	14820	62700	63600	62700	108000	17174.98969004556	5
156	62760	15912	2355	62760	63660	62760	108000	6273.896773727247	5
157	63480	22803	22514	63480	64380	63480	108000	9232.390022942045	5
158	64380	7958	8794	64380	65280	64380	108000	12069.414657139127	5
159	64440	1590	11732	64440	65340	64440	108000	27191.146394791198	5
160	64620	19554	571	64620	65520	64620	108000	44607.27248589669	5
-1
Parcel requests (id, time_call, pickup_point, delivery_point, early_pickup_time, late_pickup_time, early_delivery_time, late_delivery_time)
1	21840	7834	23359	21840	108000	21840	108000
2	21960	1880	16954	21960	108000	21960	108000
4	22500	22275	11808	22500	108000	22500	108000
5	22620	7799	11696	22620	108000	22620	108000
6	22740	22749	3505	22740	108000	22740	108000
9	23940	4393	20003	23940	108000	23940	108000
10	24060	1751	22892	24060	108000	24060	108000
15	25860	8722	11134	25860	108000	25860	108000
16	25980	4271	3777	25980	108000	25980	108000
19	27060	6863	23481	27060	108000	27060	108000
20	27480	6123	22900	27480	108000	27480	108000
21	27660	4366	1184	27660	108000	27660	108000
23	28200	2974	16275	28200	108000	28200	108000
25	28320	18189	3858	28320	108000	28320	108000
28	28800	1089	6238	28800	108000	28800	108000
30	29280	3183	893	29280	108000	29280	108000
32	30240	19581	13081	30240	108000	30240	108000
33	30720	766	10117	30720	108000	30720	108000
34	30780	7703	11990	30780	108000	30780	108000
35	30900	24043	8282	30900	108000	30900	108000
41	32160	23317	19586	32160	108000	32160	108000
42	32340	4428	10060	32340	108000	32340	108000
43	33240	1137	14527	33240	108000	33240	108000
50	34740	20116	19433	34740	108000	34740	108000
52	35100	3081	19056	35100	108000	35100	108000
56	37500	5102	20292	37500	108000	37500	108000
57	37800	8981	10413	37800	108000	37800	108000
58	37980	4031	16423	37980	108000	37980	108000
60	38340	17501	17938	38340	108000	38340	108000
62	39000	21611	4268	39000	108000	39000	108000
63	39060	1150	13302	39060	108000	39060	108000
65	39540	3100	17065	39540	108000	39540	108000
67	42000	14834	6050	42000	108000	42000	108000
69	42600	1636	4120	42600	108000	42600	108000
70	42660	5768	10039	42660	108000	42660	108000
71	42840	22455	17845	42840	108000	42840	108000
72	42960	23660	5122	42960	108000	42960	108000
73	43200	14969	7513	43200	108000	43200	108000
74	43800	10853	4368	43800	108000	43800	108000
77	44580	899	14085	44580	108000	44580	108000
78	44940	18281	12404	44940	108000	44940	108000
81	45360	19396	1109	45360	108000	45360	108000
84	45480	7009	18779	45480	108000	45480	108000
86	46080	21022	19005	46080	108000	46080	108000
87	46260	7124	23043	46260	108000	46260	108000
88	46620	16889	3728	46620	108000	46620	108000
89	46740	16236	5164	46740	108000	46740	108000
90	46800	17008	22831	46800	108000	46800	108000
91	46980	10548	624	46980	108000	46980	108000
94	48480	3618	8646	48480	108000	48480	108000
95	48660	19603	4961	48660	108000	48660	108000
98	49020	22372	6382	49020	108000	49020	108000
100	50040	22261	20042	50040	108000	50040	108000
103	50640	17436	22678	50640	108000	50640	108000
104	50760	5179	14401	50760	108000	50760	108000
105	51060	23128	12325	51060	108000	51060	108000
107	52020	460	20407	52020	108000	52020	108000
108	52080	14051	4434	52080	108000	52080	108000
110	53040	18217	2992	53040	108000	53040	108000
112	53460	19838	18517	53460	108000	53460	108000
114	53580	8691	12927	53580	108000	53580	108000
115	53940	9974	8182	53940	108000	53940	108000
116	54060	6317	23268	54060	108000	54060	108000
119	54420	10113	16115	54420	108000	54420	108000
124	55440	2381	8315	55440	108000	55440	108000
125	55620	22918	20366	55620	108000	55620	108000
130	57120	8770	6527	57120	108000	57120	108000
131	57180	11386	17334	57180	108000	57180	108000
133	57900	18212	7505	57900	108000	57900	108000
134	57960	10934	16876	57960	108000	57960	108000
139	58740	17680	3642	58740	108000	58740	108000
141	58920	6226	23360	58920	108000	58920	108000
142	59040	20339	20285	59040	108000	59040	108000
143	59100	15224	7232	59100	108000	59100	108000
147	60240	18403	7969	60240	108000	60240	108000
150	60960	7325	11396	60960	108000	60960	108000
151	61560	22031	729	61560	108000	61560	108000
152	61680	3314	11823	61680	108000	61680	108000
153	62160	4534	3636	62160	108000	62160	108000
161	64740	22266	1534	64740	108000	64740	108000
-1
