Depots
68227 44680 71325 43110 60382 59850 70879 60200 60066 60358 60359 69877 74055 58687 56764 69119 59861 59211 70339 73635 68419 71385 60066 58687 70160 69519 68531 44903 45174 45410 60192 62163 71636 71116 60503 69483 71547 57845 69868 29556 57943 61609 69879 60383 59965 59481 60382 45105 60601 58852 45237 45405 61600 60276 31260 59914 60278 71423 43787 59722 58201 60399 62106 59912 58885 58006 69868 80959 69868 68227 45405 45405 60184 58494 60127 58069 62075 60276 45410 82763 69738 60404 59336 69177 44795 57994 59872 71568 60065 70393 44206 58276 62040 71451 45376 71739 60362 73823 70884 62385 69588 71286 58518 70204 60326 60359 59037 71902 58848 58006 69122 73743 60264 60362 57932 60338 60461 70207 59338 44735 57848 57943 71456 40783 44783 60276 70603 60369 56764 73749 44761 58619 73341 45489 70389 62199 62199 58988 60355 62199 59850 74061 61454 58687 60388 57739 45405 73743 73341 60066 69206 59549 69206 59898 45372 45372 62070 58848 45174 58848 45409 42452 45202 60547 60359 59700 60608 73720 58401 60380 45221 69730 71452 59940 71761 59873 44786 58380 44786 62040 72414 60314 73391 61557 60544 60213 71623 68410 59033 73119 43787 70576 59913 60377 40783 71053 58078 58401 58370 70388 60065 58883 59033 59914 59033 60379 73695 60380 57965 57965 57965 70897 59913 60395 62589 73966 59484 44834 57848 71541 60362 60362 70890 58001 71298 58001 43478 58306 60362 56764 45464 59883 45174 61430 59883 58096 71952 58077 57847 60388 73137 57884 58733 83072 73270 58072 71762 45151 44744 69188 61551 71888 70397 60114 58596 58251 60185 73294 69928 70390 62375 73241 -1
Parkings
68227 10
44680 10
60382 10
59850 10
70879 10
60200 10
58687 10
56764 10
69119 10
71385 10
68531 10
44903 10
71116 10
71547 10
69879 10
59914 10
60278 10
68227 10
60184 10
59336 10
59872 10
70393 10
69588 10
60326 10
58848 10
69122 10
60338 10
57943 10
44783 10
45489 10
62199 10
62199 10
60355 10
62199 10
59850 10
58848 10
58848 10
45409 10
45202 10
73720 10
60380 10
69730 10
73391 10
59033 10
73695 10
70897 10
60395 10
44834 10
70890 10
71952 10
58077 10
60388 10
73137 10
83072 10
71762 10
45151 10
44744 10
71888 10
58251 10
69928 10
62375 10
-1