people requests
1   42241   45449   45446   43141   43441   44024   44324   1401.1592841537188   9
2   42241   25304   38010   43141   43441   44829   45129   20047.982613394684   36
3   42241   45707   48253   43141   43441   43969   44269   403.5242675603412   16
4   42241   47575   45645   43141   43441   44042   44342   1727.6971035480876   10
5   42241   35064   36660   43141   43441   43655   43955   3111.58491097542   12
6   42242   36592   48480   43142   43442   44450   44750   9767.025124924854   14
7   42242   47137   48128   43142   43442   43247   43547   2092.476730358915   2
8   42242   61921   46616   43142   43442   44119   44419   7009.837310565714   25
9   42242   65443   63994   43142   43442   44121   44421   5646.410112258441   20
10   42242   46979   46983   43142   43442   44382   44682   1535.708614782797   19
11   42242   47556   46678   43142   43442   44761   45061   3257.8757610825664   47
12   42242   35847   34476   43142   43442   44109   44409   9626.476573661916   20
13   42243   35836   47885   43143   43443   44796   45096   8193.680118209571   30
14   42243   45059   45552   43143   43443   44889   45189   4385.96740120785   22
15   42243   47735   45356   43143   43443   44875   45175   8011.103443929683   25
16   42244   35380   47772   43144   43444   43375   43675   3001.671754496379   6
17   42244   44405   44948   43144   43444   44878   45178   3805.351310786377   21
18   42244   47158   48918   43144   43444   44932   45232   6533.686816459987   24
19   42244   22504   33232   43144   43444   44808   45108   10121.09904210604   49
20   42244   47006   47721   43144   43444   44913   45213   2680.58837590051   22
21   42245   62094   62092   43145   43445   44895   45195   7977.611577801362   25
22   42246   62096   62390   43146   43446   43502   43802   4471.015541778265   11
23   42246   49920   51468   43146   43446   43926   44226   3536.949494609147   11
24   42246   51692   49669   43146   43446   44889   45189   2567.529194857785   25
25   42246   50175   38507   43146   43446   44928   45228   3306.739296609863   21
26   42246   49160   49844   43146   43446   43266   43566   593.1780957822095   2
27   42247   47377   48780   43147   43447   44934   45234   1750.8614363159365   20
28   42248   45133   45078   43148   43448   43460   43760   1292.9583120684724   4
29   42248   36702   36246   43148   43448   44930   45230   7665.95069274675   28
30   42248   49646   50132   43148   43448   43929   44229   8398.669992016406   23
31   42249   50056   50974   43149   43449   44912   45212   3635.0100821160777   21
32   42249   50500   45965   43149   43449   44888   45188   23788.670595097123   17
33   42249   35500   22495   43149   43449   43822   44122   23968.376777725745   20
34   42249   46832   47107   43149   43449   43601   43901   6199.53060069829   11
35   42249   47773   45362   43149   43449   44922   45222   7281.651365145342   33
36   42249   35681   35650   43149   43449   44481   44781   7466.938551529978   23
37   42249   49845   51495   43149   43449   43281   43581   1905.723493564923   10
38   42249   50058   50055   43149   43449   44894   45194   2309.9154040330877   22
39   42249   64002   49719   43149   43449   44933   45233   11480.762874464035   29
40   42249   46224   36839   43149   43449   44921   45221   17472.36411313435   27
41   42249   38361   50078   43149   43449   44084   44384   7270.703129557719   12
42   42249   34928   35277   43149   43449   44828   45128   5739.189591537674   28
43   42250   46055   46982   43150   43450   44940   45240   4709.768914648486   30
44   42250   35122   48506   43150   43450   44890   45190   8109.356232440209   18
45   42251   51376   35835   43151   43451   44917   45217   15204.397363959912   21
46   42251   47139   51718   43151   43451   44846   45146   16316.997910117718   27
47   42251   51296   38388   43151   43451   44694   44994   4060.865270736842   18
48   42251   46969   45072   43151   43451   44935   45235   9329.026357614297   34
49   42251   36797   35342   43151   43451   44896   45196   2402.6413352217664   24
50   42251   47748   47755   43151   43451   44839   45139   2081.6378706632822   16
51   42251   50861   37729   43151   43451   44900   45200   3560.567975881932   25
52   42251   61660   60639   43151   43451   44937   45237   4017.6290931742324   51
53   42251   61907   61580   43151   43451   44333   44633   5539.950602747788   28
54   42251   47131   48661   43151   43451   44900   45200   4366.11894312992   20
55   42252   34901   33276   43152   43452   44235   44535   3371.9855649584124   24
56   42252   34967   35224   43152   43452   44064   44364   11480.710287387026   19
57   42252   51045   49792   43152   43452   44897   45197   12816.451516018093   31
58   42253   35793   33959   43153   43453   44921   45221   8873.523874494149   31
59   42253   35730   36747   43153   43453   44683   44983   3921.7179497359666   16
60   42254   48041   46753   43154   43454   44077   44377   6933.361418922833   20
61   42254   48661   51659   43154   43454   44912   45212   15060.510215038903   19
62   42254   36252   34753   43154   43454   44929   45229   13144.377957184575   39
63   42254   46446   49858   43154   43454   44331   44631   863.6281338649528   16
64   42254   46715   48613   43154   43454   44862   45162   12761.008709065823   32
65   42254   46954   46991   43154   43454   44881   45181   8751.44237483753   25
66   42254   35689   35127   43154   43454   44924   45224   5501.947338272387   23
67   42255   49340   50096   43155   43455   44650   44950   11722.562924747059   21
68   42255   23909   37857   43155   43455   44892   45192   6124.177523015277   37
69   42255   35352   36330   43155   43455   44811   45111   4315.604199137496   20
70   42255   35231   34963   43155   43455   44878   45178   8537.164248246765   24
71   42256   48694   48120   43156   43456   44840   45140   8122.338143025458   33
72   42256   47245   46863   43156   43456   44864   45164   2034.5437301745173   19
73   42256   62600   62373   43156   43456   44886   45186   2843.3894343688034   26
74   42257   49373   50772   43157   43457   44870   45170   9793.55482224918   22
75   42257   35263   35276   43157   43457   43193   43493   992.2309710582889   2
76   42257   44435   44859   43157   43457   43511   43811   3504.087471117496   6
77   42257   49347   51000   43157   43457   44930   45230   6487.093746254433   26
78   42257   62384   62073   43157   43457   44411   44711   2373.6902265314047   27
79   42257   50119   49714   43157   43457   44919   45219   2820.6381620721836   28
80   42258   51654   51730   43158   43458   44913   45213   2434.207647108447   20
81   42259   35130   36696   43159   43459   44239   44539   184.70150794535022   10
82   42259   47292   46260   43159   43459   44305   44605   1144.4998085913853   13
83   42259   47004   45078   43159   43459   44889   45189   6246.449746716603   20
84   42260   46271   47634   43160   43460   44921   45221   6593.237266696611   40
85   42260   47483   48109   43160   43460   44928   45228   3753.8578275049435   20
86   42261   34822   47022   43161   43461   44857   45157   6969.084872774524   38
87   42261   48745   48654   43161   43461   44895   45195   4334.958338258152   25
88   42261   46972   47676   43161   43461   44873   45173   3191.9516676225107   21
89   42261   45006   34596   43161   43461   44867   45167   20161.158586346224   20
90   42262   45455   45162   43162   43462   44930   45230   513.7976482379657   21
91   42262   48032   36186   43162   43462   44253   44553   4742.2040947446385   14
92   42262   48578   45381   43162   43462   44144   44444   239.18118420484373   10
93   42262   35857   36246   43162   43462   43203   43503   849.8324182130375   2
94   42262   46979   48567   43162   43462   43498   43798   1988.7323794428069   5
95   42263   23999   24285   43163   43463   44822   45122   2355.583563708452   19
96   42263   50073   49850   43163   43463   43668   43968   5083.12469515171   12
97   42263   45777   47823   43163   43463   44623   44923   3631.003314984344   17
98   42263   34953   47772   43163   43463   44915   45215   18091.41829014843   35
99   42263   37717   50865   43163   43463   44925   45225   3705.9056987193244   24
100   42263   47862   46690   43163   43463   43851   44151   5393.818738192144   11
101   42263   50683   51770   43163   43463   44851   45151   3746.6257828457383   35
102   42263   45851   33734   43163   43463   44908   45208   19767.126789864746   58
103   42263   47163   48663   43163   43463   44335   44635   9489.950283083395   18
104   42264   38358   24968   43164   43464   44353   44653   4831.30014010911   18
105   42264   64362   62755   43164   43464   44126   44426   12811.951083574128   19
106   42264   48701   48536   43164   43464   44838   45138   9512.151099860188   23
107   42265   34971   36592   43165   43465   44919   45219   4524.458681369636   25
108   42265   47641   48258   43165   43465   44913   45213   6933.893262680708   38
109   42265   35257   35687   43165   43465   43558   43858   1135.2957649499567   5
110   42265   45004   44938   43165   43465   44679   44979   7795.95647899296   15
111   42266   36232   23937   43166   43466   44906   45206   11458.782447483632   36
112   42266   47024   46400   43166   43466   44934   45234   9163.37936228159   24
113   42267   46983   48768   43167   43467   44847   45147   1947.6409312189178   17
114   42267   47891   36201   43167   43467   44850   45150   1799.475967483712   26
115   42267   64197   63768   43167   43467   43804   44104   3927.299273499407   10
116   42267   50807   50104   43167   43467   43901   44201   3536.0415929128553   16
117   42267   46785   34963   43167   43467   44413   44713   4785.924749358908   13
118   42268   46283   48092   43168   43468   44837   45137   6565.369062498909   25
119   42268   47055   48051   43168   43468   43470   43770   4217.926528925335   6
120   42269   51481   50663   43169   43469   43980   44280   1769.6766571808557   21
121   42269   36386   45004   43169   43469   44921   45221   22341.326728961518   25
122   42270   44763   44936   43170   43470   44864   45164   5081.5412574291395   22
123   42270   43962   45036   43170   43470   44497   44797   2647.377428672452   18
124   42270   44162   45384   43170   43470   44878   45178   17032.66417081436   25
125   42270   51529   49088   43170   43470   44937   45237   8104.905325320316   49
126   42270   49977   50069   43170   43470   44939   45239   10167.95378445297   19
127   42270   52630   52980   43170   43470   44816   45116   4140.31112346261   45
128   42271   46975   46900   43171   43471   44858   45158   10960.170456476886   22
129   42271   63881   64197   43171   43471   44883   45183   12957.059677484584   31
130   42271   64528   51311   43171   43471   44911   45211   7364.175108920036   34
131   42271   34309   33091   43171   43471   44216   44516   14059.760494527845   17
132   42271   47011   36902   43171   43471   44914   45214   6297.699626688869   30
133   42272   48601   46984   43172   43472   43699   43999   1475.4377951385125   10
134   42272   24310   24285   43172   43472   44153   44453   6174.334271578478   15
135   42272   25488   37656   43172   43472   44402   44702   22105.68808744411   31
136   42272   46764   36098   43172   43472   44919   45219   23567.97937064944   39
137   42273   36750   48492   43173   43473   44773   45073   2305.763380996664   16
138   42273   47826   45084   43173   43473   43406   43706   3675.7212522355435   6
139   42273   36765   35725   43173   43473   44918   45218   2586.628382718274   17
140   42273   50335   38028   43173   43473   44933   45233   6693.967655330937   27
141   42273   64527   64264   43173   43473   43628   43928   1238.208419839204   11
142   42274   48222   46755   43174   43474   44864   45164   6525.232621760074   20
143   42274   45585   45525   43174   43474   44931   45231   602.3733130471453   20
144   42274   48110   48197   43174   43474   44262   44562   615.4209160457713   10
145   42274   48584   48583   43174   43474   44855   45155   144.53918701546363   21
146   42275   49910   47121   43175   43475   44677   44977   8608.582112229298   23
147   42276   48253   47753   43176   43476   44743   45043   1898.4183049690762   24
148   42276   44499   45556   43176   43476   44330   44630   5284.176176444591   14
149   42276   46924   50888   43176   43476   43274   43574   1963.1768206051552   2
150   42276   33168   31329   43176   43476   44364   44664   11661.821905356082   40
151   42276   47556   46956   43176   43476   44932   45232   2957.1598003810004   39
152   42277   48663   47408   43177   43477   44915   45215   7655.738353605304   24
153   42277   48751   46702   43177   43477   44886   45186   3002.5070302075646   29
154   42277   46694   47936   43177   43477   44908   45208   18736.972120238595   41
155   42277   24394   35418   43177   43477   43912   44212   9199.457847895204   31
156   42277   49922   51526   43177   43477   44455   44755   7372.527065400682   24
157   42277   46799   33936   43177   43477   44829   45129   10926.986543120865   23
158   42277   64191   64151   43177   43477   43513   43813   696.9893237741964   9
159   42279   49824   47343   43179   43479   44858   45158   4705.780362216978   18
160   42279   46892   48359   43179   43479   44272   44572   10437.764714691306   14
161   42280   46490   47121   43180   43480   43684   43984   4795.112960560403   8
162   42280   35262   35690   43180   43480   44866   45166   7545.515718569235   21
163   42280   47866   46693   43180   43480   43508   43808   1252.3505409819395   5
164   42281   44953   44402   43181   43481   44891   45191   115.32300434171188   18
165   42281   51591   38085   43181   43481   44828   45128   7571.560476423373   42
166   42281   35252   37698   43181   43481   43688   43988   5173.092731102789   7
167   42281   47180   61179   43181   43481   44240   44540   7169.624671722422   13
168   42281   50865   36865   43181   43481   44894   45194   15473.613661676329   24
169   42282   50046   51312   43182   43482   44464   44764   6241.782846720059   35
170   42283   46060   62495   43183   43483   44938   45238   6785.3349870487   20
171   42283   63993   65920   43183   43483   44932   45232   2449.895078700576   27
172   42283   50741   51138   43183   43483   44844   45144   7306.342038709159   18
173   42284   45361   46676   43184   43484   43909   44209   8053.567398247824   13
174   42284   51034   38135   43184   43484   44093   44393   9714.542943927901   13
175   42285   46989   35377   43185   43485   44900   45200   13350.811745949131   41
176   42285   46837   47050   43185   43485   44392   44692   12067.50790368878   27
177   42286   47031   47013   43186   43486   44925   45225   4685.168673630676   42
178   42286   36462   47900   43186   43486   44155   44455   5468.833942087311   13
179   42286   48505   35116   43186   43486   44895   45195   8563.02009340226   22
180   42287   49671   49768   43187   43487   43272   43572   2384.9431071323665   4
181   42287   46979   46977   43187   43487   44088   44388   1285.775021727481   19
182   42287   50659   51683   43187   43487   44905   45205   6507.238245495402   28
183   42287   47006   45500   43187   43487   44941   45241   4507.997282270876   42
184   42287   47735   48386   43187   43487   44940   45240   10395.156313565418   30
185   42288   47637   47657   43188   43488   44473   44773   6668.035566969161   24
186   42288   48656   46674   43188   43488   44845   45145   2953.942941182248   17
187   42288   49834   49843   43188   43488   44934   45234   593.5618163446404   18
188   42289   47089   47046   43189   43489   44869   45169   5615.845232469337   22
189   42289   63705   63698   43189   43489   44859   45159   7110.561100646425   42
190   42289   47870   48373   43189   43489   43792   44092   5576.244714893044   8
191   42290   48256   36200   43190   43490   44900   45200   5628.371314791565   24
192   42290   36022   36825   43190   43490   44052   44352   6124.068576884831   10
193   42290   48273   48263   43190   43490   43217   43517   935.7165902234603   2
194   42291   35340   34892   43191   43491   44829   45129   5447.025869843334   26
195   42291   37906   37677   43191   43491   44862   45162   12887.068366170986   33
196   42291   65541   49719   43191   43491   44916   45216   16993.14191611574   29
197   42291   47021   35815   43191   43491   44935   45235   6216.526011793253   25
198   42291   50053   48113   43191   43491   44863   45163   18403.398428415225   18
199   42292   34835   44401   43192   43492   44901   45201   13785.829689381695   21
200   42293   35221   34499   43193   43493   44833   45133   6317.387594879593   23
201   42293   34571   34205   43193   43493   44932   45232   9399.915334474566   18
202   42293   46556   46590   43193   43493   44097   44397   2355.1264371571106   14
203   42293   45583   45160   43193   43493   44914   45214   7257.049868636328   23
204   42293   48238   47450   43193   43493   44839   45139   4715.348093086271   23
205   42294   61405   61543   43194   43494   44663   44963   4932.996681799233   32
206   42294   35265   45356   43194   43494   44908   45208   23104.116922076697   36
207   42296   35130   34368   43196   43496   44875   45175   8647.474382419607   19
208   42296   37648   37873   43196   43496   44819   45119   9005.120258275032   30
209   42296   38283   35570   43196   43496   44757   45057   11362.584132245376   35
210   42296   47006   38189   43196   43496   44940   45240   33752.639105183574   30
211   42297   36699   36415   43197   43497   44802   45102   8393.804705190223   15
212   42298   36548   35585   43198   43498   43781   44081   4112.26726051808   7
213   42298   50102   50131   43198   43498   43833   44133   4740.156447018069   11
214   42298   47502   45471   43198   43498   44929   45229   8780.3105808428   25
215   42298   46385   46799   43198   43498   44382   44682   6093.039752673854   15
216   42299   46886   47056   43199   43499   44872   45172   2637.8156883679353   20
217   42301   49715   51019   43201   43501   44904   45204   4600.738583270257   32
218   42301   36798   47037   43201   43501   44824   45124   4827.854237343943   19
219   42301   50175   37995   43201   43501   44434   44734   6055.925557477616   20
220   42301   46293   47568   43201   43501   44464   44764   7053.082407607602   40
221   42302   46694   45966   43202   43502   43646   43946   7989.4381497632685   10
222   42302   36228   34904   43202   43502   43330   43630   1553.6988248954005   4
223   42303   47046   47053   43203   43503   44429   44729   670.8877471952127   12
224   42304   25468   25319   43204   43504   44468   44768   1484.657383832801   13
225   42304   50168   50163   43204   43504   43684   43984   311.22290818958595   5
226   42304   59967   62589   43204   43504   43706   44006   2950.2262741995046   7
227   42305   46890   46962   43205   43505   44898   45198   10728.253866583973   36
228   42305   37648   47901   43205   43505   44938   45238   12984.386186668573   20
229   42305   33750   44762   43205   43505   44905   45205   11135.221847112942   23
230   42306   45023   45071   43206   43506   44839   45139   4891.892291602236   29
231   42307   50663   64178   43207   43507   44912   45212   8447.71953408084   26
232   42307   24918   35636   43207   43507   44496   44796   7424.745003305426   35
233   42308   44848   59972   43208   43508   44635   44935   14574.459374849088   14
234   42308   45023   44090   43208   43508   44782   45082   3728.2048292950776   21
235   42309   45188   45597   43209   43509   44031   44331   4253.196252368267   10
236   42309   24702   36419   43209   43509   44860   45160   4569.8722380616855   35
237   42309   45713   46791   43209   43509   44441   44741   4016.858019845   36
238   42309   49890   51536   43209   43509   44836   45136   10834.640164811744   20
239   42310   45367   47659   43210   43510   44580   44880   9482.246762788825   20
240   42311   37839   35010   43211   43511   44901   45201   5910.206011343185   24
241   42311   49886   51341   43211   43511   44908   45208   16321.616757487363   21
242   42311   35757   36652   43211   43511   44445   44745   6143.9347432019385   14
243   42311   45553   45052   43211   43511   43933   44233   2897.2030324910384   10
244   42312   45062   44904   43212   43512   44887   45187   4100.342710649648   21
245   42312   50200   49627   43212   43512   44895   45195   3297.532866706355   15
246   42312   50051   51530   43212   43512   44894   45194   2500.2633803128538   21
247   42312   50200   50376   43212   43512   44923   45223   4483.601145199731   16
248   42313   47043   48252   43213   43513   44137   44437   4432.757644619766   13
249   42314   47187   36892   43214   43514   44469   44769   7039.4680504583275   17
250   42314   50343   38366   43214   43514   43499   43799   4033.8424357680287   6
251   42314   48217   36810   43214   43514   44933   45233   8474.985499703005   21
252   42314   47112   47346   43214   43514   44925   45225   7791.244648116501   26
253   42314   50054   49992   43214   43514   43639   43939   3740.5358961027723   12
254   42315   35570   35555   43215   43515   44510   44810   4657.713467156914   16
255   42316   35146   36725   43216   43516   44903   45203   5588.228781437007   22
256   42316   64622   61818   43216   43516   44162   44462   13318.927583193448   26
257   42316   44953   47575   43216   43516   44917   45217   7157.480808100424   20
258   42316   46763   47153   43216   43516   44885   45185   3045.804229679586   18
259   42316   45019   44809   43216   43516   44935   45235   6932.15330175256   25
260   42316   62057   62584   43216   43516   44844   45144   7296.025932516143   27
261   42317   48611   46677   43217   43517   43482   43782   1351.574803005764   6
262   42317   35895   36045   43217   43517   44196   44496   2131.8638951635235   12
263   42317   48393   47412   43217   43517   44470   44770   2805.437840402035   15
264   42317   47162   45845   43217   43517   44913   45213   7202.665410644763   20
265   42319   36254   35848   43219   43519   44895   45195   5269.911849731064   31
266   42319   47851   47053   43219   43519   44924   45224   8634.144386153737   33
267   42320   51542   37993   43220   43520   44910   45210   7263.811614789496   43
268   42320   46995   36660   43220   43520   44921   45221   9154.414669246065   22
269   42320   60158   59566   43220   43520   44850   45150   4491.42877255466   22
270   42320   36702   36855   43220   43520   44873   45173   252.52016307001387   19
271   42320   44701   44941   43220   43520   44844   45144   4474.455279542118   19
272   42320   44802   46965   43220   43520   43848   44148   8518.350790527493   17
273   42320   64012   64014   43220   43520   44905   45205   3270.51135366604   45
274   42321   35093   35219   43221   43521   44250   44550   10541.553438536737   12
275   42321   35701   34884   43221   43521   44866   45166   3400.105723687389   20
276   42322   50764   49258   43222   43522   44904   45204   3410.177181784266   24
277   42323   51692   47121   43223   43523   44920   45220   6951.12562145827   29
278   42323   45381   44802   43223   43523   44914   45214   1231.0884551092324   23
279   42323   46960   47630   43223   43523   44916   45216   11096.103856734855   27
280   42324   48160   48608   43224   43524   44882   45182   4601.831230159217   19
281   42325   34043   45019   43225   43525   44913   45213   12458.083378058891   21
282   42325   44916   45188   43225   43525   44317   44617   5195.863476459263   16
283   42325   45257   44154   43225   43525   44856   45156   2987.7665839540614   18
284   42325   47340   47331   43225   43525   44885   45185   4554.19863215971   20
285   42326   47363   47371   43226   43526   44940   45240   1717.6183782050375   17
286   42326   46678   48611   43226   43526   43594   43894   346.22671071689894   6
287   42326   46213   46766   43226   43526   44887   45187   5200.20951694507   28
288   42328   64025   64014   43228   43528   44825   45125   6211.611042375546   42
289   42328   36800   49815   43228   43528   44883   45183   12615.731628023408   22
290   42328   47381   47948   43228   43528   43593   43893   3488.4638176069857   5
291   42328   49686   50322   43228   43528   44876   45176   3453.3963470679632   19
292   42328   47100   47676   43228   43528   44847   45147   6578.143762799297   28
293   42329   51381   48442   43229   43529   44723   45023   8342.313612139918   17
294   42329   47712   45049   43229   43529   44915   45215   16217.161771560324   18
295   42329   50154   36141   43229   43529   44898   45198   5580.587653032668   16
296   42329   47901   48479   43229   43529   43797   44097   5804.084407966138   7
297   42330   47733   47690   43230   43530   44938   45238   3023.1172018805273   23
298   42331   47873   35965   43231   43531   44905   45205   11085.66587987624   31
299   42331   64163   64161   43231   43531   44879   45179   3008.6355136997045   21
300   42331   38329   36735   43231   43531   43471   43771   1277.2884068510232   3
301   42331   49983   50009   43231   43531   43680   43980   4380.901355267733   5
302   42332   47748   45095   43232   43532   44887   45187   12680.059520253588   25
303   42332   46964   48248   43232   43532   44837   45137   5733.915426605294   27
304   42332   33112   46754   43232   43532   44879   45179   31570.762104044727   59
305   42332   63616   63706   43232   43532   44895   45195   4647.335155656303   36
306   42332   64185   64305   43232   43532   44840   45140   7271.493354788807   22
307   42333   49728   50802   43233   43533   44939   45239   6097.878716321404   21
-1
parcel requests
308   42333   37379   35149   43233   43533   44924   45224   
309   42333   49903   50703   43233   43533   44655   44955   
310   42334   35226   35924   43234   43534   44901   45201   
311   42335   46988   47819   43235   43535   44896   45196   
312   42336   44367   44978   43236   43536   44826   45126   
313   42337   50840   51609   43237   43537   44827   45127   
314   42338   61602   62072   43238   43538   44559   44859   
315   42338   45410   44165   43238   43538   44866   45166   
316   42338   44801   44826   43238   43538   43926   44226   
317   42339   35333   36884   43239   43539   43893   44193   
318   42339   50787   51149   43239   43539   44937   45237   
319   42340   34990   36838   43240   43540   44864   45164   
320   42340   33445   45006   43240   43540   44653   44953   
321   42341   50056   50052   43241   43541   44853   45153   
322   42341   48124   48059   43241   43541   44940   45240   
323   42341   35083   35762   43241   43541   44878   45178   
324   42341   38019   38672   43241   43541   44896   45196   
325   42342   45888   46428   43242   43542   44221   44521   
326   42342   61845   62490   43242   43542   44863   45163   
327   42343   36000   35868   43243   43543   43594   43894   
328   42344   47810   47746   43244   43544   44464   44764   
329   42344   44402   48254   43244   43544   44928   45228   
330   42344   48570   45470   43244   43544   44925   45225   
331   42345   61450   46464   43245   43545   43729   44029   
332   42345   37672   25357   43245   43545   44940   45240   
333   42349   48367   46160   43249   43549   44821   45121   
334   42349   64275   64267   43249   43549   44939   45239   
335   42350   46867   48172   43250   43550   44933   45233   
336   42351   36436   38218   43251   43551   44939   45239   
337   42351   33961   33962   43251   43551   43329   43629   
338   42353   48105   48221   43253   43553   44872   45172   
339   42353   35835   35175   43253   43553   44038   44338   
340   42353   50713   51597   43253   43553   44833   45133   
341   42353   47521   48576   43253   43553   44842   45142   
342   42354   37804   38342   43254   43554   44920   45220   
343   42355   50064   49102   43255   43555   44877   45177   
344   42355   35977   35871   43255   43555   44803   45103   
345   42355   46683   46978   43255   43555   44836   45136   
346   42356   36186   46423   43256   43556   44827   45127   
347   42357   37702   37839   43257   43557   44911   45211   
348   42357   35289   24379   43257   43557   44532   44832   
349   42358   61068   45667   43258   43558   44883   45183   
350   42359   38354   35600   43259   43559   43788   44088   
351   42360   35863   35079   43260   43560   44914   45214   
352   42361   34267   23909   43261   43561   44899   45199   
353   42365   45721   46791   43265   43565   44920   45220   
354   42377   48259   47569   43277   43577   44928   45228   
355   42390   36843   34986   43290   43590   44922   45222   
356   42395   44735   45410   43295   43595   44924   45224   
357   42396   34899   48937   43296   43596   44932   45232   
358   42396   44848   44752   43296   43596   44938   45238   
359   42398   47095   46332   43298   43598   44844   45144   
360   42401   48579   47055   43301   43601   44146   44446   
361   42409   49829   47160   43309   43609   44849   45149   
362   42413   35277   35341   43313   43613   44869   45169   
363   42437   34381   35781   43337   43637   44673   44973   
364   42450   61912   61915   43350   43650   44874   45174   
365   42455   35892   34611   43355   43655   44906   45206   
366   42461   50119   50055   43361   43661   44878   45178   
367   42467   46703   47356   43367   43667   44924   45224   
368   42470   35123   35822   43370   43670   44858   45158   
369   42473   36201   45831   43373   43673   44927   45227   
370   42486   49843   50704   43386   43686   44876   45176   
371   42494   49735   48367   43394   43694   44836   45136   
372   42496   48619   45189   43396   43696   44917   45217   
373   42537   46720   47744   43437   43737   44889   45189   
374   42538   61823   62219   43438   43738   44492   44792   
375   42540   33461   45507   43440   43740   44866   45166   
376   42547   45121   44769   43447   43747   44911   45211   
377   42550   35004   34866   43450   43750   44898   45198   
378   42568   45264   45410   43468   43768   44880   45180   
379   42621   46677   46738   43521   43821   44933   45233   
380   42666   45773   45893   43566   43866   44856   45156   
381   42691   35037   36418   43591   43891   44869   45169   
382   42699   45519   35258   43599   43899   44853   45153   
383   42711   37648   37714   43611   43911   44904   45204   
384   42718   48567   47099   43618   43918   44938   45238   
385   42722   62391   62389   43622   43922   44841   45141   
386   42728   46766   48658   43628   43928   44898   45198   
387   42736   47547   47116   43636   43936   44898   45198   
388   42741   64151   64245   43641   43941   44932   45232   
389   42778   35681   36402   43678   43978   44866   45166   
390   42784   61828   62429   43684   43984   44903   45203   
391   42789   35869   35850   43689   43989   44937   45237   
392   42805   49990   50682   43705   44005   44836   45136   
393   42813   51381   51452   43713   44013   44902   45202   
394   42814   48611   46739   43714   44014   44913   45213   
395   42823   45251   45455   43723   44023   44871   45171   
396   42832   64163   64139   43732   44032   44851   45151   
397   42843   45956   49728   43743   44043   44920   45220   
398   42851   37824   50359   43751   44051   44929   45229   
399   42858   47189   48348   43758   44058   44867   45167   
400   42870   35204   46749   43770   44070   44940   45240   
401   42885   49753   37756   43785   44085   44937   45237   
402   42888   49847   48390   43788   44088   44821   45121   
403   42904   50163   50170   43804   44104   44931   45231   
404   42908   37689   51659   43808   44108   44878   45178   
405   42919   47609   47046   43819   44119   44872   45172   
406   42949   47331   50064   43849   44149   44852   45152   
407   42956   48380   46683   43856   44156   44876   45176   
408   43001   61068   44996   43901   44201   44879   45179   
409   43001   35518   24454   43901   44201   44834   45134   
410   43005   64652   64212   43905   44205   44896   45196   
411   43008   22854   24904   43908   44208   44920   45220   
412   43009   35597   24036   43909   44209   44916   45216   
413   43016   46429   35331   43916   44216   44866   45166   
414   43023   46676   45667   43923   44223   44828   45128   
415   43031   46476   46660   43931   44231   44896   45196   
416   43053   50131   38088   43953   44253   44859   45159   
417   43071   46167   47620   43971   44271   44920   45220   
418   43092   36617   35170   43992   44292   44827   45127   
419   43105   46677   45660   44005   44305   44908   45208   
420   43113   36884   36862   44013   44313   44840   45140   
421   43114   45049   45449   44014   44314   44860   45160   
422   43125   50098   50092   44025   44325   44915   45215   
423   43130   45714   47822   44030   44330   44871   45171   
424   43132   44859   44762   44032   44332   44829   45129   
425   43146   51468   49614   44046   44346   44863   45163   
426   43149   50134   38438   44049   44349   44869   45169   
427   43162   50663   50059   44062   44362   44821   45121   
428   43184   44763   45449   44084   44384   44931   45231   
429   43218   51736   47823   44118   44418   44352   44652   
430   43236   36378   36375   44136   44436   44913   45213   
431   43236   46971   46997   44136   44436   44933   45233   
432   43239   35316   35774   44139   44439   44904   45204   
433   43249   47772   47929   44149   44449   44873   45173   
434   43252   44911   45529   44152   44452   44905   45205   
435   43256   48796   48238   44156   44456   44855   45155   
436   43272   36096   36385   44172   44472   44890   45190   
437   43304   49323   47189   44204   44504   44889   45189   
438   43308   46975   46976   44208   44508   44908   45208   
439   43313   37665   36403   44213   44513   44903   45203   
440   43314   34753   35265   44214   44514   44909   45209   
441   43341   64007   64486   44241   44541   44901   45201   
442   43346   61623   61478   44246   44546   44883   45183   
443   43347   62439   61594   44247   44547   44930   45230   
444   43361   45381   44997   44261   44561   44882   45182   
445   43366   47055   47423   44266   44566   44939   45239   
446   43366   47748   45786   44266   44566   44896   45196   
447   43375   47900   36186   44275   44575   44937   45237   
448   43413   49645   49649   44313   44613   44933   45233   
449   43413   45023   44090   44313   44613   44855   45155   
450   43416   35787   35792   44316   44616   44896   45196   
451   43419   34040   33286   44319   44619   44913   45213   
452   43423   33286   32377   44323   44623   44888   45188   
453   43424   61837   46858   44324   44624   44939   45239   
454   43424   48474   36879   44324   44624   44836   45136   
455   43442   47823   36651   44342   44642   44905   45205   
456   43448   48520   48148   44348   44648   44876   45176   
457   43459   36696   36088   44359   44659   44889   45189   
458   43474   35218   35223   44374   44674   44908   45208   
459   43477   36186   36140   44377   44677   44931   45231   
460   43485   46799   45367   44385   44685   44874   45174   
461   43500   44726   45062   44400   44700   44903   45203   
462   43506   48663   46766   44406   44706   44844   45144   
463   43525   46263   46755   44425   44725   44903   45203   
464   43537   45188   44953   44437   44737   44912   45212   
465   43541   24967   24380   44441   44741   44931   45231   
466   43552   49858   49841   44452   44752   44856   45156   
467   43560   63893   63752   44460   44760   44939   45239   
468   43561   61923   62198   44461   44761   44906   45206   
469   43568   47746   47006   44468   44768   44921   45221   
470   43572   36588   35709   44472   44772   44867   45167   
471   43586   47642   47629   44486   44786   44836   45136   
472   43604   46999   46997   44504   44804   44925   45225   
473   43612   46892   47252   44512   44812   44891   45191   
474   43615   36797   36142   44515   44815   44838   45138   
475   43631   62073   61600   44531   44831   44921   45221   
476   43641   25319   37790   44541   44841   44931   45231   
477   43649   47032   45777   44549   44849   44879   45179   
478   43654   36873   35013   44554   44854   44880   45180   
479   43658   45036   44725   44558   44858   44896   45196   
480   43675   49723   49722   44575   44875   44935   45235   
481   43678   48479   50883   44578   44878   44883   45183   
482   43689   35751   34855   44589   44889   44886   45186   
483   43701   35637   36153   44601   44901   44918   45218   
484   43712   20349   21549   44612   44912   44940   45240   
485   43737   46988   46739   44637   44937   44937   45237   
486   43779   62074   61880   44679   44979   44938   45238   
487   43821   24036   25241   44721   45021   44857   45157   
488   43841   49969   38439   44741   45041   44935   45235   
489   43844   49207   51767   44744   45044   44930   45230   
490   43855   59973   59940   44755   45055   44935   45235   
491   43884   62387   62388   44784   45084   44810   45110   
492   43884   47754   48929   44784   45084   44905   45205   
493   43892   36270   35787   44792   45092   44912   45212   
494   43897   46874   46588   44797   45097   44917   45217   
495   43899   45474   44938   44799   45099   44934   45234   
496   43921   34954   35929   44821   45121   44909   45209   
497   43923   33228   33745   44823   45123   44907   45207   
498   43943   47331   46465   44843   45143   44917   45217   
-1