40.395517434592776 64.69637803411258 23.9

14.83804209145865 1.740136335883145 29.5

0.9387931288370218 0.5591676411707057 34.8

0.7274266593089344 0.5397790700890013 54.6

0.5993925416444299 0.6975842592925906 50.3

0.32073252017946724 0.6975842592925906 47.4

0.16068787297030634 0.8623262238128135 67.6

0.14138251123089202 1.0060304802067117 68.4

0.1212161378192859 0.7886854446638336 69.4

0.09165396046225596 0.7861142075587084 83.3

0.08322538913847284 0.9951482176447244 87.1

0.07157845469148187 0.6560451690275043 91.3

0.06574812225034 0.6560451690275043 94.7

0.06302234500162822 0.5718645445233702 117.6

0.06408131255426128 0.6560451690275043 119.9

0.06376782056974886 0.7891456469753992 109.1

0.06299002853292177 0.6560451690275043 109.5

0.05939641462132257 0.8438603138119154 115.2

0.057198190197366425 0.8438603138119154 119.8

0.05692255135030146 0.6721017519084581 111.4

0.05694391399976826 0.6721017519084581 112.9

0.05474623850520699 0.6721017519084581 107.6

0.05550436547486742 0.6721017519084581 116.1

0.05471019020782973 0.666999303134625 109.5

0.054352684151812804 0.666999303134625 110.4

0.05374954485863365 0.666999303134625 117.3

0.05374082218228635 0.749645218077178 117.0

0.05310579042599419 0.7481917605778843 115.9

0.05292698724981739 0.666999303134625 114.2

0.0526889641206532 0.6167855567301886 116.4

0.05254490800614986 0.666999303134625 125.3

0.05143992384801643 0.666999303134625 126.6

0.051195456727542867 0.6633904046047275 128.8

0.051216712048535194 0.659340898724814 129.1

0.05103594411685508 0.659340898724814 132.3

0.05050217676836495 0.659340898724814 130.1

0.05030111425706622 0.659340898724814 140.5

0.05002040962106298 0.659340898724814 149.9

0.049832453704322814 0.9899715339925659 142.9

0.04938803757133072 0.9899715339925659 151.9

0.04902678335659981 0.659340898724814 155.1

0.048654117362581496 0.659340898724814 149.8

0.048625645441799606 0.6579403617618366 153.1

0.04842539859717531 0.6579403617618366 149.4

0.047955940416963744 0.6605814535075633 152.1

0.04797138618365164 0.6588315551423721 148.9

0.04776389034925978 0.6445946751514009 150.3

0.047308827562960634 0.6588315551423721 137.7

0.04711937664974208 0.6445946751514009 144.4

0.04725663636867041 0.6588315551423721 142.6

0.0467158136113819 0.6656339141986567 138.7

0.04654201847214439 0.6791898593314492 153.3

0.04634577320801089 0.6836335828810614 165.3

0.046324180652803325 0.6836335828810614 159.1

0.04631609956828443 0.6588315551423721 151.9

0.04637572572093646 0.6588315551423721 152.2

0.04637755461308541 0.6784298847398464 159.3

0.046085246851506785 0.6588315551423721 156.1

0.04607847186238832 0.6588315551423721 159.9

0.04607327584300438 0.6588315551423721 160.1

0.04584729872058283 0.6588315551423721 159.5

0.045841593523326944 0.655759009501976 158.6

0.04583572840896654 0.655759009501976 153.0

0.045771545439371154 0.655759009501976 166.9

0.045771230579965905 0.655759009501976 160.9

0.04580292213955242 0.655759009501976 151.6

0.04575087496111714 0.6492004334862513 152.3

0.04573048698525232 0.655759009501976 155.8

0.045724145373451805 0.655759009501976 158.3

0.045744908423152764 0.655759009501976 170.1

0.04571320197621334 0.655759009501976 162.7

0.04564454300467518 0.6780593896600542 163.2

0.04564179622916742 0.6780593896600542 174.4

0.04564867103438767 0.6774235156710402 164.7

0.04563752389349639 0.655759009501976 159.0

0.04563068325815725 0.6774235156710402 172.5

0.0456053065687829 0.6774235156710402 163.6

0.04559381962309407 0.6774235156710402 172.1

0.045590208676342545 0.6774235156710402 172.6

0.04553436860980569 0.6556283929253967 163.8

0.04552970166995224 0.6800504223976698 162.9

0.045486228604339436 0.6254266251119438 179.1

0.045484551327334664 0.6556283929253967 177.0

0.045545932287343514 0.6556283929253967 174.0

0.045466378331162134 0.6556283929253967 187.4

0.04544822887870134 0.6556283929253967 184.6

0.04542138975834979 0.6556283929253967 197.5

0.04541945870551263 0.6556283929253967 200.7

0.04539780002530146 0.6556283929253967 195.5

0.045370505342896966 0.6679017654410749 200.2

0.04536877588663745 0.6679017654410749 204.4

0.04536268331508215 0.6679017654410749 187.7

0.045362576949487254 0.6679017654410749 207.6

0.04529392734894937 0.6679017654410749 194.1

0.04526976324040891 0.6679017654410749 196.9

0.04523815822596758 0.6679017654410749 196.7

0.04522587595483952 0.6601855883353708 210.6

0.045217083361075494 0.6621592657300269 197.1

0.045208796741179766 0.6594905931864172 209.8

0.04520595605401499 0.6594905931864172 204.6

