0.0526977085029236 0.6594905931864172 168 30331

7.525099686224168E-4 0.2829589434657149 208 45584

0.041512815400106706 1.5620533936396983 354 30694

0.051791100079770724 1.0964746771714908 155 22086

0.05352881121829861 0.6230480435752441 205 26310

0.05007071244073624 0.06522373208813581 254 27523

0.044186408683951184 1.1867574516421606 215 23727

0.05356138826930512 0.11242723914544095 88 38300

0.0576220820641023 0.7550577262043856 117 25977

0.04478426441658023 0.9047497615877413 160 27447

