-11.8733249581 0.521808764961 0.547726617401 1.26393670728 -17.332 0.00158882831454 -0.565996167267 -0.264798738539 -6.40633213615 0.867451267978 6.0
-13.6571067812 -0.753567339573 0.546795292267 1.62401169947 -19.201 0.00127615271946 -0.743125297359 -0.259912635329 -6.30588664886 0.870397633464 5.0
0.257385022682 -0.922084376557 0.563371144311 1.722 -5.067 0.00311237698728 -0.527093326323 -0.138755336811 -6.40633213615 0.861020273391 7.0
-11.7916079783 -0.861071592975 0.559640727388 0.453820449077 -17.549 0.00122300054664 -0.583728059453 -0.297655970133 -6.44956337937 0.871467425298 6.0
0.44425614757 -0.268672061498 0.587362712183 1.15510822004 -5.455 0.00526342482589 -0.725355411717 -0.383463055084 -6.28318609952 0.848871700606 5.0
1.14192593016 0.963447502253 0.557241766632 1.7275045586 -4.754 0.00202035318438 -0.524404563364 -0.33491785012 -6.28216250427 0.854431192918 7.0
-4.66 0.572602119432 0.564123502402 1.195 -10.699 0.00236748032143 -0.70480280863 -0.231087838764 -6.28308940282 0.865622551836 7.0
-15.34 0.718021709249 0.551470146849 1.21388467327 -21.103 0.00207948660989 -0.537654958759 -0.294523980735 -6.44956337937 0.870654664618 5.0
-10.7 -0.414020666476 0.548220567393 1.92818567571 -16.15 0.00147665005297 -0.535591382194 -0.247258209504 -6.37103095987 0.876527576273 5.0
1.19540333076 0.797391628968 0.563654515637 1.674 -4.519 0.00249638570855 -0.568427680553 -0.202999534232 -6.32156023561 0.863991558832 5.0
