r.id  r.timeCall  r.pickupLocationID r.deliveryLocationID  r.earlyPickupTime  r.latePickupTime  r.earlyDeliveryTime  r.lateDeliveryTime  r.maxTravelDistance  r.maxNbStops
460 21474 8229 117816 21474 22374 22376 24176 3235.3340938701585 5
1139 3777 62239 126340 3777 4677 5698 7498 42961.55796489019 5
1140 21535 65716 100401 21535 22435 22674 24474 8692.235172349825 5
1751 20826 130370 9903 20826 21726 21795 23595 4132.085984339241 5
2445 2829 35595 69217 2829 3729 4007 5807 4461.059110724117 5
2446 4210 3643 7662 4210 5110 5588 7388 9406.346562528839 5
3005 21137 35776 38065 21137 22037 22319 24119 6353.4441700296065 5
3006 50542 61917 27071 50542 51442 3722 5522 32731.030709256112 5
3907 2845 8898 100880 2845 3745 3702 5502 2078.8105190726237 5
3908 4015 4778 5198 4015 4915 5704 7504 9830.630133426304 5
3909 49631 2849 62121 49631 50531 51171 52971 42108.99681189371 5
4561 20948 7828 99196 20948 21848 21854 23654 4281.600044118755 5
5409 20836 72259 82158 20836 21736 22442 24242 32789.81214157251 5
6087 2851 64266 7687 2851 3751 3574 5374 2107.252166256395 5
6088 3561 7680 6081 3561 4461 4830 6630 7592.57183255026 5
6089 4763 3120 7756 4763 5663 22143 23943 8360.82629339106 5
6090 21722 120274 4964 21722 22622 22622 24422 3670.4962744857417 5
6091 50766 2573 4245 50766 51666 5753 7553 10232.511592400084 5
6758 21716 7097 8934 21716 22616 5753 7553 4586.371541486909 5
7455 3541 11299 14003 3541 4441 5039 6839 9720.128566691264 5
7456 20916 57199 51788 20916 21816 22004 23804 4956.9420243719 5
8338 3449 96651 36189 3449 4349 4326 6126 3129.6809476695234 5
8339 4349 8307 18438 4349 5249 5461 7261 3820.1683069486858 5
8340 5050 10533 7092 5050 5950 21589 23389 5130.182279916226 5
8341 21156 13187 104625 21156 22056 22033 23833 4576.968530625617 5
8342 49948 2638 15531 49948 50848 50892 52692 2863.525836711557 5
9150 2857 14004 55536 2857 3757 3644 5444 2109.7977389318203 5
9151 4434 65717 4792 4434 5334 21424 23224 6184.264062059167 5
9152 21697 130810 109582 21697 22597 51193 52993 45086.332027285796 5
9949 20865 82465 14005 20865 21765 35976 37776 35647.81246690354 5
10691 2859 105015 7086 2859 3759 4168 5968 5283.4649277728795 5
10692 4294 7643 65762 4294 5194 5461 7261 4114.73554918183 5
11327 21402 44544 13214 21402 22302 22355 24155 4073.1300378598935 5
11977 4049 61996 7086 4049 4949 5730 7530 41760.77608092515 5
12559 2844 18675 11304 2844 3744 3668 5468 2633.5330506377795 5
12560 3290 9889 7962 3290 4190 4662 6462 5389.919775558829 5
12561 4123 43024 11305 4123 5023 5406 7206 6427.952205915611 5
12562 21864 131195 91492 21864 22764 5424 7224 3048.5142715809343 5
13333 4570 4385 13515 4570 5470 5614 7414 4544.7787652118495 5
13334 35273 7348 5472 35273 36173 50233 52033 5065.8193382915115 5
14037 4232 82239 3526 4232 5132 21767 23567 46997.71941989332 5
14038 21879 13210 1751 21879 22779 22659 24459 2825.6979827638843 5
14825 3400 44282 18061 3400 4300 4236 6036 2539.099356164358 5
14826 4345 11950 85464 4345 5245 5470 7270 4460.499490981424 5
14827 21466 3138 4720 21466 22366 22599 24399 3134.5031697974664 5
14828 49687 112045 109455 49687 50587 51394 53194 34693.819630276186 5
15589 3452 4748 44472 3452 4352 4591 6391 4524.049059384441 5
15590 20900 5472 85406 20900 21800 21980 23780 8439.185835940827 5
16282 50306 6370 2154 50306 51206 51306 53106 6557.198433786702 5
17201 3522 7738 62138 3522 4422 5228 7028 39391.39490977522 5
17202 21730 3493 50081 21730 22630 22630 24430 5714.892517037238 5
17203 35481 98638 93915 35481 36381 37042 38842 19399.915328855157 5
17957 4488 10828 120305 4488 5388 5305 7105 2800.054022719857 5
17958 5156 15963 95434 5156 6056 22204 24004 7279.66667511077 5
18538 2843 12765 65770 2843 3743 3813 5613 2365.2793081547034 5
19925 2868 54578 64492 2868 3768 5120 6920 18213.22549537872 5
19926 21325 11375 7800 21325 22225 22213 24013 3453.676094482636 5
20578 3353 4786 8078 3353 4253 4339 6139 3472.1217519794614 5
20579 4212 14808 7688 4212 5112 5177 6977 3136.4143004566454 5
20580 4646 85488 125607 4646 5546 5726 7526 3610.6146468559955 5
20581 21127 11770 15108 21127 22027 22305 24105 6349.062586680601 5
21405 3165 10042 85463 3165 4065 4203 6003 5355.235152229121 5
21406 4027 85451 8303 4027 4927 5371 7171 7828.735909609255 5
21407 20818 62230 64492 20818 21718 22668 24468 24917.418358903007 5
22147 3798 9488 7782 3798 4698 4720 6520 3747.567837606496 5
22148 4615 42757 14590 4615 5515 5755 7555 4485.559642097285 5
22149 21089 11195 1438 21089 21989 22403 24203 11404.448857295089 5
22958 35270 11448 60629 35270 36170 36765 38565 22311.16442679544 5
23785 4480 11370 12596 4480 5380 22066 23866 7563.170467588043 5
23786 35954 2143 15187 35954 36854 37028 38828 3405.4076970292263 5
24693 2928 7101 13182 2928 3828 4140 5940 6794.713386585413 5
24694 3671 9480 4748 3671 4571 4766 6566 4612.081476872448 5
24695 21385 6149 128727 21385 22285 22674 24474 9442.061590991741 5
24696 50126 6795 3114 50126 51026 51102 52902 5468.192374753264 5
25454 2856 68755 109612 2856 3756 4131 5931 26396.478974815192 5
25455 20903 35775 8234 20903 21803 22177 23977 6543.39094708591 5
26176 4007 8749 5568 4007 4907 5036 6836 4493.755257960684 5
26177 5005 3124 7962 5005 5905 21812 23612 2208.710847988235 5
26178 21912 3115 4101 21912 22812 18170 19970 4548.6180016900225 5
26835 4138 61923 11200 4138 5038 5655 7455 30319.23119272283 5
26836 50531 121556 18352 50531 51431 3811 5611 2806.6810512495144 5
27559 2846 8321 7885 2846 3746 3670 5470 2184.3144636291067 5
27560 4961 5570 87661 4961 5861 21740 23540 4375.460688706399 5
27561 21340 13709 17221 21340 22240 22195 23995 3489.8532450491934 5
28383 20856 35771 100351 20856 21756 22657 24457 3564.3832525368834 5
28384 49712 4363 87635 49712 50612 50777 52577 7961.575754276636 5
29234 4273 5423 104810 4273 5173 5299 7099 3344.685647860739 5
29235 4783 70361 100502 4783 5683 5743 7543 2863.4872143482867 5
29236 49670 93915 6728 49670 50570 50674 52474 35333.21551732399 5
29965 3121 105051 4732 3121 4021 4107 5907 3260.074807459504 5
29966 3747 18639 47634 3747 4647 4759 6559 3480.2163646186914 5
29967 4817 16034 4669 4817 5717 5717 7517 4033.525228802137 5
29968 21245 13220 9556 21245 22145 22283 24083 4796.031323967287 5
29969 49677 8321 107156 49677 50577 50798 52598 7117.2405343925075 5
31131 3819 12276 41832 3819 4719 5210 7010 2891.4181702982714 5
31132 20868 34528 4738 20868 21768 22513 24313 55398.64331229151 5
31791 3498 7880 9899 3498 4398 4369 6169 2337.7176687044807 5
31792 4149 4742 10264 4149 5049 5335 7135 3141.6971430973604 5
32525 3305 80610 65761 3305 4205 4452 6252 3716.9785198904815 5
32526 4311 11774 87631 4311 5211 5643 7443 3145.5342785069465 5
32527 21358 3114 14546 21358 22258 22678 24478 11632.47288882164 5
33359 2826 8317 10353 2826 3726 3672 5472 2431.3198541097668 5
33360 21193 35777 8025 21193 22093 22280 24080 6768.4369707254655 5
33919 2841 2660 7087 2841 3741 3862 5662 5412.59191779758 5
33920 3589 12076 4101 3589 4489 4586 6386 3354.0314454253585 5
33921 4379 4107 105402 4379 5279 5747 7547 10506.251924356411 5
33922 21040 4751 10470 21040 21940 21821 23621 2153.8055853199976 5
33923 21898 35768 65313 21898 22798 22678 24478 2272.2203399037503 5
34656 4594 95435 116356 4594 5494 5680 7480 4078.8463886063623 5
34657 21655 124703 9552 21655 22555 22674 24474 4209.178205272213 5
35410 3430 3136 7689 3430 4330 4454 6254 3907.535481148256 5
35411 4433 85360 53538 4433 5333 5261 7061 2480.9295815430546 5
35412 21653 120306 11380 21653 22553 50428 52228 8483.931026785396 5
36148 2859 75449 33591 2859 3759 3676 5476 5363.951518739759 5
36959 4904 4248 3377 4904 5804 21715 23515 9211.564099562396 5
36960 21231 129396 7086 21231 22131 22420 24220 7804.041432816589 5
36961 49627 9836 8316 49627 50527 50429 52229 2305.322824202371 5
37851 20852 2633 129342 20852 21752 21743 23543 3063.207876772076 5
37852 49648 12227 6214 49648 50548 50681 52481 7249.714141104607 5
38648 3515 7090 91399 3515 4415 4915 6715 6088.721897364978 5
38649 4714 4076 35750 4714 5614 5733 7533 4177.7115799254625 5
38650 21111 15185 7420 21111 22011 22229 24029 7685.892790256786 5
39756 21005 62239 8303 21005 21905 22626 24426 43804.07303208881 5
39757 36266 106771 2114 36266 37166 37046 38846 2765.473184285397 5
40428 3302 91494 13213 3302 4202 4547 6347 5461.816821731624 5
40429 4379 129879 18429 4379 5279 5301 7101 2392.3521555754223 5
40430 5014 5469 14493 5014 5914 22626 24426 7069.938797154002 5
41270 3193 3160 8304 3193 4093 4750 6550 11038.734269514456 5
41271 4531 5198 120794 4531 5431 5389 7189 2148.2943965545005 5
41272 21646 15187 7796 21646 22546 22473 24273 2554.9548992610157 5
41273 49867 3620 101213 49867 50767 50963 52763 5851.04707049601 5
42466 21242 70111 5550 21242 22142 22316 24116 3381.565966616658 5
42467 35272 4248 8392 35272 36172 37072 38872 20866.158107324423 5
42468 49927 12274 126392 49927 50827 51141 52941 8829.40054244899 5
43197 3555 4737 7015 3555 4455 4718 6518 4420.000339345168 5
43198 21022 62241 44280 21022 21922 22644 24444 44180.885762082406 5
43199 50231 6379 15531 50231 51131 51243 53043 7471.714564223994 5
43972 2994 95437 87422 2994 3894 4114 5914 4244.223665228675 5
43973 3812 7799 5457 3812 4712 4706 6506 2933.7798164426727 5
43974 4664 5454 7656 4664 5564 5515 7315 3765.8426022478297 5
44831 4148 2122 4240 4148 5048 21448 23248 2069.935547294999 5
44832 21006 7348 9554 21006 21906 22144 23944 7282.589866741084 5
44833 49660 406 55476 49660 50560 50372 52172 18054.69379197781 5
45611 2815 42632 129689 2815 3715 3741 5541 3176.113516308394 5
45612 3880 1419 2978 3880 4780 4877 6677 5777.8662074305585 5
45613 4686 10284 9514 4686 5586 5706 7506 4429.949809862444 5
45614 21168 2857 5000 21168 22068 22672 24472 8503.591098026627 5
45615 50339 35995 95358 50339 51239 51398 53198 9137.51742653257 5
46921 21289 7788 57199 21289 22189 22101 23901 2958.631222711145 5
47897 4469 91512 1842 4469 5369 21886 23686 13764.072375880234 5
47898 35784 2114 10034 35784 36684 36572 38372 3006.919818896935 5
47899 49671 107571 62121 49671 50571 50577 52377 13297.997521721294 5
48762 21322 39988 121555 21322 22222 22231 24031 3171.009061482982 5
48763 50513 11299 18461 50513 51413 51473 53273 4533.060423028142 5
49568 3687 11845 9110 3687 4587 5217 7017 6303.422339725952 5
49569 4874 126920 36185 4874 5774 22006 23806 7819.93668593762 5
49570 21569 71781 8040 21569 22469 22615 24415 7712.138658506422 5
50211 4466 10663 11395 4466 5366 5710 7510 8649.556709559736 5
50212 35891 9903 14480 35891 36791 36843 38643 3341.7149141254677 5
50964 3738 93860 9459 3738 4638 4917 6717 13824.182735950055 5
50965 4413 131140 11402 4413 5313 5734 7534 8867.259124062582 5
51588 3849 7085 53535 3849 4749 4669 6469 2414.587954373952 5
51589 20848 5194 120279 20848 21748 22378 24178 8233.743735477348 5
51590 49629 125560 11403 49629 50529 50471 52271 2258.960316311872 5
51591 50470 14007 5543 50470 51370 51346 53146 6000.292267930719 5
51592 50851 3867 8315 50851 51751 5396 7196 11074.155423098615 5
53020 20896 10058 107565 20896 21796 22635 24435 31613.67719032728 5
53021 35432 11699 2774 35432 36332 36343 38143 5315.306867614101 5
54646 3624 10040 11766 3624 4524 4863 6663 6208.087648735087 5
54647 4645 85458 10257 4645 5545 5725 7525 6354.399606582439 5
54648 50034 10173 95426 50034 50934 51282 53082 9598.097441368043 5
55213 3137 6735 10468 3137 4037 4161 5961 3920.1061457511655 5
55214 4291 130810 11862 4291 5191 5745 7545 8621.34683970035 5
55215 21045 62170 85092 21045 21945 22667 24467 43966.39320283 5
55751 2849 12765 111730 2849 3749 4665 6465 45153.087106487794 5
55752 21093 118265 6378 21093 21993 22136 23936 5787.8845875552315 5
56439 4179 95052 121554 4179 5079 21696 23496 12360.313138723099 5
56440 21457 5194 5562 21457 22357 22332 24132 2021.5837050269056 5
57238 2928 8303 17288 2928 3828 4374 6174 7986.627692181572 5
57239 4560 13214 6725 4560 5460 5646 7446 5016.842877677918 5
57808 4733 5581 15634 4733 5633 21992 23792 4365.813527928878 5
58559 3158 3119 70341 3158 4058 4149 5949 3655.0889866195776 5
58560 5051 100500 5828 5051 5951 21886 23686 10941.25856147131 5
58561 21787 17173 10163 21787 22687 22627 24427 2564.8393405852426 5
59167 3862 53360 9331 3862 4762 5723 7523 39896.065732229814 5
59168 20962 5193 7831 20962 21862 21763 23563 2869.2546360519486 5
59169 21236 642 6889 21236 22136 22114 23914 6393.6091297807125 5
59170 50301 12242 130530 50301 51201 51283 53083 5648.432389947869 5
59894 4734 11400 65749 4734 5634 5754 7554 5150.075353310957 5
59895 21088 14929 6722 21088 21988 21925 23725 3035.4939466308615 5
59896 21578 18056 39988 21578 22478 22369 24169 2005.0476352790477 5
59897 21842 100457 18639 21842 22742 22622 24422 2132.1022273461604 5
60795 3029 6725 7811 3029 3929 4677 6477 9426.703526193287 5
60796 4447 8234 11427 4447 5347 21455 23255 9053.327254389793 5
60797 21099 11403 7689 21099 21999 22095 23895 4675.744112064157 5
60798 21659 85486 16697 21659 22559 22620 24420 5641.359230312431 5
61554 4634 15994 3376 4634 5534 5715 7515 4488.301225795666 5
61555 21245 5548 10053 21245 22145 22263 24063 4376.588599327537 5
62357 2941 130090 19573 2941 3841 4987 6787 37982.44383646907 5
62358 20999 120263 11435 20999 21899 21989 23789 6119.256060539263 5
63140 3139 129817 100485 3139 4039 4096 5896 3421.3449109244425 5
63141 3821 95437 87382 3821 4721 5020 6820 7614.709964708499 5
63142 4904 15599 71238 4904 5804 5744 7544 6420.326823818079 5
63143 50043 6368 11845 50043 50943 51188 52988 9589.02826367255 5
63841 3640 4740 7688 3640 4540 4824 6624 7837.621582164785 5
63842 4304 4390 313 4304 5204 5181 6981 2940.69737592133 5
63843 21124 100512 10253 21124 22024 22003 23803 3027.3415408424944 5
64700 3157 11952 3620 3157 4057 4067 5867 3857.372464698142 5
64701 3648 11304 8932 3648 4548 4702 6502 3843.5493592964767 5
64702 4315 11400 124598 4315 5215 5519 7319 7706.781885291007 5
65554 20863 71429 2254 20863 21763 21731 23531 14303.65746238763 5
65555 36125 117660 11302 36125 37025 36893 38693 2244.824675608818 5
66388 2841 18937 10361 2841 3741 4083 5883 9030.106638386906 5
66389 3992 10098 1813 3992 4892 5520 7320 11306.65742834192 5
67165 3594 100482 10048 3594 4494 4503 6303 3031.438914242853 5
67166 4006 8316 11199 4006 4906 5128 6928 5193.487034226254 5
67167 4726 104745 3115 4726 5626 5681 7481 2969.3086300452574 5
67168 21680 3117 7673 21680 22580 22578 24378 4383.254924901734 5
67872 3333 4735 8318 3333 4233 4255 6055 2835.1530640705073 5
67873 20849 36080 6928 20849 21749 21863 23663 5945.158283263366 5
67874 21716 35759 10459 21716 22616 22536 24336 3013.923142737777 5
68526 20873 9692 127044 20873 21773 21953 23753 5724.930235777003 5
68527 21592 4235 40566 21592 22492 22672 24472 11017.773815808114 5
68528 50032 3627 48311 50032 50932 5218 7018 5159.720463677919 5
69221 5046 14796 13222 5046 5946 21946 23746 8287.341257124071 5
69222 21650 123748 33150 21650 22550 22663 24463 15305.911200255156 5
69223 35506 16764 36018 35506 36406 36941 38741 12303.093337846603 5
69224 49666 102018 6728 49666 50566 51322 53122 42963.23295628676 5
69991 3442 11448 2151 3442 4342 4300 6100 3967.4644479176695 5
69992 4867 7648 9488 4867 5767 21555 23355 3204.698565445837 5
69993 21316 96392 15631 21316 22216 22563 24363 9221.604968026983 5
70613 3382 18565 117657 3382 4282 4984 6784 11595.457418451531 5
70614 20988 9514 10052 20988 21888 22118 23918 4896.463808539494 5
71321 2908 12086 4685 2908 3808 3785 5585 3631.47099188513 5
71322 3414 45610 100522 3414 4314 4520 6320 4458.006262982817 5
71323 4110 11840 5436 4110 5010 5731 7531 5571.958188133385 5
71324 20914 18356 5473 20914 21814 21808 23608 4027.627946374657 5
71325 50742 4491 9902 50742 51642 5275 7075 9120.453275129008 5
72109 3430 36314 9557 3430 4330 4351 6151 2539.1956191392483 5
72110 4170 9560 124383 4170 5070 5146 6946 4972.095598991416 5
72111 4621 6363 6798 4621 5521 5701 7501 6020.275549456842 5
72112 21079 100521 7678 21079 21979 22201 24001 6569.415946750446 5
72113 21855 85360 8933 21855 22755 22635 24435 2221.2663370888577 5
72114 49999 124090 60069 49999 50899 50931 52731 4745.852623159191 5
72313 2853 72035 18740 2853 3753 3780 5580 4269.39213786031 5
72314 4193 9488 7680 4193 5093 5707 7507 10265.118535320315 5
72315 21715 4089 4101 21715 22615 22465 24265 2132.5068154782234 5
72998 2820 71244 7961 2820 3720 4410 6210 19307.4019202228 5
72999 3886 87633 104781 3886 4786 5050 6850 3840.0553972296166 5
73000 4690 11414 11304 4690 5590 5698 7498 4096.9820197485815 5
73001 35749 98592 120111 35749 36649 36562 38362 2048.778445115831 5
73732 4327 104621 95538 4327 5227 5651 7451 4288.733925693972 5
73733 21101 114698 16820 21101 22001 22456 24256 9124.747265564072 5
73734 49651 126364 10100 49651 50551 50450 52250 3850.4077525879793 5
74311 4713 104000 1846 4713 5613 5615 7415 3685.589410963155 5
74312 35360 2807 8330 35360 36260 36591 38391 9809.004814338505 5
74962 4116 16530 36223 4116 5016 5150 6950 4155.2461468594065 5
74963 4731 14134 1830 4731 5631 5561 7361 2405.4577939974224 5
74964 5072 1826 4740 5072 5972 22623 24423 9258.147403670147 5
74965 35555 14922 14586 35555 36455 36558 38358 3403.79584736746 5
75690 2829 9903 11509 2829 3729 3818 5618 3678.4708276979045 5
75691 4419 9902 129732 4419 5319 5388 7188 3558.4174229230916 5
76408 2820 44607 29963 2820 3720 3640 5440 4212.2893675111645 5
76409 4009 85488 8310 4009 4909 5476 7276 8504.022149419576 5
76410 5022 4737 8078 5022 5922 21559 23359 4608.740802742949 5
76411 21190 126844 103607 21190 22090 50627 52427 7762.197170753758 5
76412 50172 6392 16526 50172 51072 51190 52990 4601.760648056608 5
77039 3812 5573 4737 3812 4712 4908 6708 5380.365686782874 5
77040 4389 130530 3525 4389 5289 5750 7550 8810.685475513405 5
77041 21041 130823 4379 21041 21941 22235 24035 8129.059057139452 5
77042 21964 2655 8328 21964 22864 22674 24474 2289.197766003619 5
77466 21566 62239 11437 21566 22466 3672 5472 43382.94445399509 5
78033 20839 13077 35042 20839 21739 22644 24444 22412.464272929814 5
78823 2957 14492 14071 2957 3857 5049 6849 4849.615926655073 5
78824 4536 3684 18431 4536 5436 5416 7216 2049.931527224392 5
78825 4894 15618 98597 4894 5794 22056 23856 7464.523467087193 5
78826 21960 6162 91500 21960 22860 50434 52234 6923.9331743410685 5
79650 2872 16907 128052 2872 3772 5118 6918 14406.067806934077 5
80358 21360 4234 3124 21360 22260 22309 24109 4931.990368911115 5
81782 49765 18646 4736 49765 50665 18787 20587 4268.815152427573 5
82359 3319 3619 100488 3319 4219 4722 6522 5616.036598705337 5
82360 4326 100460 6365 4326 5226 5739 7539 5083.166877197211 5
82361 21686 7887 91487 21686 22586 22474 24274 2260.5766893396512 5
82948 2838 9111 7681 2838 3738 4029 5829 5730.546203917349 5
82949 4894 57203 7432 4894 5794 5734 7534 3683.690948410502 5
82950 50069 2658 59251 50069 50969 51390 53190 22018.157133375695 5
83523 3159 15099 7611 3159 4059 4739 6539 9134.494272246886 5
83524 21353 87641 129959 21353 22253 22400 24200 2672.7282611293836 5
84313 2997 5895 62123 2997 3897 4717 6517 38202.68637085712 5
84314 20848 489 11926 20848 21748 21905 23705 7440.4025273122925 5
84315 21949 85458 8091 21949 22849 22670 24470 2193.8728117873857 5
84316 50460 3370 109893 50460 51360 51465 53265 4869.616913520093 5
85176 3867 4739 6088 3867 4767 5446 7246 14565.327418063589 5
85177 49887 44929 2655 49887 50787 50919 52719 4485.699157401896 5
86004 20823 8303 37447 20823 21723 22121 23921 5586.665613440056 5
86814 4661 11509 11436 4661 5561 21495 23295 4619.354844692624 5
86815 21058 8315 11400 21058 21958 21982 23782 4765.696269263982 5
86816 21891 85410 5569 21891 22791 22671 24471 3995.4683731064156 5
86817 50320 4089 3131 50320 51220 51173 52973 4031.8189041188434 5
87545 2871 14669 8070 2871 3771 3848 5648 2346.961717788392 5
87546 3525 11378 10274 3525 4425 4580 6380 3862.6325029965574 5
87547 4055 10272 4744 4055 4955 5234 7034 3907.4490842159894 5
88212 2928 86200 59492 2928 3828 4510 6310 8305.475674075156 5
88213 21047 130452 7687 21047 21947 22141 23941 5690.968712151969 5
89027 3159 1840 62122 3159 4059 5158 6958 38399.75228560647 5
89028 50665 4190 116989 50665 51565 3794 5594 18033.657410427386 5
89646 20895 95343 11435 20895 21795 22051 23851 6286.066156288952 5
89647 21889 35777 7094 21889 22789 22669 24469 2049.8664763671118 5
89648 35489 7797 71368 35489 36389 36340 38140 5216.0821960512685 5
89649 50026 125607 71107 50026 50926 51467 53267 18467.667157324988 5
90159 3500 65331 13394 3500 4400 4467 6267 4249.298456247654 5
90160 4204 117111 36204 4204 5104 5358 7158 4856.520216516274 5
90713 3569 87661 8322 3569 4469 4501 6301 3982.928847241241 5
90714 4044 3131 10850 4044 4944 5523 7323 7533.072779526643 5
90715 21275 9901 18442 21275 22175 22114 23914 3851.2361680264644 5
91487 20986 126596 14489 20986 21886 22666 24466 43651.49454584903 5
91488 35595 406 51756 35595 36495 36786 38586 6534.287736494648 5
91489 36282 35786 12229 36282 37182 37062 38862 3415.2902894415224 5
92271 36140 7097 69171 36140 37040 37040 38840 6452.702899869429 5
93040 21301 71755 18106 21301 22201 22342 24142 6151.492474066029 5
93041 49671 62177 62146 49671 50571 50464 52264 5467.39778069282 5
93042 50032 75462 82466 50032 50932 50787 52587 4640.933740287023 5
93771 2829 87325 1821 2829 3729 4228 6028 5645.096047239789 5
93772 4528 8229 3812 4528 5428 5426 7226 3303.6917074773646 5
94027 3507 62239 87283 3507 4407 5729 7529 39409.20199155862 5
94028 21574 62157 28 21574 22474 22654 24454 25364.223310016987 5
94029 49627 6367 103609 49627 50527 50814 52614 7868.3658856142265 5
94030 50288 4234 80430 50288 51188 51141 52941 3852.154217162692 5
94589 3190 18454 93809 3190 4090 4292 6092 3800.9076619653247 5
94590 21500 14670 1557 21500 22400 22433 24233 7333.918988562658 5
95155 3333 3114 116372 3333 4233 5377 7177 11716.186605085271 5
95830 3006 16034 7688 3006 3906 4290 6090 7311.726429916515 5
95831 4232 3512 8089 4232 5132 5360 7160 4494.663497414833 5
95832 21241 10935 6789 21241 22141 22341 24141 12656.695200066159 5
96603 2923 4727 4101 2923 3823 5131 6931 7211.769437024435 5
96604 4593 35749 88961 4593 5493 22612 24412 27325.20303314805 5
96605 49651 93915 6728 49651 50551 50702 52502 35333.21551732399 5
97339 3429 18748 100369 3429 4329 4368 6168 3019.43364454946 5
97340 20995 35762 4753 20995 21895 21798 23598 2425.851115859511 5
97341 21279 14807 1938 21279 22179 22462 24262 6121.8729173580805 5
97342 35470 38057 17063 35470 36370 36771 38571 8767.780024091797 5
97985 2844 100483 57198 2844 3744 3967 5767 4433.564449869182 5
97986 3459 4729 4745 3459 4359 4516 6316 3490.140172934434 5
97987 4593 14489 130107 4593 5493 5427 7227 2092.333796952184 5
97988 21195 5425 87431 21195 22095 22041 23841 3124.210700299073 5
97989 22073 7348 4101 22073 22973 5501 7301 7457.769971393495 5
98707 3371 129789 7140 3371 4271 4689 6489 4070.4362738835143 5
98708 5018 103609 3113 5018 5918 21542 23342 4870.525590039734 5
98709 21140 10533 85393 21140 22040 22640 24440 8645.05390797915 5
98710 50496 85409 87437 50496 51396 3421 5221 7226.272215411743 5
99312 4019 10475 12411 4019 4919 5589 7389 10645.937202787947 5
100327 3238 65717 7972 3238 4138 5528 7328 2259.972721857995 5
100328 20865 44919 44477 20865 21765 21735 23535 5486.632617447148 5
100968 21000 62172 64492 21000 21900 22621 24421 24228.256920283537 5
101533 2840 8301 11504 2840 3740 4012 5812 3734.149071211603 5
101534 4194 1078 65504 4194 5094 5406 7206 5834.886024391412 5
101535 5067 53535 7090 5067 5967 21685 23485 4256.48065396214 5
101536 21663 10043 100394 21663 22563 22623 24423 6257.333874253844 5
102277 50166 35790 35953 50166 51066 51117 52917 5334.837867692773 5
103032 2995 16907 10171 2995 3895 4790 6590 10994.233475273706 5
103033 4296 10169 96748 4296 5196 5688 7488 8660.088890823283 5
103034 21875 9434 16865 21875 22775 22655 24455 2441.5339971751628 5
103699 21882 8089 5886 21882 22782 3740 5540 9616.085398208905 5
104461 3013 130530 4085 3013 3913 3984 5784 2632.0932818117894 5
104462 3522 53537 55524 3522 4422 5131 6931 12136.144704738781 5
104463 4691 123710 3132 4691 5591 21599 23399 7458.360821700491 5
104464 21646 44483 9904 21646 22546 22666 24466 6169.452813226098 5
104465 50037 7342 87641 50037 50937 51251 53051 2553.5134845194657 5
105190 20952 62170 85393 20952 21852 22660 24460 48181.34038120168 5
105799 3016 43556 87626 3016 3916 4600 6400 8509.646357463387 5
105800 4914 39952 5436 4914 5814 5754 7554 3068.959526515729 5
105801 21649 4750 7090 21649 22549 22507 24307 2553.2331914192237 5
106646 2960 12245 315 2960 3860 4950 6750 12070.033476032706 5
107375 3385 14658 7100 3385 4285 4488 6288 6087.399577108188 5
107376 4372 7086 9521 4372 5272 5208 7008 2161.6980230066556 5
107377 50045 36017 91507 50045 50945 51351 53151 15111.114243182212 5
108199 4033 78055 10043 4033 4933 4922 6722 2409.9722631248455 5
108200 4614 4735 125607 4614 5514 5752 7552 7881.956169177342 5
108201 21054 9903 489 21054 21954 21880 23680 2202.7402287072327 5
108202 21519 7882 131195 21519 22419 22600 24400 3520.4400010326067 5
109216 2821 15673 8326 2821 3721 4119 5919 7001.485720471909 5
109217 3858 5782 100462 3858 4758 4904 6704 3729.5464725760544 5
109218 21520 87642 15994 21520 22420 22660 24460 8595.569687462963 5
109945 21233 117767 103759 21233 22133 22674 24474 12907.312504031346 5
110838 3429 100327 13898 3429 4329 4563 6363 4940.307066219504 5
110839 4759 4605 95223 4759 5659 21446 23246 7889.922629559883 5
110840 21670 14763 13617 21670 22570 22478 24278 3423.7824755087945 5
110841 50421 7806 85092 50421 51321 51441 53241 7601.560541122341 5
111195 20973 104770 43179 20973 21873 22109 23909 8621.23734746513 5
111196 35276 80609 93915 35276 36176 36673 38473 18940.686131003135 5
111966 3852 5420 5201 3852 4752 5005 6805 3055.6079914054226 5
112689 4363 130823 3131 4363 5263 5600 7400 4700.6101207500615 5
113211 35270 10963 16428 35270 36170 36239 38039 6072.431086522328 5
113212 50461 3523 51755 50461 51361 3796 5596 4260.8983817850385 5
113759 2929 7880 5196 2929 3829 3888 5688 2440.800794036659 5
113760 3359 3115 87639 3359 4259 4362 6162 2254.9794667138813 5
113761 4016 7647 85432 4016 4916 5697 7497 8787.322935779242 5
113762 20979 130027 7831 20979 21879 21865 23665 3361.82461146187 5
114351 21198 11435 7331 21198 22098 22198 23998 7682.3768003608175 5
114913 5027 109629 65802 5027 5927 21461 23261 47639.977409148996 5
115573 3360 3117 2653 3360 4260 4514 6314 4955.0577977766325 5
115574 4079 8083 4249 4079 4979 21683 23483 5633.4775696846145 5
115575 21406 96388 3871 21406 22306 22467 24267 7772.51505081247 5
115576 49874 33568 62124 49874 50774 51287 53087 40849.26364425908 5
116332 3825 9560 93921 3825 4725 5215 7015 8521.211036455541 5
116333 5153 2669 36307 5153 6053 21653 23453 6409.526869176895 5
116334 21221 36303 2574 21221 22121 22142 23942 2873.132783433775 5
116335 35809 6162 4742 35809 36709 36782 38582 5410.211414061648 5
117155 2936 7267 8238 2936 3836 4189 5989 6320.820486062632 5
117156 20882 7940 4742 20882 21782 21919 23719 9717.042487755494 5
117157 35668 5569 72381 35668 36568 36819 38619 10825.449003942455 5
117158 49633 69105 109455 49633 50533 51070 52870 39213.36911978131 5
117930 2838 4797 4247 2838 3738 3865 5665 4584.081520971318 5
117931 3820 13582 13209 3820 4720 4871 6671 2999.2214962286716 5
117932 4623 11965 5805 4623 5523 5750 7550 4263.476129719502 5
117933 21716 77947 11444 21716 22616 22676 24476 5754.330852473979 5
117934 49746 1425 44519 49746 50646 50797 52597 7629.767245979775 5
118672 20858 96833 64492 20858 21758 22659 24459 10309.619652773448 5
119312 2829 3140 11418 2829 3729 3965 5765 7037.3041728816115 5
119313 3566 93803 5559 3566 4466 4413 6213 2248.6020726140614 5
119314 4029 8304 11305 4029 4929 5086 6886 5154.177778543098 5
119315 4964 11844 85437 4964 5864 21569 23369 5198.916448023632 5
119316 21662 11299 70340 21662 22562 22622 24422 6103.253178079107 5
119894 3745 7650 62114 3745 4645 5476 7276 42902.39677382648 5
120638 2834 11413 11302 2834 3734 3878 5678 4162.003144547305 5
120639 3469 11199 11409 3469 4369 4546 6346 3415.0936958027887 5
120640 4345 5417 109967 4345 5245 5545 7345 8388.680207519952 5
121441 4216 10275 104874 4216 5116 5466 7266 4894.598089813526 5
121442 21302 45598 5425 21302 22202 22622 24422 4607.548294708174 5
121443 50623 8087 65768 50623 51523 51457 53257 3827.7525350052424 5
122076 4076 9904 112165 4076 4976 5490 7290 6817.521662258503 5
123777 5047 62173 35753 5047 5947 21440 23240 44646.79850926665 5
124349 50498 129765 130823 50498 51398 51315 53115 2645.09676516326 5
124872 4225 109496 4504 4225 5125 21701 23501 30750.54116544747 5
125548 2816 439 8234 2816 3716 3780 5580 4835.938380221746 5
125549 4060 36200 86191 4060 4960 4916 6716 3686.769595251379 5
125550 4492 9331 7673 4492 5392 5572 7372 6653.90997694212 5
125551 20955 11511 5567 20955 21855 21970 23770 4726.079625299192 5
126330 20861 74137 4376 20861 21761 22056 23856 9409.258037930018 5
127092 2841 11971 6798 2841 3741 3627 5427 2311.7221598135643 5
127093 4198 14799 3777 4198 5098 21564 23364 4499.87472563446 5
127094 21432 125218 13011 21432 22332 22633 24433 11264.01996821054 5
128017 2972 100453 16686 2972 3872 4111 5911 5629.240346225293 5
128018 3906 11386 35970 3906 4806 5184 6984 9840.349842671796 5
128963 3616 7348 11386 3616 4516 4792 6592 7074.841367209429 5
128964 4873 36315 8083 4873 5773 5714 7514 2486.1281081758307 5
128965 35764 36007 103759 35764 36664 37025 38825 12405.20486675254 5
128966 49794 123221 56473 49794 50694 50789 52589 5692.616668622014 5
129741 4382 109482 4392 4382 5282 22576 24376 52065.64271879796 5
129742 35253 128549 8845 35253 36153 36155 37955 4410.465167330113 5
130514 35612 11370 9564 35612 36512 36760 38560 8630.883377116574 5
131249 4029 128388 7912 4029 4929 5565 7365 7736.133332274634 5
131250 21254 128555 1430 21254 22154 22396 24196 8540.92534775313 5
131251 36252 6797 10463 36252 37152 37032 38832 4032.654358683621 5
132033 2899 7667 91492 2899 3799 4309 6109 4766.607707270117 5
132034 3797 9903 11892 3797 4697 5152 6952 9868.577336510261 5
132035 21466 11448 103795 21466 22366 22282 24082 3538.210142509476 5
132728 3676 7348 4741 3676 4576 4668 6468 4246.483976650773 5
132729 4352 128753 64515 4352 5252 5458 7258 3641.330709797113 5
132730 20825 5194 15207 20825 21725 22052 23852 11381.932442253858 5
132731 21630 4480 10461 21630 22530 22643 24443 5720.785776203882 5
133365 3147 16909 47624 3147 4047 4790 6590 8301.837294008305 5
133366 4659 4101 3508 4659 5559 21633 23433 3989.3978248654853 5
133367 21646 4740 2857 21646 22546 22666 24466 3659.8032452841726 5
134647 21414 126342 3127 21414 22314 22252 24052 3325.5748397427233 5
134648 49839 100502 35956 49839 50739 51183 52983 13020.260885689047 5
135343 2841 36541 11924 2841 3741 4716 6516 13940.690301374043 5
135344 4383 7611 5568 4383 5283 5585 7385 6092.018825512 5
135345 20990 4249 12092 20990 21890 21981 23781 5612.486408939252 5
135346 21632 35757 100397 21632 22532 22655 24455 7124.60972353843 5
136086 3408 11370 12655 3408 4308 4551 6351 4883.880732380145 5
136087 4377 65531 7793 4377 5277 5361 7161 4105.569473317206 5
136088 4945 5425 88277 4945 5845 21807 23607 2048.8879155723303 5
136847 4004 62136 11302 4004 4904 22193 23993 47870.007516915124 5
136848 49810 12309 3513 49810 50710 50900 52700 6975.077699025923 5
137653 3867 85488 3117 3867 4767 5398 7198 8281.928578819625 5
137654 21323 11252 15855 21323 22223 51221 53021 20257.342483260374 5
138491 2834 7336 7688 2834 3734 4019 5819 6170.450058398502 5
138492 4552 2671 13213 4552 5452 5753 7553 3488.031084342036 5
139126 4342 13774 4795 4342 5242 21479 23279 10321.246842963077 5
139127 21089 100433 9889 21089 21989 22312 24112 7146.6183742579515 5
140398 20815 43465 11515 20815 21715 21747 23547 3302.7707157948257 5
140399 21399 5421 9431 21399 22299 22376 24176 6920.254088120795 5
140400 35934 10116 12299 35934 36834 5414 7214 12022.540142533775 5
141724 3217 7737 87646 3217 4117 4390 6190 6009.146665849437 5
141725 3990 2773 7802 3990 4890 4775 6575 2334.007808461144 5
141726 21795 62237 77994 21795 22695 22635 24435 12187.326936245201 5
141727 35500 7793 7883 35500 36400 36249 38049 2603.3331206754992 5
141728 35902 70110 6798 35902 36802 50610 52410 6864.064180190603 5
142631 2912 11892 7973 2912 3812 4662 6462 10144.181712135793 5
142632 4128 10696 11195 4128 5028 5211 7011 4227.081669148679 5
142633 20937 4364 40576 20937 21837 21678 23478 2200.48111453859 5
142634 21247 105360 99227 21247 22147 22146 23946 2602.2693551197035 5
143296 5036 62238 3125 5036 5936 21465 23265 44324.93793764723 5
143297 20991 8311 125980 20991 21891 50411 52211 2481.0885806494593 5
144074 3321 14237 106929 3321 4221 4577 6377 5631.027484301412 5
144075 4283 11440 10357 4283 5183 5288 7088 3792.619083527383 5
144913 3901 12274 83406 3901 4801 5117 6917 5606.885367225767 5
144914 4873 8329 10470 4873 5773 5751 7551 3447.833886159307 5
145675 2899 129004 3117 2899 3799 4044 5844 4003.7892249238735 5
145676 4154 5199 3376 4154 5054 21767 23567 10366.856699686603 5
145677 21987 5433 6364 21987 22887 5241 7041 2403.0155349531487 5
146157 2829 44882 62134 2829 3729 5327 7127 46677.509186941075 5
146158 50838 2850 4235 50838 51738 5229 7029 3335.8011229426465 5
146712 3208 100453 14007 3208 4108 4412 6212 6369.720252630627 5
146713 3992 2634 123226 3992 4892 5307 7107 6599.999090728008 5
146714 21043 11302 10045 21043 21943 22105 23905 4961.6495335644 5
146715 22036 7090 14491 22036 22936 18134 19934 2905.2647566965397 5
147271 3445 123881 14492 3445 4345 4659 6459 5451.021116200391 5
147272 4510 15495 13210 4510 5410 5714 7514 4414.683782700627 5
147273 21618 16926 95954 21618 22518 22656 24456 4337.831020036204 5
147274 50598 15188 10054 50598 51498 51432 53232 3090.996573868917 5
147953 2855 2495 3571 2855 3755 4846 6646 17735.290886114097 5
147954 21678 6723 55852 21678 22578 22638 24438 3995.6955132570583 5
147955 49794 14804 11509 49794 50694 50913 52713 5729.500914686341 5
148777 4175 62211 101799 4175 5075 5498 7298 15857.245523800453 5
148778 21542 2849 4745 21542 22442 22406 24206 3503.5717189227034 5
148779 35402 100477 85476 35402 36302 36438 38238 6200.663331449243 5
148780 49856 8239 103607 49856 50756 3669 5469 6237.447362181374 5
150008 4029 104737 36189 4029 4929 5083 6883 3310.2023376000893 5
150658 4147 124899 71419 4147 5047 5706 7506 21691.91993841695 5
150659 21131 86191 1434 21131 22031 22116 23916 4879.344393668496 5
150660 21768 36301 100325 21768 22668 22600 24400 2267.997006919006 5
151517 2971 100472 96747 2971 3871 3763 5563 2405.4747405003714 5
151518 3538 7885 109980 3538 4438 4452 6252 4937.644486888336 5
151519 49643 34095 124731 49643 50543 50737 52537 29516.142637488534 5
152109 4408 62172 47462 4408 5308 50365 52165 45001.22175877049 5
152797 2868 3124 6800 2868 3768 4013 5813 5563.473315551827 5
152798 3662 13216 11965 3662 4562 4507 6307 3246.474235432077 5
152799 4160 104878 37019 4160 5060 5069 6869 2991.7329460554374 5
152800 4807 104416 4738 4807 5707 5707 7507 3554.8437762758085 5
152801 50040 4725 108378 50040 50940 5307 7107 41156.25988218714 5
153555 4705 61405 57199 4705 5605 5635 7435 2570.329122846832 5
153556 21281 2661 93808 21281 22181 22285 24085 6262.289636716297 5
153557 21837 14928 14805 21837 22737 22677 24477 4375.786265302555 5
153558 49642 8312 57198 49642 50542 50358 52158 2180.766420238973 5
154376 2947 9551 37019 2947 3847 4151 5951 7831.989474565011 5
154377 3908 130628 130107 3908 4808 5387 7187 5642.786786699488 5
154378 21283 126342 3124 21283 22183 22276 24076 3737.2504986098206 5
155080 3977 14799 2784 3977 4877 5266 7066 8557.652500547 5
155081 5109 6392 12096 5109 6009 21551 23351 10970.125501365206 5
155082 21340 35768 1402 21340 22240 22476 24276 6795.202281252777 5
156588 20823 100502 93560 20823 21723 22623 24423 47844.132065355814 5
156589 36276 1393 15191 36276 37176 37056 38856 2743.1655959841814 5
156590 50236 36219 8934 50236 51136 18006 19806 12231.01577901017 5
157275 3369 12072 7655 3369 4269 4552 6352 4663.258577339252 5
157276 4166 2132 4284 4166 5066 5448 7248 12903.28883161164 5
157277 21287 61403 36315 21287 22187 22217 24017 4644.815230877602 5
157278 21963 6797 62139 21963 22863 50240 52040 48201.737932152675 5
159322 50611 5790 12097 50611 51511 51451 53251 3097.274314330601 5
160051 3866 6611 33512 3866 4766 5433 7233 34288.243146790905 5
160052 21389 4479 5567 21389 22289 22583 24383 8187.817546152114 5
160796 3241 121554 14928 3241 4141 4250 6050 2585.6959641419685 5
160797 4000 5549 123880 4000 4900 5085 6885 4282.0420889234 5
160798 4608 74055 104777 4608 5508 5604 7404 4958.8098048879565 5
160799 21128 11840 36014 21128 22028 22673 24473 15364.120853869981 5
160800 50686 3123 8317 50686 51586 3561 5361 2599.373831176632 5
161438 4819 62172 13204 4819 5719 21983 23783 45866.05276363929 5
162150 21451 104696 11670 21451 22351 50353 52153 14372.971544934451 5
162956 2855 4747 6801 2855 3755 3937 5737 4155.317102451591 5
162957 3488 8089 11511 3488 4388 4938 6738 6964.53687089606 5
162958 4499 130810 100470 4499 5399 5700 7500 6207.2913205169525 5
162959 49983 45310 62142 49983 50883 51395 53195 39202.33042517678 5
163456 21349 109472 2978 21349 22249 50355 52155 37552.95771572753 5
163457 50482 7347 85092 50482 51382 51443 53243 3923.86345245673 5
164233 3208 5194 45587 3208 4108 4661 6461 6631.945944912337 5
164234 4345 16912 11435 4345 5245 5358 7158 2577.467631009733 5
164235 20815 120285 120332 20815 21715 21594 23394 3157.659917485874 5
164236 21231 4475 4245 21231 22131 22332 24132 7522.343554047617 5
164237 50437 2631 4726 50437 51337 3613 5413 8526.834398551113 5
164835 20823 35940 237 20823 21723 21681 23481 3503.347066026003 5
164836 21536 77947 72294 21536 22436 22677 24477 12915.100881731907 5
164837 35854 14008 1572 35854 36754 36867 38667 5944.787521137078 5
164838 49639 796 16389 49639 50539 50755 52555 17880.2052596012 5
165226 4963 43464 7445 4963 5863 21702 23502 10379.845451462556 5
165227 21727 7893 4368 21727 22627 22448 24248 2013.1299802090725 5
165894 3383 3117 17692 3383 4283 5364 7164 14474.30993722528 5
165895 21251 129765 2888 21251 22151 22634 24434 14335.285985875094 5
166652 3686 124701 11885 3686 4586 4970 6770 6063.579341792924 5
166653 21413 486 11671 21413 22313 22663 24463 9708.11362207969 5
167403 21241 5454 119285 21241 22141 22070 23870 6201.893033398164 5
168045 4591 91174 90665 4591 5491 5734 7534 4847.189616338468 5
168046 21086 43019 35947 21086 21986 22314 24114 10812.599718530673 5
168684 4654 109472 8219 4654 5554 21459 23259 34286.3399545251 5
168685 21031 93852 93915 21031 21931 22654 24454 28418.292480347245 5
169444 3776 116381 9557 3776 4676 5030 6830 6126.67175186665 5
169445 50042 98604 6626 50042 50942 50870 52670 2910.6878043983606 5
170023 21738 62242 24 21738 22638 22637 24437 16659.121569520645 5
170473 3497 9488 7733 3497 4397 4541 6341 3049.5034179264676 5
170474 4219 107145 95431 4219 5119 5484 7284 6991.886715567334 5
170475 5008 9901 123213 5008 5908 21836 23636 8012.275029651074 5
170476 21787 35750 43204 21787 22687 22634 24434 3586.2424957151966 5
171085 20874 62173 39932 20874 21774 22128 23928 21816.44786526812 5
171737 3279 3115 104606 3279 4179 4198 5998 2551.9811148014223 5
171738 3783 4089 10040 3783 4683 5015 6815 5141.770554868256 5
172438 2831 7684 43401 2831 3731 3754 5554 2625.7492034323514 5
172439 3574 12309 14071 3574 4474 4843 6643 7292.377335229 5
172440 4421 16909 16704 4421 5321 5573 7373 6117.120047593141 5
172441 21209 95335 100437 21209 22109 22028 23828 2582.787793846698 5
172442 21573 6158 2676 21573 22473 22520 24320 6738.425029441166 5
173053 3309 57151 91399 3309 4209 5220 7020 21720.730526885927 5
173726 3108 7477 62144 3108 4008 4980 6780 40255.48574313865 5
173727 21834 2493 7094 21834 22734 22674 24474 4414.999242461995 5
174471 3053 130530 125576 3053 3953 4982 6782 20359.320854336278 5
175092 3492 13231 86175 3492 4392 5028 6828 12471.473203043224 5
175093 20838 109472 16031 20838 21738 22639 24439 45136.040724695864 5
175094 50130 10772 99969 50130 51030 50993 52793 4381.296695651877 5
175565 3159 6725 43451 3159 4059 4236 6036 4246.9565894895 5
175566 4076 66156 11974 4076 4976 5296 7096 8214.385830195402 5
175567 21058 3114 93915 21058 21958 22679 24479 18325.523390947244 5
176251 3980 16927 1037 3980 4880 21533 23333 2868.4639231420624 5
176252 21369 11376 83290 21369 22269 22400 24200 5979.190616039625 5
176253 35551 91532 2808 35551 36451 36299 38099 2155.108526140776 5
176828 4614 62239 85458 4614 5514 22006 23806 48700.545745244686 5
177504 3106 10472 88270 3106 4006 4107 5907 4676.53883563669 5
178347 2867 11419 11765 2867 3767 3843 5643 4481.052479303688 5
178348 3691 3515 85379 3691 4591 4668 6468 2935.524106872667 5
178349 49839 100420 124638 49839 50739 51003 52803 6311.639919450795 5
178350 50545 7656 12093 50545 51445 3655 5455 10370.291411589915 5
179163 20854 9331 9830 20854 21754 21624 23424 2954.34624715961 5
179164 21218 7882 44882 21218 22118 22324 24124 3714.3017311642434 5
179165 21970 74143 12298 21970 22870 36307 38107 9337.617705782583 5
179906 3981 11868 34095 3981 4881 5722 7522 35267.296997167716 5
179907 21290 3129 10361 21290 22190 22137 23937 3818.2016635013006 5
179908 35550 16925 14522 35550 36450 36653 38453 7012.068753675397 5
179909 36380 6404 7807 36380 37280 3794 5594 9121.770057903062 5
180594 2818 35718 1951 2818 3718 3944 5744 5359.979008729574 5
180595 3618 6086 12982 3618 4518 5532 7332 16209.247515828874 5
180596 21136 4488 6086 21136 22036 22648 24448 15073.862777675318 5
181714 4237 62172 8313 4237 5137 21975 23775 43644.01736580311 5
181715 21643 5426 2164 21643 22543 5278 7078 7324.54768882402 5
182328 2957 9109 15637 2957 3857 4060 5860 4604.71294284633 5
182329 4213 12298 94920 4213 5113 5192 6992 3624.228521169999 5
182330 5056 12033 5550 5056 5956 21547 23347 9241.796032314698 5
182331 35487 10048 9397 35487 36387 36630 38430 6804.560183668724 5
183022 21518 35757 36303 21518 22418 22478 24278 5944.428305484335 5
184369 2862 12211 35948 2862 3762 3681 5481 2254.512392743158 5
184370 3429 125607 10909 3429 4329 5097 6897 9187.99344022063 5
184371 4695 87643 7759 4695 5595 22309 24109 7409.60856982667 5
184372 21944 36228 11509 21944 22844 50340 52140 6473.702652565487 5
184373 49840 7348 95411 49840 50740 51270 53070 17535.804627262594 5
185056 3412 128455 62141 3412 4312 5297 7097 44690.083873594456 5
185806 3052 11304 10169 3052 3952 4901 6701 12040.642938899078 5
185807 4815 18878 86197 4815 5715 5716 7516 3325.7480032366648 5
185808 50488 125607 3157 50488 51388 51140 52940 2209.841327402356 5
187224 2958 5582 6081 2958 3858 4685 6485 10649.611965589755 5
187225 4522 14069 95362 4522 5422 5596 7396 3876.285140514108 5
187226 20827 11919 77957 20827 21727 21571 23371 2399.9193974364316 5
187227 22026 36228 109468 22026 22926 50473 52273 41634.55488943833 5
188135 3297 18063 8069 3297 4197 4960 6760 8461.61713405085 5
188136 5102 42278 125356 5102 6002 21862 23662 11708.902530323398 5
188137 21794 112165 130445 21794 22694 22635 24435 2627.5487684867803 5
188934 3091 7085 10474 3091 3991 4305 6105 5710.023090261633 5
188935 4395 91520 8325 4395 5295 5612 7412 6421.753901875187 5
188936 20828 33983 6923 20828 21728 22386 24186 41888.639952487385 5
190156 2867 102047 58633 2867 3767 4498 6298 11740.149329535123 5
190157 21032 8846 2976 21032 21932 22042 23842 5682.428251054347 5
190158 21653 2860 6367 21653 22553 22669 24469 6704.583233150707 5
190988 36276 96635 11862 36276 37176 37056 38856 3885.8905758377114 5
190989 50081 10253 5573 50081 50981 51106 52906 3902.2977098098777 5
190990 50660 10268 2570 50660 51560 3782 5582 4734.5644912324115 5
191763 4355 73370 3134 4355 5255 5736 7536 5455.676838757446 5
192517 4693 7655 96909 4693 5593 5712 7512 9701.18369336919 5
192518 21035 14547 1431 21035 21935 21840 23640 3858.3467128790107 5
193333 35624 11844 93915 35624 36524 37066 38866 19133.191908346435 5
193937 3977 35755 109960 3977 4877 5215 7015 5094.9451958059035 5
193938 21141 62237 11435 21141 22041 22642 24442 43308.777642185036 5
194363 3801 6365 3114 3801 4701 5267 7067 6710.131166341665 5
194364 20965 38074 13016 20965 21865 21920 23720 3804.7298540182983 5
194365 21688 45538 7849 21688 22588 22507 24307 2541.89588469046 5
194366 50085 5696 1821 50085 50985 3800 5600 3426.442484281836 5
195153 3012 2143 14069 3012 3912 4076 5876 4306.955553744912 5
195154 3537 126801 70341 3537 4437 4623 6423 3375.455149149936 5
195155 4734 4248 44932 4734 5634 5755 7555 5149.154069969253 5
195156 21277 62222 7797 21277 22177 22658 24458 40819.82611785222 5
195157 50317 2958 71442 50317 51217 51460 53260 12597.874370692036 5
195698 3344 3616 3123 3344 4244 4448 6248 3632.798498155047 5
195699 4711 7973 24574 4711 5611 50368 52168 36700.33340866855 5
196218 21006 9556 35751 21006 21906 22394 24194 6479.205189333561 5
196219 21918 4103 13219 21918 22818 22638 24438 2258.4066780888124 5
196971 3227 4249 11428 3227 4127 4529 6329 5361.180845138055 5
196972 49626 11919 35759 49626 50526 50540 52340 4235.954906926185 5
197800 2820 8369 16583 2820 3720 4407 6207 9647.143627603136 5
197801 4108 55525 88270 4108 5008 5494 7294 9457.320372749393 5
198426 3463 123435 13221 3463 4363 4510 6310 5858.003891264417 5
198427 4765 85395 14492 4765 5665 21850 23650 4716.467537561072 5
198428 21696 85403 100445 21696 22596 22656 24456 6252.064908508823 5
198429 49977 8375 44471 49977 50877 3833 5633 6824.721155223011 5
201041 3312 2976 91487 3312 4212 4532 6332 5493.018940913305 5
201042 4089 128753 10040 4089 4989 5146 6946 2469.845678081042 5
201043 4841 11370 14492 4841 5741 5741 7541 4516.459839033465 5
201044 21163 130874 128167 21163 22063 22104 23904 3695.652341356412 5
201724 2846 14793 1462 2846 3746 4746 6546 15466.174080978635 5
201725 4884 119113 13694 4884 5784 22133 23933 7643.62154599117 5
201726 35270 71200 4732 35270 36170 36387 38187 14807.685933246777 5
202177 3978 4101 11945 3978 4878 4959 6759 3877.429317994553 5
202830 3718 15994 53486 3718 4618 5020 6820 7424.442602541369 5
203622 3184 14658 3123 3184 4084 4356 6156 2542.544451191994 5
203623 4120 126340 117657 4120 5020 5253 7053 3655.1225432468277 5
203624 20951 6722 2851 20951 21851 21728 23528 2053.4640056675844 5
203625 21817 91205 91581 21817 22717 22657 24457 3315.3604203129003 5
204394 2977 4742 35964 2977 3877 4379 6179 11815.19995358624 5
204395 21456 7883 8921 21456 22356 22369 24169 3491.76313391658 5
205222 2836 3513 4740 2836 3736 4011 5811 4452.864999633974 5
205223 3539 14803 6785 3539 4439 5119 6919 2643.593650942202 5
206022 3741 3513 95437 3741 4641 4794 6594 4395.442487526199 5
206023 4485 11370 127648 4485 5385 5651 7451 7303.329026079763 5
206024 21461 57186 10053 21461 22361 22454 24254 6611.921246016839 5
206799 3767 11952 13214 3767 4667 4832 6632 4206.490124067698 5
206800 4781 129440 52689 4781 5681 22397 24197 31651.01904363468 5
207532 4848 100405 62217 4848 5748 50972 52772 40932.05245127882 5
208266 21374 85477 3123 21374 22274 22609 24409 6973.745302478099 5
209005 3434 103790 111730 3434 4334 5164 6964 44195.25801060494 5
209006 20824 3131 3141 20824 21724 21657 23457 2925.9283578266204 5
209007 21360 11400 5571 21360 22260 22150 23950 2389.3871484669057 5
209008 35430 109905 93915 35430 36330 36963 38763 23231.576803575368 5
210454 4710 24517 34095 4710 5610 5730 7530 21893.280637575477 5
211156 2825 10471 4190 2825 3725 3707 5507 3674.1096028781008 5
211157 3304 10352 129817 3304 4204 4282 6082 3032.7445330500987 5
211158 4488 3117 5435 4488 5388 5747 7547 5429.742807777608 5
212022 3754 120326 64179 3754 4654 4831 6631 5924.9376382320615 5
212023 4993 100435 121333 4993 5893 22115 23915 3195.3411117602645 5
212024 21768 9900 12274 21768 22668 22606 24406 3920.779771000471 5
212025 35686 4746 17785 35686 36586 37010 38810 11637.204364179339 5
212810 3140 10169 39988 3140 4040 5037 6837 10105.48838277086 5
212811 21057 6887 77817 21057 21957 21851 23651 2225.2380867532415 5
212812 50530 44483 5198 50530 51430 51430 53230 4521.167295180062 5
213509 2951 8217 7857 2951 3851 4182 5982 7785.985253768135 5
213510 49657 12250 7797 49657 50557 50678 52478 4671.9586388352245 5
214307 3129 10097 18266 3129 4029 4237 6037 4568.329590240303 5
214308 4135 3114 7653 4135 5035 5302 7102 3090.4883740198356 5
214309 49665 35988 103607 49665 50565 50983 52783 11867.739382996691 5
214310 50610 5425 4108 50610 51510 5439 7239 8189.209493782695 5
215067 4201 2823 5009 4201 5101 5002 6802 2523.7632443735592 5
215068 49685 71438 62141 49685 50585 50894 52694 26265.643758247847 5
215678 4684 33990 36723 4684 5584 5703 7503 28183.14690897293 5
215679 20933 11920 5585 20933 21833 21769 23569 2727.273765907476 5
215680 21525 8324 109959 21525 22425 22425 24225 11807.144575794015 5
216433 3310 247 7910 3310 4210 4689 6489 8559.305293828802 5
216434 4651 12653 10165 4651 5551 5731 7531 3762.8583116111554 5
216435 21361 128272 7798 21361 22261 22425 24225 5107.496473209049 5
216864 35655 8241 5767 35655 36555 36516 38316 3461.896499246055 5
217390 3541 3120 103575 3541 4441 4463 6263 2204.095797976874 5
217391 4826 7973 16912 4826 5726 5726 7526 3401.43056980784 5
218165 21747 4480 3376 21747 22647 22647 24447 3775.179749090241 5
218166 35322 11451 18368 35322 36222 36079 37879 2433.437261979107 5
218167 35539 9332 6110 35539 36439 36762 38562 13770.482532858308 5
218906 4065 7856 11507 4065 4965 5262 7062 6491.481881343558 5
218907 4825 4237 2160 4825 5725 22398 24198 7159.735158531775 5
219734 21061 130530 4367 21061 21961 22169 23969 7181.316058025689 5
219735 50607 4306 44470 50607 51507 51447 53247 4040.150944017454 5
220471 2830 35718 3174 2830 3730 3891 5691 4945.138468890621 5
220472 3688 114589 7141 3688 4588 21759 23559 14901.810348102446 5
220473 21451 14481 17219 21451 22351 22365 24165 5374.41921864648 5
221189 3124 6081 15531 3124 4024 4400 6200 5582.956959051321 5
221190 5135 3117 11435 5135 6035 5739 7539 2676.523942644357 5
221969 4889 96982 11346 4889 5789 5732 7532 2271.791420254444 5
221970 21459 7909 104795 21459 22359 50400 52200 9887.844068949082 5
221971 50716 11298 11309 50716 51616 3618 5418 6823.415239860792 5
222776 3301 14796 512 3301 4201 4231 6031 2589.5151568614765 5
222777 3892 65531 6081 3892 4792 5322 7122 4316.381592266818 5
222778 5067 4732 62194 5067 5967 22084 23884 45652.136965769314 5
222779 49618 129817 3113 49618 50518 50533 52333 3614.313284586618 5
223505 20931 11351 14511 20931 21831 21977 23777 5614.2606503990855 5
223506 21531 58918 14811 21531 22431 22506 24306 4517.734087220422 5
224975 3048 88752 8061 3048 3948 4541 6341 9260.678891697973 5
224976 4001 91536 5469 4001 4901 5674 7474 9356.154017107852 5
224977 20815 10474 125774 20815 21715 21727 23527 5268.276054260775 5
224978 21187 109902 8236 21187 22087 21958 23758 9422.681689353094 5
224979 21490 2813 5454 21490 22390 22661 24461 7013.622131248665 5
225709 4356 33994 64492 4356 5256 22647 24447 26704.196259837976 5
226523 2909 6796 53539 2909 3809 3833 5633 3051.261253712063 5
226524 3326 53536 104777 3326 4226 4326 6126 2640.366936090156 5
226525 4286 5471 125086 4286 5186 21419 23219 6494.950757200808 5
226526 21298 14003 57176 21298 22198 22509 24309 9296.888607013174 5
226527 35234 130810 7893 35234 36134 36287 38087 7419.393608069912 5
226528 50280 128388 71221 50280 51180 51420 53220 19681.681250071615 5
227936 3256 103790 62111 3256 4156 4924 6724 42763.330335193896 5
227937 49738 67531 65495 49738 50638 50808 52608 8412.993870700939 5
228707 3250 91516 8312 3250 4150 4219 6019 2673.4337325676915 5
228708 4043 96982 95221 4043 4943 21583 23383 5558.540444250317 5
228709 21263 11378 36303 21263 22163 22182 23982 4379.306549573656 5
228710 49921 1841 91498 49921 50821 51465 53265 12169.634184393779 5
229411 3177 8205 125619 3177 4077 5109 6909 23608.737375252942 5
229412 5018 101709 40518 5018 5918 5737 7537 2353.425481760676 5
230083 20892 109472 7479 20892 21792 22632 24432 37129.80133637949 5
230968 2862 7085 4382 2862 3762 4291 6091 8181.949115889188 5
230969 4092 3646 14799 4092 4992 5336 7136 7719.987490034903 5
230970 5104 7880 3525 5104 6004 21799 23599 9851.65778304977 5
230971 21323 7684 3621 21323 22223 22254 24054 4085.430007655606 5
230972 50117 125607 65759 50117 51017 3653 5453 6773.299070205654 5
231669 20993 15185 4379 20993 21893 22137 23937 6917.719351346958 5
231670 50116 53530 127760 50116 51016 51166 52966 4556.714956888986 5
232357 3126 2945 4730 3126 4026 4369 6169 7303.314971466078 5
232358 4323 12763 35959 4323 5223 5704 7504 12070.367842503136 5
232359 21283 8307 16820 21283 22183 22086 23886 3071.0024668148576 5
233102 2853 11711 5549 2853 3753 4013 5813 4804.832396545585 5
233103 3507 16032 85423 3507 4407 4992 6792 6546.499940691568 5
233104 4457 123213 8551 4457 5357 5425 7225 3047.263519965769 5
233105 20861 8234 100420 20861 21761 21715 23515 3129.2497273379863 5
233106 21602 6150 4916 21602 22502 22623 24423 6777.388007299401 5
233922 3321 125744 9889 3321 4221 4351 6151 4792.324652646771 5
233923 3839 54896 15737 3839 4739 21859 23659 5674.710463985336 5
234428 3521 4724 111725 3521 4421 5326 7126 46439.62977212496 5
235076 3540 88277 4085 3540 4440 4528 6328 2700.2269113402913 5
235077 4072 4086 9434 4072 4972 21777 23577 9395.602558466711 5
235078 21534 100483 6728 21534 22434 51418 53218 18161.33770201379 5
235879 3779 12617 3701 3779 4679 4766 6566 3877.8128561974963 5
235880 4505 50057 36302 4505 5405 5285 7085 2216.5368126004346 5
235881 50196 121556 4247 50196 51096 51140 52940 3031.9578844559055 5
236575 4120 109460 2851 4120 5020 5741 7541 43173.78189563767 5
236576 50561 4380 17001 50561 51461 3501 5301 4259.187778909945 5
237223 3303 4249 69217 3303 4203 4876 6676 11969.975776035732 5
237224 4882 37444 11401 4882 5782 5722 7522 2784.296484311572 5
237225 49671 24999 62147 49671 50571 50785 52585 22276.134601905924 5
237998 3149 87625 116426 3149 4049 5353 7153 16435.33699553794 5
237999 50297 36050 7107 50297 51197 51438 53238 10586.662791999976 5
238779 3711 4796 2505 3711 4611 4803 6603 7032.3489992535015 5
238780 4897 116946 87262 4897 5797 5737 7537 3028.504756996362 5
238781 50660 10170 7086 50660 51560 3488 5288 8919.601015109358 5
239452 2870 10696 11509 2870 3770 3772 5572 3320.0321718574314 5
239453 4416 11841 126694 4416 5316 5737 7537 6593.781249535698 5
239454 21000 7340 11428 21000 21900 22090 23890 7896.71836500509 5
240181 21165 4243 1434 21165 22065 22328 24128 9439.554045450466 5
240182 21912 6921 6368 21912 22812 22632 24432 2261.8017506404676 5
241025 3690 6084 9437 3690 4590 5213 7013 7485.484720017378 5
241889 20872 4245 44282 20872 21772 21746 23546 2782.145735964297 5
241890 21486 4732 36308 21486 22386 22624 24424 7501.0512667897765 5
242937 2861 8509 35748 2861 3761 4004 5804 3446.397770327418 5
242938 4406 14796 11329 4406 5306 5752 7552 8757.107027166094 5
243717 2868 7830 41712 2868 3768 4573 6373 31027.56621442856 5
243718 50046 235 87770 50046 50946 51360 53160 9881.914613557954 5
244480 4320 6391 100467 4320 5220 5242 7042 2780.574781831099 5
245258 3012 100447 7643 3012 3912 4115 5915 4925.976323229196 5
245259 3644 4248 17173 3644 4544 4805 6605 6023.674052381078 5
246073 2817 36725 62166 2817 3717 3740 5540 13501.860694900388 5
246074 21186 10710 83305 21186 22086 50518 52318 13760.10208750946 5
246631 4556 62241 716 4556 5456 5757 7557 34926.691479381494 5
246632 21906 10460 62141 21906 22806 3570 5370 43512.32451798951 5
247165 2870 1454 1486 2870 3770 4351 6151 5870.239820005471 5
247166 4321 35970 14769 4321 5221 5451 7251 6525.544995326252 5
247167 20852 45611 130674 20852 21752 21787 23587 4927.344813752686 5
247168 21433 5422 121555 21433 22333 22362 24162 3299.012942981347 5
247169 50553 5570 5561 50553 51453 3817 5617 2454.5570951613013 5
247932 3314 5469 3120 3314 4214 4195 5995 2051.4351425056543 5
247933 3877 95437 6720 3877 4777 4793 6593 2461.7181772072604 5
247934 4293 14797 48296 4293 5193 5359 7159 4262.934118195455 5
247935 21656 18639 11767 21656 22556 22670 24470 6251.453273359784 5
248688 49650 8228 9657 49650 50550 50486 52286 4407.254861282549 5
248689 50501 120331 121555 50501 51401 5248 7048 9973.441971790442 5
249411 5032 12192 91502 5032 5932 21802 23602 6409.0666688618685 5
249412 21618 53535 12274 21618 22518 22638 24438 6107.393658928364 5
250134 3288 7648 12200 3288 4188 4538 6338 12918.601578124284 5
250719 4505 62241 448 4505 5405 5706 7506 33803.94832967794 5
250720 21302 33948 46453 21302 22202 22626 24426 39051.35499109785 5
251397 3271 130813 104605 3271 4171 4523 6323 4711.710877657731 5
251398 4431 104794 10469 4431 5331 5754 7554 7774.301442228999 5
251399 21165 13398 9904 21165 22065 22349 24149 7778.456788664088 5
251400 49624 4240 62121 49624 50524 51158 52958 42744.20288045698 5
252196 2826 16866 4193 2826 3726 3848 5648 2459.0282216770556 5
252197 3680 100391 121454 3680 4580 5170 6970 7062.122949016444 5
252198 4646 10350 8313 4646 5546 5584 7384 2427.088994074317 5
252879 4825 85078 117283 4825 5725 5727 7527 2413.8776007038578 5
252880 50363 117661 3123 50363 51263 51349 53149 3481.0103555258474 5
253672 3021 85127 95536 3021 3921 3888 5688 3126.597981564611 5
253673 3391 65529 4101 3391 4291 4233 6033 2398.675341006693 5
253674 3993 3125 88697 3993 4893 5568 7368 13025.141815515954 5
253675 20886 12092 17177 20886 21786 21756 23556 4454.943979290554 5
253676 50218 1957 13392 50218 51118 51418 53218 10888.137587696037 5
254493 3871 72316 109915 3871 4771 5143 6943 8498.048570209145 5
254494 21484 3372 9557 21484 22384 22222 24022 2323.555685816177 5
254495 21848 6367 11378 21848 22748 22628 24428 3522.6376385690514 5
254496 36038 2855 58933 36038 36938 37010 38810 4306.145539602396 5
254497 50264 4102 2675 50264 51164 51250 53050 6120.359860494267 5
255347 2866 10473 123331 2866 3766 4801 6601 16921.045210604152 5
255348 20873 62219 62205 20873 21773 22134 23934 4791.411064898788 5
256140 3155 4241 12980 3155 4055 4302 6102 5667.489613476967 5
256141 3976 91435 87643 3976 4876 5078 6878 5844.98786407192 5
256142 4793 5454 14015 4793 5693 5754 7554 3769.758942743717 5
256143 20903 3117 129638 20903 21803 21724 23524 2379.319960758284 5
256144 50423 4240 2412 50423 51323 51216 53016 2803.827670169105 5
256958 3474 100502 11509 3474 4374 4557 6357 3797.198558994512 5
256959 4115 37005 5455 4115 5015 4928 6728 3801.9143168676137 5
256960 4510 103790 103609 4510 5410 5217 7017 2151.3889025071717 5
256961 4951 87633 5927 4951 5851 21515 23315 2894.636197012722 5
256962 21179 102045 123729 21179 22079 22293 24093 7989.388369417738 5
256963 21941 6802 8216 21941 22841 3543 5343 8573.024349332878 5
257757 2857 36723 62115 2857 3757 3874 5674 21117.749554535727 5
257758 4669 87625 7671 4669 5569 21682 23482 7674.2506887100735 5
257759 21381 53535 7973 21381 22281 22216 24016 2739.0423048222206 5
258467 4552 5558 42317 4552 5452 5753 7553 5289.637400051469 5
258468 50636 3634 5570 50636 51536 5702 7502 5488.90381591001 5
259101 2855 975 1436 2855 3755 4470 6270 17112.269465975492 5
259102 4179 40578 7140 4179 5079 5515 7315 6215.801687764784 5
259875 3942 100544 7100 3942 4842 4997 6797 4530.66307247476 5
259876 21134 121454 5394 21134 22034 22373 24173 11898.488146888732 5
260369 3505 100387 8319 3505 4405 4722 6522 5689.367043030843 5
260370 21427 36066 129817 21427 22327 22627 24427 12010.906514559447 5
260371 49918 5566 17172 49918 50818 50955 52755 4929.545096799866 5
261040 3660 98504 6728 3660 4560 5712 7512 34674.258911716206 5
261770 2891 46438 10058 2891 3791 4808 6608 9107.304941852202 5
261771 4979 5471 1400 4979 5879 21821 23621 5394.802778089882 5
261772 50689 16531 7800 50689 51589 17960 19760 3732.369683487817 5
262504 3822 3113 13209 3822 4722 4852 6652 4235.407576716727 5
262505 4607 18352 39952 4607 5507 5747 7547 3588.081709882775 5
262506 21015 10533 2906 21015 21915 22636 24436 17988.17034096603 5
263146 2825 131230 16692 2825 3725 3700 5500 2431.1395705786863 5
263147 3340 7090 14592 3340 4240 4341 6141 4320.74432705722 5
263148 4694 3124 100418 4694 5594 5714 7514 3407.011753387814 5
263873 4541 109472 71082 4541 5441 5742 7542 34210.3507248424 5
264355 3987 71764 7647 3987 4887 4950 6750 3678.7941416314566 5
264356 20856 10161 129537 20856 21756 22369 24169 7543.180376184809 5
264357 50522 8318 82254 50522 51422 3826 5626 38947.96789857607 5
265184 2957 2661 74054 2957 3857 3834 5634 2493.2170773627995 5
265185 5154 100427 11986 5154 6054 21629 23429 9863.908609025537 5
265186 21619 9558 5425 21619 22519 36114 37914 7299.106408404483 5
265187 50079 123451 85453 50079 50979 3814 5614 3808.540481548973 5
265890 49667 8326 96985 49667 50567 50693 52493 6507.939133371415 5
266705 4032 8353 14965 4032 4932 5211 7011 6601.995873580259 5
266706 20945 71298 130351 20945 21845 21792 23592 7319.476819127314 5
266707 49668 107556 62117 49668 50568 50514 52314 14348.764789064171 5
267285 4417 109472 54407 4417 5317 5390 7190 7898.813971126831 5
267957 21365 12093 5206 21365 22265 22355 24155 6267.32661646535 5
267958 50237 65712 9520 50237 51137 51196 52996 4492.836462911039 5
268639 4140 3114 77790 4140 5040 5701 7501 4662.1022738318015 5
268640 21251 71756 8838 21251 22151 22162 23962 4986.503834601225 5
268641 35324 51751 95437 35324 36224 36187 37987 3023.1170287375508 5
268642 49636 3114 109469 49636 50536 51437 53237 46746.30130244592 5
271290 20832 18350 6887 20832 21732 21807 23607 3509.1895298690997 5
271291 21542 130027 18064 21542 22442 22486 24286 3595.8002241461063 5
271988 20863 44473 104050 20863 21763 21783 23583 3748.62923310703 5
271989 21769 16531 71207 21769 22669 22669 24469 8582.747101971225 5
271990 50580 36231 8065 50580 51480 51420 53220 2546.8206283929626 5
272687 3405 128486 128727 3405 4305 4645 6445 3802.2001162428633 5
272688 4112 111704 3124 4112 5012 21724 23524 3605.0464692757737 5
272689 21278 126707 64515 21278 22178 22233 24033 3209.7251035131635 5
272690 21735 111701 11235 21735 22635 22634 24434 3175.5876487423293 5
272691 49981 11403 120794 49981 50881 50919 52719 5566.636556233647 5
274001 4444 18056 104745 4444 5344 5704 7504 4906.499724865484 5
274603 21914 9553 11402 21914 22814 35861 37661 5632.483941550264 5
274604 35527 85418 8293 35527 36427 36777 38577 8861.993195020661 5
274605 36320 2813 65758 36320 37220 3697 5497 7939.505660554058 5
275552 3124 104185 11509 3124 4024 4030 5830 4052.541396220295 5
275553 3682 130699 5116 3682 4582 4612 6412 4884.544970058476 5
275554 21216 111704 6725 21216 22116 22117 23917 4178.7439664933 5
275555 35277 131142 4741 35277 36177 36372 38172 5980.036313217606 5
275556 36198 10120 12091 36198 37098 37039 38839 2696.7736780747136 5
276435 2857 121554 62217 2857 3757 5027 6827 44285.641047325524 5
276436 21403 85093 130530 21403 22303 22305 24105 3951.9007706467182 5
277296 4127 126938 35759 4127 5027 5294 7094 4668.54876526126 5
277297 20846 5195 39988 20846 21746 21821 23621 2238.1772011263574 5
277927 5039 10049 58820 5039 5939 21543 23343 54061.86436088464 5
278586 3647 44356 107762 3647 4547 4704 6504 8882.547786828618 5
278587 4945 109465 65773 4945 5845 50298 52098 44111.505362226206 5
279286 49659 14135 11670 49659 50559 50759 52559 7728.423558642077 5
279287 50428 3861 6638 50428 51328 51242 53042 3682.46740326361 5
279877 4246 62173 2855 4246 5146 5748 7548 40676.298952492216 5
279878 50007 11196 7644 50007 50907 50973 52773 4243.133670127571 5
280642 3780 96664 4735 3780 4680 4803 6603 3783.9909976788254 5
280643 21292 86217 3157 21292 22192 22406 24206 9057.7836504088 5
281467 3220 130350 125774 3220 4120 4173 5973 5033.918850035395 5
281468 3999 4792 125097 3999 4899 5563 7363 5563.524501679502 5
281469 5111 11420 7892 5111 6011 21827 23627 6941.845034279769 5
281470 21312 14004 4869 21312 22212 22361 24161 4654.335317625895 5
281471 35230 11402 9554 35230 36130 36282 38082 5985.386034894999 5
282151 2842 42334 11895 2842 3742 3835 5635 4268.937732888225 5
282152 3745 6376 128317 3745 4645 5064 6864 8014.12523907099 5
282153 50378 87376 9351 50378 51278 51291 53091 3324.953480201475 5
284202 5097 9488 12299 5097 5997 21477 23277 8583.170974328612 5
284203 21833 3340 100325 21833 22733 22673 24473 3513.0122353217293 5
284916 3146 3115 7611 3146 4046 4616 6416 9648.446271731616 5
284917 4205 7325 4795 4205 5105 5492 7292 10182.962373857357 5
284918 5139 9488 1697 5139 6039 22105 23905 16733.876401079382 5
285659 21412 11404 4688 21412 22312 22314 24114 3720.8716017771794 5
286516 4065 10475 45608 4065 4965 5288 7088 5399.833956765905 5
286517 50425 11509 1954 50425 51325 5377 7177 18388.170900684316 5
287219 3465 3383 7104 3465 4365 4772 6572 7112.822365249726 5
287220 4722 10270 86229 4722 5622 5742 7542 4725.037517101353 5
287221 21029 6370 254 21029 21929 22013 23813 5920.462559945256 5
287222 21633 7843 8027 21633 22533 22654 24454 5512.844375070005 5
287223 49809 3141 5197 49809 50709 51018 52818 7182.111889416239 5
288059 3678 15112 91524 3678 4578 5220 7020 10695.386457393486 5
288060 4747 12764 65759 4747 5647 5707 7507 2781.9880874627947 5
288061 20982 33500 3124 20982 21882 21937 23737 6609.739994798569 5
288062 21501 129879 4745 21501 22401 35987 37787 2264.578569072021 5
288841 3269 3137 112045 3269 4169 5233 7033 13077.933051785074 5
288842 21413 85424 8318 21413 22313 22251 24051 4278.822456712643 5
288843 50494 2950 1934 50494 51394 3538 5338 10511.11453923961 5
289667 20866 6366 129440 20866 21766 21852 23652 6632.398902290806 5
289668 21415 10052 6773 21415 22315 22431 24231 3724.7218265129204 5
289669 36071 38074 18151 36071 36971 37032 38832 17079.26441867471 5
290496 3013 5782 45309 3013 3913 4535 6335 12350.078958016617 5
290497 20864 4235 44282 20864 21764 21727 23527 4323.202636874563 5
290498 21850 103578 87182 21850 22750 22632 24432 2046.742836094321 5
291190 3771 62206 7962 3771 4671 5710 7510 43538.719855066614 5
292784 4516 6376 48790 4516 5416 5717 7517 8463.89407732703 5
292785 20913 3618 48794 20913 21813 22003 23803 6351.898937979282 5
292786 21499 4245 14480 21499 22399 22468 24268 4976.202492394428 5
292787 49885 85449 87182 49885 50785 51131 52931 7588.468822051789 5
293453 2851 100412 65206 2851 3751 3768 5568 3092.214366698541 5
293454 3778 10935 95362 3778 4678 4981 6781 11719.027492901121 5
293455 20950 4724 11850 20950 21850 22671 24471 12478.884402314594 5
293456 50783 36007 127639 50783 51683 17979 19779 17171.981802718165 5
294263 4027 18447 48296 4027 4927 4847 6647 2891.5353171586075 5
294264 4644 11304 3132 4644 5544 5723 7523 4732.654174112447 5
294265 21253 42282 1431 21253 22153 22173 23973 4415.403499875436 5
294266 21864 10261 86217 21864 22764 22644 24444 2674.9514025300273 5
295092 21115 65799 3132 21115 22015 22011 23811 3579.231104655484 5
295093 21691 85403 85423 21691 22591 22433 24233 2693.6718644992043 5
295094 35670 15994 86170 35670 36570 36729 38529 6479.300729888774 5
295095 50304 2799 59163 50304 51204 51444 53244 18609.04895097766 5
295781 4152 3114 2808 4152 5052 5642 7442 8809.96499237547 5
295782 21291 3113 6801 21291 22191 22404 24204 7433.106385726722 5
295783 21942 8093 93915 21942 22842 36739 38539 24910.824990641402 5
296641 4566 123214 7093 4566 5466 5706 7506 8260.538716156992 5
296642 21077 104753 95437 21077 21977 22213 24013 6048.707362161301 5
297581 2923 3133 7887 2923 3823 3725 5525 2310.9167332047837 5
297582 3394 8312 117657 3394 4294 4225 6025 3177.1002973092286 5
297583 3906 16031 9108 3906 4806 4886 6686 3111.3323272108832 5
297584 4663 65516 11766 4663 5563 5575 7375 4159.256519744887 5
297585 20980 5471 15517 20980 21880 22365 24165 13749.90565512138 5
297586 49791 104439 62003 49791 50691 51380 53180 36965.51711909895 5
298586 20863 9110 5577 20863 21763 21765 23565 4134.410914818148 5
299239 4922 101997 6724 4922 5822 21644 23444 7066.639851649558 5
299240 21326 87344 15108 21326 22226 22373 24173 5599.247113967968 5
299241 35708 2950 7784 35708 36608 36846 38646 7884.877886430343 5
299242 50179 53530 100432 50179 51079 50991 52791 2823.837036861222 5
299243 50458 129472 8084 50458 51358 51419 53219 5156.313184736384 5
299916 2845 10048 11943 2845 3745 3839 5639 2895.9364744487843 5
299917 3335 654 88474 3335 4235 4713 6513 7019.531797736963 5
299918 4291 14797 11888 4291 5191 5662 7462 7844.336479298684 5
299919 50042 3517 11752 50042 50942 50891 52691 4411.546015391961 5
300603 50300 5568 105053 50300 51200 51394 53194 6790.910760086891 5
301213 2873 6783 130333 2873 3773 4029 5829 2935.059686456259 5
301214 3573 11438 85458 3573 4473 4826 6626 7467.666253254477 5
301215 4399 6214 5622 4399 5299 5721 7521 8659.65190629737 5
301216 21308 36228 130530 21308 22208 22446 24246 6378.110647518009 5
301217 21968 95426 8325 21968 22868 73041 74841 4852.553539891076 5
301916 3059 10460 14797 3059 3959 4231 6031 5232.381882230301 5
301917 4880 11511 62125 4880 5780 21864 23664 44949.92286117075 5
301918 50583 87175 6081 50583 51483 3569 5369 3189.37237952076 5
302806 3100 14797 4994 3100 4000 5522 7322 10074.258513910714 5
302807 21404 4871 87182 21404 22304 22662 24462 9072.098218335925 5
302808 36034 70435 35999 36034 36934 37054 38854 8939.428229431232 5
302809 50161 44472 11670 50161 51061 51203 53003 6785.147820051412 5
303639 4036 12765 64175 4036 4936 4823 6623 2387.9017111457633 5
304536 4080 44470 8380 4080 4980 5289 7089 7762.221746468582 5
305274 3579 128869 1398 3579 4479 4962 6762 5741.4029329980585 5
305275 4915 7880 13182 4915 5815 5703 7503 2237.5198288406978 5
305276 50490 7478 5562 50490 51390 18740 20540 19154.016921496936 5
305958 2859 8328 6370 2859 3759 3858 5658 2939.703218493206 5
305959 3431 36300 7140 3431 4331 4402 6202 3178.0264165096132 5
305960 4065 10457 15994 4065 4965 5079 6879 4664.487073042335 5
305961 4869 33501 129817 4869 5769 50397 52197 5885.04000738702 5
306640 4714 128229 7679 4714 5614 21937 23737 7144.307812717542 5
306641 21834 35755 3140 21834 22734 22677 24477 3144.147962985564 5
307201 35474 16303 44932 35474 36374 37035 38835 2885.899656829608 5
307758 3608 3861 91539 3608 4508 4880 6680 5639.634875920628 5
307759 21137 49479 35951 21137 22037 22546 24346 11024.800243068656 5
308506 3449 14003 7208 3449 4349 4452 6252 5775.019865672492 5
308507 4240 3156 5519 4240 5140 22506 24306 13230.058127463113 5
308508 35472 15498 4691 35472 36372 36294 38094 3434.3625242556955 5
309084 49623 12076 7687 49623 50523 50845 52645 6936.534016571362 5
309085 50364 85469 10097 50364 51264 51445 53245 9184.721388543148 5
309748 3615 3114 57127 3615 4515 5716 7516 2672.4120185271663 5
309749 21452 7797 7831 21452 22352 22291 24091 3303.0983420015286 5
309750 49616 11887 126392 49616 50516 50783 52583 6898.527003286464 5
310400 4784 4786 14490 4784 5684 5741 7541 3954.8477293970977 5
310401 20949 3865 36080 20949 21849 21926 23726 6039.4224441426495 5
310402 21662 106766 87661 21662 22562 22623 24423 3694.244851863704 5
310917 2832 71359 3115 2832 3732 4424 6224 8013.464500909234 5
310918 3888 3115 4480 3888 4788 5609 7409 9575.00020742326 5
311628 2880 7201 12655 2880 3780 4159 5959 10142.12149923572 5
311629 4540 58636 5194 4540 5440 5533 7333 4941.963259150307 5
312100 36257 100427 104874 36257 37157 18351 20151 5794.182841653328 5
312825 3270 9109 16530 3270 4170 4390 6190 5949.229492440822 5
312826 4233 6156 44282 4233 5133 5567 7367 7700.265877799186 5
312827 20818 11712 10835 20818 21718 21533 23333 2031.929507522508 5
312828 21109 104878 11428 21109 22009 21902 23702 4041.879323635072 5
312829 21414 13213 18056 21414 22314 22493 24293 5078.815700757605 5
312830 49650 85377 9473 49650 50550 3422 5222 5715.380544667553 5
313585 2852 13999 7085 2852 3752 4137 5937 7295.846715456675 5
313586 3985 129789 4101 3985 4885 5018 6818 5112.717815199113 5
313587 20847 7880 125067 20847 21747 21821 23621 3350.838607708634 5
313588 35929 9903 62147 35929 36829 50264 52064 44553.62603995176 5
314310 3046 4740 85477 3046 3946 4224 6024 7145.886508383415 5
314311 4723 4729 9903 4723 5623 21599 23399 2348.0265105471394 5
315094 4975 12973 100436 4975 5875 21607 23407 4190.048643808623 5
315554 20816 48765 7830 20816 21716 21804 23604 8086.925742061875 5
316652 21520 10360 4738 21520 22420 22240 24040 2504.1143491040652 5
317378 3327 10249 7886 3327 4227 4447 6247 4519.003283868445 5
317379 3957 95434 17070 3957 4857 5219 7019 4166.435273647617 5
317380 20858 3516 6801 20858 21758 21855 23655 3844.8467096438876 5
317381 21638 4388 120271 21638 22538 22658 24458 4845.08874511133 5
318095 21166 62239 4246 21166 22066 22667 24467 42485.42821183717 5
318096 35290 6804 3573 35290 36190 37071 38871 14178.521125631156 5
318732 21799 16531 69953 21799 22699 36192 37992 14630.66882478666 5
318733 50161 3925 7828 50161 51061 3520 5320 12880.682559790193 5
319441 3184 58696 74141 3184 4084 4450 6250 5421.126440663703 5
319442 4010 77410 6803 4010 4910 5539 7339 9056.891148830775 5
319443 21452 13211 7089 21452 22352 22409 24209 3202.658482078683 5
320199 3352 128545 4245 3352 4252 4395 6195 7407.478100272319 5
320200 4392 5567 6798 4392 5292 5289 7089 3318.9491316572894 5
320201 4764 85402 7689 4764 5664 5583 7383 2293.9704083651036 5
320202 35245 42272 44909 35245 36145 36176 37976 4175.516500692817 5
320966 20904 5539 10466 20904 21804 22347 24147 6979.735252986216 5
320967 36027 4245 7097 36027 36927 36976 38776 5213.156410569628 5
321806 3547 5470 61609 3547 4447 21546 23346 11497.041033000456 5
321807 21835 55539 129633 21835 22735 22675 24475 3953.4691476554185 5
323427 2839 2572 2954 2839 3739 3792 5592 3011.145740598286 5
323428 3785 3369 83305 3785 4685 4811 6611 4392.435878554593 5
323429 4279 36310 7146 4279 5179 5275 7075 3540.902925848688 5
323430 5122 6366 8923 5122 6022 21617 23417 8156.945782932197 5
323431 21271 94429 10533 21271 22171 22333 24133 2643.8788564582537 5
323432 50826 1978 77787 50826 51726 5568 7368 22824.59423488604 5
324118 35268 40565 7585 35268 36168 36337 38137 11826.722123479802 5
324119 36158 11253 1701 36158 37058 37059 38859 3320.933407237345 5
324940 3549 7651 18430 3549 4449 4735 6535 3452.1787343463297 5
324941 4729 125668 15846 4729 5629 21703 23503 11716.29812535944 5
324942 21638 16532 17669 21638 22538 22572 24372 4073.0092000037316 5
324943 49996 4235 4738 49996 50896 50892 52692 3906.4442933219093 5
325698 2861 12972 12983 2861 3761 4119 5919 4675.654217807856 5
325699 3855 10911 91541 3855 4755 5439 7239 8851.260390857704 5
325700 20814 10470 11291 20814 21714 22139 23939 15866.132114129503 5
326459 2895 6363 8312 2895 3795 3919 5719 4362.514267770646 5
326460 3766 77414 6924 3766 4666 5636 7436 10210.754221381741 5
326461 21269 9109 28917 21269 22169 22657 24457 17282.109578292024 5
326462 50557 4742 11302 50557 51457 3579 5379 4020.590069300442 5
327256 4197 5548 11965 4197 5097 5313 7113 3016.532225250089 5
327257 20855 36317 14615 20855 21755 21960 23760 7206.9091035479105 5
327258 21941 68075 93915 21941 22841 51464 53264 23183.781196728032 5
328037 3104 14011 8294 3104 4004 4126 5926 3837.194561470974 5
328038 4079 9479 100376 4079 4979 5491 7291 6267.724345775157 5
328039 5042 2947 11969 5042 5942 21524 23324 6689.418024499752 5
328788 21358 16865 13220 21358 22258 22679 24479 8071.100103249135 5
330300 21331 10463 7909 21331 22231 22185 23985 3388.9422550324653 5
330301 49999 8083 483 49999 50899 50721 52521 2274.7646822347565 5
330990 2863 1400 91486 2863 3763 3909 5709 3434.2305051135572 5
330991 3675 9903 36306 3675 4575 4977 6777 6081.735329860482 5
330992 5099 50086 16044 5099 5999 21919 23719 8996.776257024023 5
331744 35254 6363 9900 35254 36154 36246 38046 5154.944200745717 5
331745 36397 100357 5471 36397 37297 50577 52377 8427.797986875827 5
331746 50293 130530 2653 50293 51193 51234 53034 4440.492614729175 5
332622 3782 91498 125884 3782 4682 4762 6562 3764.2399967170027 5
332623 4503 11844 35757 4503 5403 5694 7494 4979.5253548095425 5
332624 20882 36067 8237 20882 21782 22209 24009 9272.259584829426 5
332625 21780 7756 7590 21780 22680 5483 7283 7985.0130332207145 5
333358 2864 35744 14492 2864 3764 3836 5636 4459.583927082202 5
333359 3921 11415 25818 3921 4821 21708 23508 57268.78156854045 5
333360 35568 33568 126694 35568 36468 37051 38851 5006.315874882431 5
333361 50757 130931 35724 50757 51657 3781 5581 10795.760167382818 5
334683 21206 11950 16034 21206 22106 21941 23741 2067.707581330491 5
334684 21755 104874 1751 21755 22655 22656 24456 4717.252014970866 5
335616 4016 91205 78060 4016 4916 5599 7399 15009.487973387104 5
336172 3081 5566 7348 3081 3981 4214 6014 5664.4489151218395 5
336173 3881 8187 10277 3881 4781 5471 7271 10675.943040024886 5
336851 3515 4367 95538 3515 4415 4820 6620 9944.022583730553 5
336852 4797 4731 12973 4797 5697 5716 7516 2294.88969120542 5
336853 21094 11421 11894 21094 21994 22286 24086 10153.635567231888 5
337546 3724 16907 17219 3724 4624 4836 6636 4106.862178256795 5
337547 4406 130911 128599 4406 5306 5727 7527 9451.544146370332 5
338167 3087 10049 130720 3087 3987 4093 5893 4039.6213954228447 5
338168 3775 129735 2983 3775 4675 5557 7357 10521.058443699416 5
338918 49674 36057 12735 49674 50574 50598 52398 4476.3767413995465 5
338919 50589 12750 36034 50589 51489 51310 53110 2689.936841286634 5
339769 4040 3518 4748 4040 4940 5103 6903 4302.910716115348 5
339770 21678 120264 85419 21678 22578 22642 24442 7047.613936666462 5
339771 49628 87661 131090 49628 50528 50461 52261 2463.232481612199 5
340576 3691 3139 103575 3691 4591 5216 7016 7763.031401895247 5
340577 4694 100488 125250 4694 5594 5714 7514 4487.444128714388 5
340578 49630 44473 6669 49630 50530 50448 52248 2222.50379861381 5
341085 2820 146 10783 2820 3720 4197 5997 15269.724870280748 5
341609 20835 109461 5454 20835 21735 3438 5238 44927.55685561162 5
342312 3068 3114 8932 3068 3968 4542 6342 7137.420125220032 5
342313 20987 4098 121555 20987 21887 21827 23627 2610.223187237206 5
342314 21641 128753 57196 21641 22541 22663 24463 4816.231117317679 5
343259 2864 85094 1942 2864 3764 4499 6299 12049.785340131244 5
343260 4212 1935 69137 4212 5112 5712 7512 12309.655831991855 5
343261 21233 85368 6723 21233 22133 22266 24066 7308.975354345927 5
343262 21740 7086 7342 21740 22640 22678 24478 4519.157392259596 5
344028 2886 67973 62184 2886 3786 4577 6377 36821.56279198924 5
344476 4289 11774 12980 4289 5189 5218 7018 2573.204310850127 5
344477 4871 6783 85422 4871 5771 5616 7416 2065.772025668774 5
344478 21237 126342 59351 21237 22137 22585 24385 30747.139197996563 5
344479 50630 91205 3132 50630 51530 3795 5595 5935.971129775387 5
345042 3451 3630 3081 3451 4351 5721 7521 19807.999388236527 5
345043 49777 65804 9693 49777 50677 3678 5478 8709.245624648696 5
345479 50444 7885 46437 50444 51344 3823 5623 10280.610549932779 5
346276 3196 6887 95361 3196 4096 4065 5865 3428.214549239965 5
346277 4486 100506 2260 4486 5386 5746 7546 8665.744976795662 5
346278 20964 9693 10160 20964 21864 21796 23596 2487.7669046619585 5
346279 21428 6662 3144 21428 22328 22628 24428 5811.031863318594 5
346280 49872 91535 4085 49872 50772 51059 52859 8915.867157558627 5
346806 49631 59163 62123 49631 50531 50775 52575 18446.84637312492 5
347180 2821 7097 112165 2821 3721 4039 5839 6292.608326542839 5
347181 5129 77953 4348 5129 6029 21761 23561 6801.77246304332 5
347182 21390 5618 62114 21390 22290 50384 52184 50354.17874182764 5
347875 2826 95436 120324 2826 3726 3927 5727 6158.418423253769 5
347876 4218 128455 16703 4218 5118 5420 7220 5765.224610767235 5
347877 21193 4097 95434 21193 22093 22088 23888 3274.0071580126055 5
348312 21735 3116 65759 21735 22635 22438 24238 2109.669136877303 5
348858 50169 85446 3175 50169 51069 51401 53201 10792.460030107131 5
350405 49853 10469 83305 49853 50753 50701 52501 4970.264704700848 5
350406 50498 36310 36300 50498 51398 51338 53138 2313.567795154594 5
350836 50583 9889 18450 50583 51483 51423 53223 2523.065910459905 5
351334 3336 14797 85391 3336 4236 4579 6379 4773.023252561926 5
351335 4190 10058 6081 4190 5090 5410 7210 6721.1930978015425 5
351336 4877 111704 12765 4877 5777 5721 7521 2067.690740490999 5
351337 21231 117660 95803 21231 22131 22038 23838 2329.2868422798056 5
352757 35287 104878 12084 35287 36187 36158 37958 2463.337495113716 5
352758 50563 11971 44932 50563 51463 51463 53263 4102.9770099801935 5
353416 49844 1428 7882 49844 50744 82787 84587 5696.867050610398 5
353887 2836 4917 7099 2836 3736 4177 5977 10093.823888863953 5
353888 4859 3117 130374 4859 5759 21692 23492 24782.343932026346 5
353889 21770 94150 5559 21770 22670 5347 7147 26916.24843929154 5
354810 49651 11684 62116 49651 50551 50825 52625 27530.95117870515 5
355477 4591 7339 7100 4591 5491 5656 7456 4989.756041882023 5
355478 20850 11435 9521 20850 21750 21746 23546 2660.0384709845152 5
355479 49651 8330 2495 49651 50551 50616 52416 7018.479138023043 5
355915 21272 6367 127014 21272 22172 22391 24191 8674.510553055728 5
356740 2851 10048 17177 2851 3751 3974 5774 5980.512616906987 5
356741 3903 8930 14543 3903 4803 22082 23882 12743.54335914285 5
357455 2853 71378 95434 2853 3753 4030 5830 6066.894597522837 5
357456 3551 7087 11841 3551 4451 4571 6371 3471.1579454872567 5
357457 4338 65123 128782 4338 5238 5306 7106 5491.055685075188 5
357458 4799 117111 11444 4799 5699 5699 7499 2779.007760149238 5
357893 21142 5423 11069 21142 22042 22401 24201 9557.394824474612 5
358247 20830 7348 5113 20830 21730 21713 23513 3476.5748185187776 5
358248 21341 6940 98589 21341 22241 22134 23934 3472.248300791551 5
358249 21768 16927 14489 21768 22668 22669 24469 5269.8445731910415 5
358250 35667 14803 6638 35667 36567 36790 38590 9485.427987812118 5
358869 4674 39952 16530 4674 5574 21452 23252 6877.310483479915 5
358870 21075 6158 11438 21075 21975 22103 23903 4783.5634823856 5
358871 21583 11439 9857 21583 22483 22372 24172 2355.2604822480916 5
359310 3994 8325 104002 3994 4894 5557 7357 9892.064445026215 5
359311 21352 85431 6736 21352 22252 22320 24120 5726.572203852843 5
359312 21824 103577 5782 21824 22724 3790 5590 5017.719015323023 5
361167 2820 82178 127411 2820 3720 4656 6456 11540.120354941653 5
361528 21245 58634 6888 21245 22145 22291 24091 4779.591941228865 5
362108 2940 12749 100470 2940 3840 4723 6523 15142.13726479318 5
362109 4539 100482 16356 4539 5439 5680 7480 3793.527256707097 5
362110 21335 42334 36304 21335 22235 22153 23953 3012.330361410249 5
362111 21845 130370 96619 21845 22745 50320 52120 7379.239053343341 5
362624 2872 52609 56784 2872 3772 3862 5662 8550.817529372081 5
362625 4935 1477 117458 4935 5835 22618 24418 33757.25909542485 5
363044 3065 57421 104781 3065 3965 4509 6309 3497.0902914559156 5
363045 4460 14069 13152 4460 5360 5422 7222 2839.1241001467765 5
363046 21292 85364 2212 21292 22192 22581 24381 10665.305152666824 5
363527 2832 4962 65443 2832 3732 4268 6068 8302.150846313974 5
363528 3962 3510 4748 3962 4862 5166 6966 6332.905001400043 5
363529 20854 70795 5650 20854 21754 21739 23539 4763.596052816644 5
363954 50492 36279 72265 50492 51392 51452 53252 11180.10067525531 5
364359 3629 4242 35969 3629 4529 22542 24342 15683.546036573196 5
364360 49706 87624 3512 49706 50606 50800 52600 7897.469155120382 5
364779 21006 7101 1557 21006 21906 22056 23856 5606.193910633625 5
364780 21712 3658 10039 21712 22612 35878 37678 7000.496551485774 5
364781 35749 11371 17174 35749 36649 50754 52554 5616.192579461014 5
365232 3231 3510 104792 3231 4131 4131 5931 3619.4993010054864 5
365233 21192 70616 69801 21192 22092 22005 23805 3680.991816790366 5
365234 21780 10173 129245 21780 22680 22620 24420 4236.525559818145 5
365674 4050 74143 107204 4050 4950 4956 6756 2962.1441460030996 5
365675 4579 7644 16692 4579 5479 50345 52145 3148.3799904223793 5
365676 50608 3146 1394 50608 51508 51448 53248 5745.002979302354 5
366285 3571 4730 489 3571 4471 4617 6417 2799.801731570752 5
366286 4127 11713 115720 4127 5027 5748 7548 16600.048758106448 5
366287 21038 112058 2116 21038 21938 21964 23764 6720.348368706805 5
366288 50683 3523 6777 50683 51583 82716 84516 5283.908380103373 5
366787 21456 4997 111569 21456 22356 22436 24236 6253.2244975981275 5
366788 35789 128045 4741 35789 36689 36551 38351 2416.5859867913236 5
367515 5030 62172 96791 5030 5930 50402 52202 17063.917816111327 5
367861 50460 11852 93835 50460 51360 3510 5310 2674.166413964573 5
369853 4284 5194 6790 4284 5184 5725 7525 3636.853965389029 5
370426 3174 6801 80610 3174 4074 5111 6911 7793.757126730157 5
370427 21467 24518 11428 21467 22367 3712 5512 44374.6458695011 5
370922 49616 62202 62143 49616 50516 50372 52172 3844.1710508876395 5
371772 2934 10358 4745 2934 3834 3944 5744 3852.8096155242074 5
371773 3901 3117 85382 3901 4801 5390 7190 5476.146323244138 5
371774 36325 103569 10972 36325 37225 37033 38833 13963.944980298673 5
371775 50477 91489 86227 50477 51377 3621 5421 2781.806957326617 5
372812 21098 14799 11401 21098 21998 22137 23937 4919.624486963631 5
373460 2842 14779 4192 2842 3742 4298 6098 6938.084652051734 5
373461 4967 11370 2970 4967 5867 21588 23388 10828.394890796475 5
373462 50769 83314 14595 50769 51669 3530 5330 9416.420309675656 5
373957 3804 6887 8235 3804 4704 5386 7186 6926.8025713007655 5
373958 49975 6233 34379 49975 50875 51416 53216 36503.8581998502 5
374472 3646 11509 53533 3646 4546 4928 6728 5688.118685669045 5
374473 4626 5192 116949 4626 5526 5706 7506 3462.3002591298164 5
374474 21034 126596 117824 21034 21934 3682 5482 39617.474605831936 5
375005 2848 5425 3370 2848 3748 4205 6005 6947.852320940579 5
375006 4076 87772 5535 4076 4976 5059 6859 3284.1436246274634 5
375007 4851 95112 50070 4851 5751 5751 7551 3797.968170618937 5
-1
