0.9862574964573269;6.425024810779292;273;9891136 ;
1.0200783632653125;9.378310084049943;173;9255888 ;
0.8046490029778882;11.358978243163635;211;7882240 ;
0.9156930253619295;6.247032923136891;147;7972456 ;
0.9844194095806529;3.957969763260031;291;10166944 ;
0.9077244004479037;5.591053743380267;253;10434144 ;
0.6896736353137788;9.803592225921301;201;9129728 ;
1.0224689115525216;9.98005587798581;236;9717008 ;
1.2537976108232385;14.322602517689345;102;11976392 ;
0.900749484685134;4.912637620070402;166;7732640 ;
0.6652139644400343;5.10658446710069;218;8875048 ;
0.7269692321826074;3.3300277449602627;163;9926360 ;
0.999375682911821;12.444042779202878;196;8028992 ;
1.853292178964835;5.195662527429643;152;5879264 ;
0.7409999297987024;7.590805318672554;182;10307952 ;
0.7746071948664461;8.975782176500175;207;11762032 ;
0.6354351889356112;6.5533826416870395;154;15111200 ;
0.7235452029372407;2.36942888023608;119;9379448 ;
0.7307116812183369;9.099250474516229;148;9831832 ;
1.0547842053288254;8.492190939470394;171;10322208 ;
0.7324515972910295;10.218750662410267;241;8218392 ;
1.0405746406350833;5.151260930408039;168;6146680 ;
1.1844156327915463;5.091884783386397;189;12260720 ;
1.2563315107455622;9.576001241909232;221;13807696 ;
1.2757877039597765;7.454640058107103;159;4624264 ;
0.8192014692620369;15.207411155544978;164;10981128 ;
0.699069650173731;4.61106477116301;149;4030576 ;
0.714536455807679;1595.108333174452;235;9176088 ;
0.9768840846754452;3.8898579325509375;102;8582000 ;
0.7937471393727562;15.731940730173289;235;8295840 ;
Average---
0.9294481895588261
Average test---
60.772518706643936
Average size---
187.53333333333333
; Time: 125099--
 00 hours, 02 mins, 05 seconds
