Depots
436 6795 16306 5548 10041 17218 10663 124699 5248 4354 36571 9862 83552 23683 24359 111703 26551 21707 19002 64492 -1
Parkings
436  100
6795  100
16306  100
5548  100
10041  100
17218  100
10663  100
124699  100
5248  100
4354  100
36571  100
9862  100
83552  100
23683  100
24359  100
111703  100
26551  100
21707  100
19002  100
64492  100
64492  100
64492  100
23683  100
24359  100
108417  100
22839  100
21245  100
43366  100
24352  100
21707  100
19002  100
64492  100
64492  100
64492  100
64492  100
64492  100
64492  100
64492  100
64492  100
64492  100
21707  100
118255  100
118251  100
118250  100
115093  100
115093  100
115093  100
93915  100
93915  100
93915  100
93915  100
101203  100
8310  100
34998  100
-1
