r.id  r.timeCall  r.pickupLocationID r.deliveryLocationID  r.earlyPickupTime  r.latePickupTime  r.earlyDeliveryTime  r.lateDeliveryTime  r.maxTravelDistance  r.maxNbStops
2457 12582 10160 10271 12582 13482 13512 15312 4405.060642913838 5
2458 13132 5571 10421 13132 14032 14122 15922 5578.152671435549 5
2459 13807 16318 4788 13807 14707 14863 16663 4726.926927381663 5
2460 42890 8331 35757 42890 43790 64877 66677 4334.101999667316 5
2461 65979 3117 130699 65979 66879 67034 68834 4847.72632139993 5
3018 12708 62175 127992 12708 13608 14570 16370 40358.78119536065 5
3019 66953 59339 5454 66953 67853 68271 70071 26248.235748580097 5
3926 12082 100455 2634 12082 12982 12920 14720 3254.4469345577672 5
3927 12432 6367 4745 12432 13332 13412 15212 4936.6938073492065 5
3928 43237 929 71630 43237 44137 44257 46057 17338.04117374168 5
3929 64946 36012 7882 64946 65846 66381 68181 12183.992754282772 5
3930 66273 93802 62144 66273 67173 67911 69711 46903.85093568396 5
4570 13459 62088 64492 13459 14359 15291 17091 25008.535527299 5
4932 12060 36720 79595 12060 12960 13420 15220 76793.53761278636 5
6098 13064 802 7911 13064 13964 13976 15776 12324.698858958107 5
6099 13996 106771 4789 13996 14896 14917 16717 4476.304250530065 5
6773 64269 126694 104014 64269 65169 65540 67340 6530.128300402163 5
6774 65779 91552 10275 65779 66679 66882 68682 5386.608475553325 5
7467 12268 91512 14491 12268 13168 13408 15208 5864.784737034292 5
7468 13792 11439 7688 13792 14692 14903 16703 7369.133437341423 5
7469 64822 14574 62138 64822 65722 66703 68503 46944.0347445629 5
8355 12088 7095 3591 12088 12988 13835 15635 15575.280945537159 5
8356 14312 10725 3123 14312 15212 64984 66784 13403.870775224374 5
8357 64849 11965 6886 64849 65749 65858 67658 3109.027800679391 5
8358 65427 11373 5559 65427 66327 67113 68913 2563.5143506584636 5
9157 13085 16773 3376 13085 13985 13901 15701 3271.327792802229 5
9158 13602 3378 117780 13602 14502 14507 16307 3980.552046382804 5
9159 64311 57203 4724 64311 65211 65258 67058 2693.467593158712 5
9160 66035 2570 15631 66035 66935 67252 69052 8556.915498545106 5
9161 67676 129537 5548 67676 68576 68518 70318 3854.595388921065 5
9966 12399 11305 7687 12399 13299 13270 15070 3929.2185624646727 5
9967 13438 4676 62115 13438 14338 43909 45709 49441.07027541741 5
9968 65050 12765 3155 65050 65950 66536 68336 10993.553844543574 5
9969 67886 70362 14179 67886 68786 15188 16988 15177.389395187669 5
10696 12382 14797 8916 12382 13282 13162 14962 2580.5569821653376 5
10697 67236 35996 35964 67236 68136 68308 70108 2311.0000289970267 5
11342 12679 36094 36023 12679 13579 13805 15605 9025.337329016515 5
11343 13827 14252 3114 13827 14727 43330 45130 15763.424662439034 5
11344 43535 5571 10458 43535 44435 44255 46055 3363.9773578053187 5
11345 66233 7892 7095 66233 67133 67119 68919 2317.774192327166 5
11346 67518 11875 10467 67518 68418 68479 70279 5185.091350647397 5
11989 12796 127014 109715 12796 13696 14025 15825 8392.62664025213 5
12578 13542 84168 17688 13542 14442 14576 16376 5727.777458938679 5
13345 13459 36237 3376 13459 14359 14319 16119 4071.748589472158 5
13346 14035 36201 91567 14035 14935 14996 16796 4379.219462055132 5
13347 64762 11840 6770 64762 65662 65510 67310 2377.8949099991924 5
13348 66823 124596 100412 66823 67723 67595 69395 2426.0367703203847 5
14052 12101 18176 3124 12101 13001 13418 15218 9152.294902648586 5
14053 13459 14804 15531 13459 14359 14408 16208 2549.1707893601297 5
14054 13887 15185 3515 13887 14787 14901 16701 6129.6945169943465 5
14055 64404 4757 7885 64404 65304 65752 67552 4587.272920648643 5
14843 64303 83338 35963 64303 65203 65289 67089 5967.164648109459 5
15601 12993 109465 5566 12993 13893 14597 16397 44233.463273321795 5
15602 64312 109461 107553 64312 65212 66349 68149 26933.060728059583 5
15603 67608 61962 8930 67608 68508 15580 17380 54891.80090862865 5
16296 12829 95361 4104 12829 13729 13660 15460 2305.9693708507098 5
16297 13428 85451 4102 13428 14328 14215 16015 3072.535832397125 5
16298 13981 3128 4388 13981 14881 14927 16727 6493.746870318365 5
16299 65150 11395 55624 65150 66050 65996 67796 2613.8892325218935 5
17216 12057 61981 62120 12057 12957 12826 14626 2100.3979411045157 5
17217 13508 16926 2825 13508 14408 14592 16392 4373.51432483771 5
17218 64715 109613 24782 64715 65615 65788 67588 17659.54667335947 5
17219 66426 123513 35713 66426 67326 68467 70267 47732.6231984335 5
17973 65720 2359 109922 65720 66620 66805 68605 8865.36682084362 5
17974 67267 7264 71448 67267 68167 68468 70268 11960.766556538973 5
19314 12729 4100 7973 12729 13629 13759 15559 5035.237959620795 5
19315 13439 130368 18431 13439 14339 14263 16063 2270.616904098208 5
19316 42666 18193 62121 42666 43566 43958 45758 42886.33553113093 5
19317 64894 3135 130720 64894 65794 66027 67827 6296.896939354574 5
19318 65832 8312 9889 65832 66732 66794 68594 4035.9879165470456 5
19319 67079 85437 5202 67079 67979 67918 69718 4028.086118152608 5
19320 67741 8304 6782 67741 68641 68522 70322 2527.297413275922 5
19938 13957 75481 64492 13957 14857 64908 66708 23940.612379245867 5
19939 66661 62170 79056 66661 67561 67642 69442 9297.087336487935 5
20597 12978 125607 5204 12978 13878 14089 15889 8891.149202824341 5
20598 13560 11843 7846 13560 14460 14737 16537 7454.063331854833 5
20599 14289 44519 12280 14289 15189 14949 16749 4565.326365152711 5
20600 64297 7089 62136 64297 65197 65976 67776 44938.32065655187 5
21421 13070 114683 15964 13070 13970 13913 15713 4082.7876350209567 5
21422 13561 9432 14793 13561 14461 14838 16638 8247.908790613219 5
21423 64711 5420 126618 64711 65611 66107 67907 10908.963044471304 5
21424 66873 6374 9270 66873 67773 15178 16978 3081.571876679481 5
22163 12239 14657 8377 12239 13139 13172 14972 4599.277799766153 5
22164 13095 2810 125579 13095 13995 14223 16023 6416.344262475483 5
22165 43116 11301 10266 43116 44016 44257 46057 9025.829745539777 5
22166 66007 9904 2143 66007 66907 66889 68689 3843.8415149605535 5
22167 66924 11436 14493 66924 67824 67881 69681 5333.110750911989 5
22970 43060 11888 14009 43060 43960 64887 66687 5710.1934708730705 5
22971 64532 6372 87663 64532 65432 65679 67479 8063.197892854759 5
22972 65715 65531 7831 65715 66615 66895 68695 4329.252885518556 5
22973 66743 121555 65355 66743 67643 67786 69586 5280.836989233565 5
23803 42731 85465 3114 42731 43631 43674 45474 5559.359861893455 5
23804 64779 4380 130952 64779 65679 66013 67813 8939.756647145332 5
23805 66210 130823 103761 66210 67110 67120 68920 3007.81179005044 5
23806 67743 12071 82471 67743 68643 68523 70323 3112.912466723075 5
24704 65426 6223 3113 65426 66326 67324 69124 10989.124077935423 5
24705 67064 18371 86761 67064 67964 68286 70086 15376.594947510288 5
25465 64411 5196 109468 64411 65311 66326 68126 47086.77912677913 5
26191 12576 17218 116350 12576 13476 13376 15176 3006.330977882597 5
26847 12058 407 2679 12058 12958 13326 15126 17196.34592013369 5
26848 64272 78005 9889 64272 65172 66479 68279 39088.67036271914 5
26849 67177 4246 124914 67177 68077 68141 69941 3364.65044017303 5
27575 12556 5423 44282 12556 13456 13458 15258 4062.779809779404 5
27576 13652 5425 71271 13652 14552 14972 16772 21354.186651127762 5
28394 12066 3125 13210 12066 12966 12899 14699 2743.8730996585173 5
28395 12937 117658 47650 12937 13837 13851 15651 3899.3881215430806 5
28396 14141 129015 125121 14141 15041 14981 16781 2365.9808767219765 5
28397 64856 85416 85098 64856 65756 65956 67756 8509.68702293429 5
28398 65619 3114 62114 65619 66519 67365 69165 45474.30057636668 5
29250 13091 4107 12312 13091 13991 14712 16512 3438.254446781052 5
29251 14305 85459 14928 14305 15205 43378 45178 9504.830937972765 5
29252 43589 15186 130235 43589 44489 65471 67271 16656.0785847786 5
29982 12791 5192 7857 12791 13691 14037 15837 8813.669490606633 5
29983 13895 6156 18843 13895 14795 14902 16702 4719.632186918376 5
30564 12333 12826 123880 12333 13233 13137 14937 2489.67466329813 5
30565 13396 6724 35937 13396 14296 14438 16238 8094.298975787588 5
31144 12112 62172 87643 12112 13012 13739 15539 42503.379517580535 5
31145 42680 71368 109582 42680 43580 44029 45829 36984.4815605691 5
31798 12069 71188 66159 12069 12969 13414 15214 18970.11579505142 5
31799 13240 55685 8303 13240 14140 14460 16260 9422.781350831632 5
31800 64275 10261 13218 64275 65175 65366 67166 3826.889023416056 5
32538 14189 17353 5701 14189 15089 14970 16770 2227.8341261542346 5
32539 65192 2763 24415 65192 66092 66807 68607 10469.122074802575 5
32540 67367 49814 10479 67367 68267 68203 70003 3324.5344158275984 5
33374 64285 17647 8322 64285 65185 65828 67628 5140.84206829765 5
33375 66549 39949 62194 66549 67449 68336 70136 43803.97127326891 5
33935 12420 3381 9486 12420 13320 13798 15598 9412.33956347482 5
33936 13949 100433 49637 13949 14849 43713 45513 18945.194471024595 5
33937 64325 10053 130823 64325 65225 65355 67155 4979.300030310702 5
33938 65169 9903 65770 65169 66069 65980 67780 2037.0906297548586 5
33939 66327 12972 3117 66327 67227 67296 69096 2636.5764742780184 5
33940 67611 7100 483 67611 68511 14844 16644 3565.0409841000064 5
34675 12805 5622 6326 12805 13705 14981 16781 16477.420543600107 5
34676 65236 62108 4076 65236 66136 67093 68893 48181.28231127862 5
35428 12919 35331 11670 12919 13819 13949 15749 6687.8547326903545 5
35429 64555 62236 70345 64555 65455 66076 67876 43482.362553819825 5
35430 67337 82245 36535 67337 68237 68478 70278 32390.527707365254 5
36156 65624 61970 64492 65624 66524 67064 68864 22818.15758512193 5
36976 12313 4086 12088 12313 13213 13089 14889 2258.537700186269 5
36977 12779 7090 44280 12779 13679 13765 15565 4563.804807326132 5
36978 14229 10052 104022 14229 15129 66355 68155 11669.36388615427 5
36979 67287 14483 14807 67287 68187 68353 70153 3776.5241547027636 5
37863 13581 33988 4245 13581 14481 14963 16763 40755.767377219396 5
37864 66568 8230 54407 66568 67468 14855 16655 41602.702550133894 5
38666 64672 35693 2720 64672 65572 65462 67262 2911.7104327444226 5
39770 13394 62241 18431 13394 14294 14955 16755 44587.0004371948 5
39771 64860 130810 100479 64860 65760 65973 67773 5177.9701623021765 5
39772 65700 8205 6728 65700 66600 67944 69744 17719.902654617472 5
40446 12054 109529 115376 12054 12954 13802 15602 37109.77693409185 5
40447 13296 4897 5395 13296 14196 14075 15875 2688.6270553550016 5
40448 13748 1841 8299 13748 14648 65794 67594 12273.304985422057 5
40449 65921 5548 12974 65921 66821 66771 68571 2642.828452077535 5
40450 66403 11437 62168 66403 67303 68384 70184 42939.676520163535 5
41289 12817 3619 10269 12817 13717 13953 15753 6778.796726221855 5
41290 14164 77947 7887 14164 15064 14949 16749 2190.1512317348183 5
41291 66618 11403 5199 66618 67518 67463 69263 3687.7909978742223 5
41862 64317 88277 101211 64317 65217 65348 67148 3160.806941465028 5
41863 66583 5473 105052 66583 67483 67559 69359 3316.7649797737904 5
41864 67294 39988 107584 67294 68194 68492 70292 27195.473910571003 5
42485 13393 103999 3380 13393 14293 14276 16076 3429.3507465742327 5
42486 14021 100372 8313 14021 14921 14981 16781 6025.46626270493 5
42487 65229 124920 35997 65229 66129 66697 68497 9267.456521301801 5
42488 66684 8326 87625 66684 67584 68044 69844 9223.044997818 5
42489 67715 7656 124731 67715 68615 14650 16450 43629.07909339108 5
43211 13988 109465 3113 13988 14888 43410 45210 44655.80549256272 5
43212 65081 9903 64183 65081 65981 66056 67856 4210.807407017038 5
43213 66950 9903 10170 66950 67850 68324 70124 8102.697638611023 5
43990 12223 65331 35956 12223 13123 13672 15472 15137.361952339143 5
43991 13617 36012 85373 13617 14517 14998 16798 11692.939538183924 5
43992 43442 101199 46424 43442 44342 44222 46022 5232.820202969318 5
43993 65298 3134 5582 65298 66198 66195 67995 3987.554999516393 5
43994 66733 96982 4794 66733 67633 67730 69530 4956.418315175074 5
44848 12217 10424 16354 12217 13117 13772 15572 7270.364899361574 5
44849 64546 65207 130107 64546 65446 65730 67530 7640.688807909269 5
44850 67530 9902 58918 67530 68430 68411 70211 3547.1177397287206 5
45634 13386 61965 83784 13386 14286 14655 16455 18936.127327916718 5
45635 42697 107666 111753 42697 43597 43730 45530 14576.41825865651 5
46075 12660 4477 11699 12660 13560 13565 15365 4456.011609965768 5
46076 13504 14658 36015 13504 14404 14930 16730 14970.659179452 5
46077 65089 5113 3376 65089 65989 66358 68158 7070.664547566644 5
46934 67348 39952 85086 67348 68248 68496 70296 3565.9646960428267 5
47918 12679 10049 128486 12679 13579 13642 15442 3544.01688575099 5
47919 13331 18352 91506 13331 14231 14210 16010 2031.3624125383246 5
47920 64690 8301 117283 64690 65590 65522 67322 2793.7424474353743 5
47921 65385 96982 5454 65385 66285 66367 68167 2039.2566969129625 5
47922 66164 103790 5196 66164 67064 67130 68930 4084.8664670270764 5
47923 66803 5548 11752 66803 67703 67582 69382 2264.900016404241 5
47924 67477 11416 8316 67477 68377 68488 70288 4359.416938151603 5
48777 13674 11303 85468 13674 14574 14555 16355 2832.953078284275 5
48778 14163 85410 18357 14163 15063 14943 16743 3201.865435050395 5
48779 43531 4245 9902 43531 44431 44252 46052 2009.4302007894507 5
48780 66923 85477 119350 66923 67823 68483 70283 12363.864515614983 5
49581 12500 65331 7973 12500 13400 13391 15191 3042.2804746669485 5
49582 13203 9903 10054 13203 14103 14332 16132 4847.430746989656 5
49583 14085 85482 4737 14085 14985 64989 66789 6640.454600674611 5
49584 65017 11507 11199 65017 65917 66209 68009 7893.407891612958 5
49585 67918 2130 38064 67918 68818 14936 16736 10317.523872345322 5
50981 13202 45612 91512 13202 14102 14207 16007 4786.115316737625 5
50982 43426 12626 95347 43426 44326 65203 67003 8081.2416331154 5
50983 65945 100422 9553 65945 66845 67029 68829 4110.3323058162705 5
52201 12700 91205 6662 12700 13600 13755 15555 6439.963004494969 5
52202 14251 100456 125121 14251 15151 64967 66767 7790.168597991735 5
52203 67623 128388 406 67623 68523 68523 70323 3647.9817428349743 5
53037 65651 65531 4240 65651 66551 67321 69121 4675.361810939928 5
53885 67668 11840 11194 67668 68568 68508 70308 2745.024936983633 5
54664 12956 62230 11950 12956 13856 14758 16558 45495.74007575225 5
54665 43333 10916 36056 43333 44233 44233 46033 8371.356748923965 5
54666 64750 109571 64492 64750 65650 67406 69206 24084.715746406062 5
55766 13850 2138 4742 13850 14750 14771 16571 4038.8369133995348 5
55767 42713 46396 109477 42713 43613 43961 45761 31779.39591571092 5
55768 64307 59126 109477 64307 65207 65366 67166 21279.954131181403 5
56450 67007 6798 43324 67007 67907 68009 69809 3382.8147189409347 5
57250 12749 128911 96661 12749 13649 13620 15420 3097.239769482431 5
57251 64340 17105 13398 64340 65240 65810 67610 10326.280955957725 5
57826 12458 87175 10869 12458 13358 13594 15394 6136.524448201461 5
57827 13112 2948 11386 13112 14012 14238 16038 4562.493382279143 5
57828 67209 61929 21240 67209 68109 68492 70292 26203.846414505555 5
58570 12927 57203 7978 12927 13827 13732 15532 2599.8270009002676 5
58571 13248 2848 53539 13248 14148 14177 15977 4807.477989255741 5
58572 14250 126586 57202 14250 15150 14971 16771 2495.5251993168868 5
58573 66330 7085 11515 66330 67230 67240 69040 2361.94370196279 5
59185 12064 71127 91502 12064 12964 43431 45231 15395.693444273698 5
59186 43072 11417 85444 43072 43972 44065 45865 6779.623090245952 5
59187 65235 109465 7354 65235 66135 66651 68451 38400.8616591166 5
59188 67696 62172 64492 67696 68596 15126 16926 24228.256920283537 5
59914 12221 130911 11304 12221 13121 13186 14986 3883.398145602359 5
59915 13820 8327 8321 13820 14720 14497 16297 2051.544494855795 5
60814 13079 33593 64492 13079 13979 14550 16350 24367.01883151129 5
60815 42713 44932 62115 42713 43613 44258 46058 42271.109016886774 5
60816 65732 4745 4757 65732 66632 66602 68402 3511.167081722416 5
60817 66968 5192 130699 66968 67868 68002 69802 4421.656661546685 5
61575 64323 46439 11300 64323 65223 65755 67555 9605.80542138099 5
61576 67370 130810 36316 67370 68270 68522 70322 8029.573658018427 5
62372 12298 95335 8064 12298 13198 13136 14936 2442.461801277974 5
62373 13019 11862 10170 13019 13919 13791 15591 2615.0317263943307 5
62374 13334 50052 8313 13334 14234 14466 16266 9657.233005337666 5
62375 64336 80635 91439 64336 65236 65155 66955 3206.758189072553 5
62376 66165 3117 7648 66165 67065 66984 68784 2217.2247051813383 5
62377 67560 7645 5548 67560 68460 68520 70320 2102.446049567875 5
63159 13424 62172 16355 13424 14324 14997 16797 43554.47397052912 5
63160 64393 109934 9563 64393 65293 65290 67090 6246.601341074229 5
63161 66950 109476 6725 66950 67850 14601 16401 45384.17019930293 5
63854 42703 71628 62146 42703 43603 43994 45794 27586.778799576925 5
64722 64529 130823 87768 64529 65429 65894 67694 9272.67197429369 5
64723 65693 1429 5927 65693 66593 66825 68625 7097.514328572702 5
64724 66306 129879 123624 66306 67206 67317 69117 3344.9712945111146 5
65574 12222 54865 7973 12222 13122 13181 14981 4059.580179098981 5
65575 12881 85092 129182 12881 13781 14358 16158 14887.59866737626 5
66401 12056 22283 2098 12056 12956 12993 14793 3755.0787266669186 5
66402 13248 36236 3500 13248 14148 14109 15909 3354.802635435684 5
66403 64381 6392 77411 64381 65281 65246 67046 3949.8400143032286 5
66404 65340 3127 18639 65340 66240 66244 68044 2973.931482210911 5
66405 66627 13389 130810 66627 67527 67825 69625 8572.137636809968 5
66406 67357 10098 3620 67357 68257 68439 70239 5288.409856396204 5
67180 13429 17038 7759 13429 14329 14513 16313 5445.602851566022 5
67181 65241 100453 124852 65241 66141 66422 68222 5221.01268010313 5
67182 66661 125966 7087 66661 67561 67505 69305 2069.6232984328617 5
67183 67213 4730 8315 67213 68113 68044 69844 2531.254162851973 5
68540 67833 109461 71384 67833 68733 44337 46137 38573.14092515306 5
69242 14230 61915 3124 14230 15130 65601 67401 42967.10547523734 5
70002 12792 11194 8210 12792 13692 13827 15627 5277.357049716689 5
70003 13353 102047 15534 13353 14253 14213 16013 2635.597774109665 5
70004 13803 35773 10977 13803 14703 14943 16743 15484.595414251069 5
71338 64267 4239 11841 64267 65167 65185 66985 3870.3206500592305 5
72131 13117 103577 131003 13117 14017 14257 16057 8091.521282463631 5
72132 64331 7086 3147 64331 65231 65731 67531 8205.920159596933 5
72133 65451 7338 96545 65451 66351 66866 68666 10537.098953826306 5
72328 13399 7816 7800 13399 14299 14816 16616 6043.664162207264 5
72329 67190 127462 37012 67190 68090 68337 70137 4470.983740191782 5
73018 12393 129816 6800 12393 13293 13395 15195 6761.966848632482 5
73019 64687 4249 12729 64687 65587 65746 67546 3449.626214691971 5
73745 12087 15673 85477 12087 12987 12977 14777 4235.990148107038 5
73746 12985 10474 130699 12985 13885 14414 16214 8830.066716664505 5
73747 14134 65331 128388 14134 15034 14975 16775 4229.098118774377 5
73748 65214 120271 2572 65214 66114 66222 68022 4155.939405115269 5
73749 65805 36226 3376 65805 66705 66657 68457 2921.3245170214923 5
73750 66731 10251 5767 66731 67631 67782 69582 4523.569134951684 5
74329 12276 118265 38062 12276 13176 13056 14856 2175.9288023851277 5
74330 13441 8229 10866 13441 14341 14305 16105 3027.5259777321494 5
74331 13874 124694 2212 13874 14774 14836 16636 4831.741416092966 5
74332 65948 18357 127605 65948 66848 67151 68951 4914.180918257996 5
74333 67051 8468 7665 67051 67951 67978 69778 3022.0170386262753 5
74334 67735 44478 11401 67735 68635 68514 70314 3040.4093839426746 5
74972 65260 109476 104003 65260 66160 66808 68608 38441.80557963429 5
76428 12176 109472 7956 12176 13076 14208 16008 43920.52309951506 5
76429 14213 69862 96655 14213 15113 65406 67206 14274.649256332674 5
76430 65995 18357 14804 65995 66895 66854 68654 2106.3538118517663 5
76431 66747 96392 13581 66747 67647 67647 69447 2459.0330772496445 5
77469 65015 62172 11301 65015 65915 66907 68707 47315.26246532056 5
77470 66713 4086 131230 66713 67613 67682 69482 2990.8024839345417 5
78040 12073 8321 8235 12073 12973 13146 14946 6466.491729290944 5
78041 12796 124695 130090 12796 13696 13745 15545 5156.66301883316 5
78042 13503 11440 11885 13503 14403 14615 16415 6971.415030590963 5
78845 12366 16921 125430 12366 13266 13648 15448 7169.613116855015 5
78846 13362 13658 120312 13362 14262 14405 16205 7636.884126930134 5
78847 64549 16098 35997 64549 65449 65601 67401 6452.552057298183 5
78848 65541 7336 62147 65541 66441 67747 69547 49731.29952698807 5
79667 12476 7146 7893 12476 13376 13341 15141 3106.598781441802 5
79668 13124 10469 9438 13124 14024 14043 15843 6593.895528225031 5
79669 14028 36227 4365 14028 14928 14918 16718 4102.650344357804 5
80374 64272 975 62119 64272 65172 65535 67335 33750.76030567504 5
80375 66646 4244 3118 66646 67546 67371 69171 2049.8433053421695 5
81123 12438 61913 12092 12438 13338 14103 15903 43884.543951551655 5
81789 12247 69135 64492 12247 13147 14488 16288 62120.95097910671 5
81790 65211 87170 10040 65211 66111 66244 68044 4059.8524495578577 5
82379 12177 130752 14490 12177 13077 13093 14893 3471.191425929971 5
82380 13172 6724 14807 13172 14072 14122 15922 4560.806779970629 5
82381 13635 36317 10172 13635 14535 14644 16444 5671.3856092416145 5
82959 13888 62241 62121 13888 14788 44207 46007 2249.491822180058 5
83539 13474 8315 10362 13474 14374 14617 16417 3635.309231105551 5
83540 66185 10098 11766 66185 67085 67403 69203 7940.993923871204 5
84328 12134 11071 1569 12134 13034 13055 14855 4547.641711861126 5
84329 13474 3117 11770 13474 14374 14974 16774 8388.931675432623 5
85188 12061 18924 13286 12061 12961 13465 15265 9767.409217479848 5
85189 13224 2813 5927 13224 14124 14470 16270 7698.178410984823 5
85190 66912 128275 5196 66912 67812 68123 69923 7324.775963934255 5
86017 13864 4488 109966 13864 14764 43327 45127 4511.435453575264 5
86018 43443 125668 16356 43443 44343 65075 66875 2619.281414270141 5
86019 66407 11957 125744 66407 67307 67279 69079 2193.8977910893063 5
86020 67465 130823 9903 67465 68365 68379 70179 3274.328203157964 5
86831 12213 14615 85424 12213 13113 14968 16768 11639.483567569881 5
86832 64276 2504 3143 64276 65176 65578 67378 6865.13818909244 5
86833 67055 5418 7685 67055 67955 14609 16409 9282.24871748541 5
87562 13199 9434 12093 13199 14099 14603 16403 8734.237841411197 5
87563 66323 8063 43789 66323 67223 67244 69044 3189.036883380528 5
88232 13784 4871 5007 13784 14684 14573 16373 2332.1787072232796 5
88233 64312 15355 62117 64312 65212 65689 67489 40725.35251993555 5
88234 66779 35833 101213 66779 67679 67728 69528 7157.244764277521 5
88235 67452 5805 62119 67452 68352 14526 16326 44769.67485582946 5
89040 64519 109472 83784 64519 65419 66266 68066 20226.65541330037 5
89660 66084 33995 64492 66084 66984 67505 69305 26736.338729879386 5
90168 12675 109465 3114 12675 13575 14459 16259 44774.507974170556 5
90169 64763 109467 103933 64763 65663 66513 68313 45103.21539296203 5
90731 12945 18433 9488 12945 13845 13754 15554 3370.118122912969 5
90732 64278 70419 45670 64278 65178 65366 67166 6491.575110025422 5
91500 12056 46445 11507 12056 12956 12759 14559 2099.697188922621 5
91501 12333 51776 12093 12333 13233 13556 15356 9072.31766486842 5
92285 13280 96982 62124 13280 14180 43768 45568 45661.73686654986 5
93789 42660 18127 62137 42660 43560 43921 45721 33214.843874677004 5
93790 64295 86229 128727 64295 65195 65790 67590 6533.314952288483 5
93791 65936 11301 15495 65936 66836 66951 68751 4734.615134440043 5
93792 66578 9837 10048 66578 67478 67395 69195 2700.148115045952 5
93793 67635 7667 11965 67635 68535 68475 70275 3152.1408756591563 5
94598 12090 74697 130530 12090 12990 13653 15453 37518.48661637336 5
94599 13193 4191 35751 13193 14093 14019 15819 3760.484306996989 5
94600 14018 130752 12085 14018 14918 14847 16647 2728.0764903411196 5
94601 65848 2859 108819 65848 66748 67369 69169 9399.29921345534 5
95172 12501 11195 80428 12501 13401 13504 15304 2419.6937933684403 5
95173 13808 14592 2127 13808 14708 14948 16748 7542.7655895549415 5
95174 65709 62238 11301 65709 66609 67804 69604 47506.78937723222 5
95841 12445 8238 11557 12445 13345 13279 15079 2409.1939065658353 5
95842 12924 7213 13182 12924 13824 14019 15819 5687.735624365849 5
95843 13806 4725 127605 13806 14706 14665 16465 3874.3183287773445 5
95844 65709 3117 1935 65709 66609 67171 68971 10493.827761366056 5
95845 67545 12092 7973 67545 68445 14501 16301 5936.427566945052 5
96614 12130 10353 11301 12130 13030 13185 14985 4466.7524405796485 5
96615 12981 4690 8313 12981 13881 13913 15713 3325.80217819818 5
96616 64258 9560 11670 64258 65158 65400 67200 4003.5260667056136 5
96617 66226 7338 9558 66226 67126 67337 69137 4994.930126880382 5
97358 65196 4381 3148 65196 66096 66056 67856 2316.582217606861 5
97359 66684 10271 5209 66684 67584 14939 16739 6449.971010585565 5
98002 42679 93915 6728 42679 43579 43978 45778 35333.21551732399 5
98003 64364 130813 131230 64364 65264 65452 67252 3280.9972599734347 5
98720 13323 14804 15363 13323 14223 14774 16574 14501.67911790635 5
98721 43199 11960 4729 43199 44099 44160 45960 3042.43960885803 5
98722 64285 87633 77804 64285 65185 65473 67273 4970.676613825317 5
98723 67334 37009 129903 67334 68234 14532 16332 6836.91768620651 5
99321 64687 12976 47462 64687 65587 65754 67554 2945.5946727411133 5
99322 66575 10098 11301 66575 67475 67685 69485 4965.477254813156 5
100342 12775 15185 17688 12775 13675 13564 15364 2100.134473064713 5
100343 13888 9555 128753 13888 14788 14939 16739 5956.6339471867905 5
100982 12062 8030 100388 12062 12962 12955 14755 4327.127167307888 5
100983 12495 11699 112041 12495 13395 13546 15346 6037.229807587881 5
100984 13621 107639 18982 13621 14521 14408 16208 6095.66712216711 5
100985 66626 62230 85469 66626 67526 15297 17097 49115.35454155616 5
101548 12985 85466 10045 12985 13885 13994 15794 2989.1753183105357 5
101549 14301 88752 7347 14301 15201 65947 67747 11397.461337395864 5
102292 12315 2663 130752 12315 13215 13456 15256 6834.301199703559 5
103046 64773 6392 7782 64773 65673 65644 67444 2774.5716603397404 5
103047 67690 66688 6847 67690 68590 14781 16581 31557.160362244314 5
103711 43481 130893 70353 43481 44381 44262 46062 4541.679486327519 5
104476 64307 43193 1434 64307 65207 66214 68014 4837.829273564801 5
104477 67214 100463 11943 67214 68114 68470 70270 7395.859685584952 5
105200 42685 8236 130309 42685 43585 43446 45246 2585.2100466591696 5
105201 43150 4363 62171 43150 44050 65310 67110 43092.72886509202 5
105202 65476 109598 13802 65476 66376 67464 69264 40784.56161511993 5
105816 13620 103999 95344 13620 14520 14533 16333 4934.314583443922 5
105817 64484 4245 85388 64484 65384 66096 67896 10053.775611264153 5
106658 13356 45609 6736 13356 14256 14586 16386 4580.5175249956 5
106659 14228 11439 62120 14228 15128 43310 45110 43610.94047984081 5
106660 66712 520 107201 66712 67612 67863 69663 5355.186715108165 5
107395 12761 126596 6728 12761 13661 14983 16783 34801.1545915732 5
107396 64302 91518 104780 64302 65202 65433 67233 4082.8558193909494 5
107397 65674 104752 128727 65674 66574 66572 68372 3281.237084095648 5
107398 67235 5471 18616 67235 68135 68346 70146 5161.257199360525 5
108218 64590 13214 109713 64590 65490 65882 67682 7948.031763249346 5
108699 13303 109464 98639 13303 14203 14899 16699 44649.452998861234 5
108700 65271 107480 95434 65271 66171 66689 68489 27467.255566181335 5
108701 67748 87633 4361 67748 68648 14829 16629 7397.010202888347 5
109955 14104 4089 17218 14104 15004 64856 66656 3907.2991220040267 5
109956 65225 5786 128306 65225 66125 66638 68438 8257.515618705535 5
109957 66486 5470 82268 66486 67386 67436 69236 4644.3314701347745 5
109958 67322 85393 3149 67322 68222 68523 70323 5840.021198007693 5
110854 12055 8238 6725 12055 12955 13254 15054 5999.11587741332 5
110855 14178 6723 62112 14178 15078 43285 45085 43701.572702863275 5
110856 64296 95359 3114 64296 65196 65276 67076 4538.266576754536 5
110857 64834 91522 86224 64834 65734 65834 67634 4823.346177405102 5
110858 66457 6375 11670 66457 67357 67306 69106 3627.3468966796895 5
111210 12121 2848 17173 12121 13021 13141 14941 4660.063933580353 5
111211 12736 106766 127605 12736 13636 13693 15493 3992.630137897228 5
111212 13446 4240 5681 13446 14346 14309 16109 4229.097170312795 5
111213 13906 5424 17217 13906 14806 14624 16424 2008.0120827313624 5
111214 64485 85358 3684 64485 65385 65668 67468 5787.549381841026 5
111215 65209 128911 123194 65209 66109 66405 68205 7212.818213437616 5
111216 67201 128135 95435 67201 68101 68065 69865 2485.889308539259 5
111978 66605 6948 11448 66605 67505 67613 69413 3051.6616176658213 5
113222 65543 109465 5548 65543 66443 67443 69243 45071.144626489826 5
113778 13513 62241 2848 13513 14413 14953 16753 41473.46863557815 5
114922 14273 109486 74642 14273 15173 14993 16793 6187.84008169025 5
115590 12691 57921 11439 12691 13591 14409 16209 42534.158109030635 5
115591 43666 51776 64492 43666 44566 65688 67488 63709.621475973545 5
116357 12311 17206 5555 12311 13211 13825 15625 4050.6204142252013 5
116358 13464 91507 45669 13464 14364 14560 16360 6125.738935816865 5
116359 14096 45663 104795 14096 14996 14996 16796 6469.851091737666 5
116360 42737 5571 7652 42737 43637 66094 67894 7340.517154291514 5
116361 65801 91205 104724 65801 66701 67057 68857 6579.432289845443 5
116362 67230 65506 91501 67230 68130 68353 70153 4408.877716458747 5
117169 13169 87175 5323 13169 14069 14172 15972 6093.9123367544535 5
117170 42696 4390 96983 42696 43596 43815 45615 8813.646955958215 5
117171 64881 117784 36315 64881 65781 66482 68282 11195.561444727335 5
117172 67242 7476 88894 67242 68142 68407 70207 12493.120735839313 5
117949 14339 61976 4098 14339 15239 43735 45535 52587.70222034297 5
117950 64277 101211 104780 64277 65177 65089 66889 3361.357890919148 5
117951 64642 17069 91502 64642 65542 65807 67607 3878.8881051717563 5
117952 65906 65719 73370 65906 66806 66632 68432 2364.424899509864 5
117953 67775 12311 15651 67775 68675 14842 16642 20875.26635506488 5
119327 12435 4085 11514 12435 13335 13400 15200 3850.794024489346 5
119328 13203 10697 6723 13203 14103 13987 15787 2810.1410226089024 5
119329 42700 75423 62143 42700 43600 43543 45343 9808.204664541609 5
119330 66686 120278 15211 66686 67586 67879 69679 6371.211630614054 5
119907 12687 91535 2632 12687 13587 13508 15308 2731.2753774080397 5
119908 64298 1448 6088 64298 65198 65038 66838 4163.943533299621 5
119909 65233 36000 4748 65233 66133 66716 68516 9351.164235044336 5
119910 67569 86199 106778 67569 68469 68468 70268 2617.944982362179 5
120650 12075 123535 62120 12075 12975 12868 14668 11030.68901119683 5
120651 14000 9560 18588 14000 14900 14960 16760 8003.474064533433 5
120652 66523 4378 103579 66523 67423 67587 69387 7039.090428590578 5
120653 67222 9903 121555 67222 68122 68131 69931 2082.5781100629315 5
120654 67629 3123 5845 67629 68529 16007 17807 14131.722241087624 5
121452 12076 95340 4190 12076 12976 13157 14957 6695.146472578176 5
121453 14091 11370 12246 14091 14991 14978 16778 4505.173381276922 5
121454 64567 44812 7342 64567 65467 65603 67403 7099.6447022754055 5
121455 65859 70390 62158 65859 66759 67666 69466 42718.40294899027 5
122083 42758 11967 15531 42758 43658 43612 45412 3171.7984155495733 5
122084 65445 129817 3114 65445 66345 66422 68222 3405.4094189921234 5
122085 67302 45595 62120 67302 68202 43467 45267 46300.0054244499 5
122730 12540 4367 528 12540 13440 13402 15202 3294.7669727906627 5
122731 13870 6374 85478 13870 14770 14972 16772 9312.67354165918 5
122732 65623 4380 5792 65623 66523 66515 68315 3957.056277407502 5
122733 66626 4377 3623 66626 67526 67792 69592 7608.77926474858 5
123276 12325 8312 11841 12325 13225 13274 15074 3049.638276113577 5
123277 13243 2851 7090 13243 14143 14059 15859 2672.0363131302306 5
123278 13711 4740 10361 13711 14611 14599 16399 3001.191518842208 5
123279 14139 18352 17219 14139 15039 14979 16779 2078.844789159462 5
123280 64280 71453 3118 64280 65180 65557 67357 17673.203743682974 5
123281 65441 9889 4736 65441 66341 66573 68373 4342.812950105646 5
123282 66242 8317 3620 66242 67142 67276 69076 4522.1635096423015 5
123793 12407 9434 15496 12407 13307 13698 15498 8824.494622950413 5
123794 64311 71120 3385 64311 65211 65371 67171 8644.482942713217 5
123795 66234 33994 96985 66234 67134 68036 69836 46746.446116534964 5
124350 12237 38803 10254 12237 13137 14242 16042 41642.91117584171 5
124351 13748 10254 11425 13748 14648 14949 16749 7561.607664466345 5
124352 64845 109482 9485 64845 65745 66431 68231 43427.89213835901 5
124353 67431 109465 85449 67431 68331 14687 16487 46812.64705591656 5
125564 12355 9903 8322 12355 13255 13343 15143 3973.326095686764 5
125565 13432 9903 58756 13432 14332 14520 16320 3221.6892723530054 5
125566 64311 11509 93809 64311 65211 65317 67117 5397.472414904077 5
125567 64947 18431 3376 64947 65847 66645 68445 10354.389756738154 5
126342 12097 70771 94813 12097 12997 13832 15632 6698.744171566884 5
126343 64359 123801 10050 64359 65259 66446 68246 9778.704646194812 5
126344 67166 11073 11435 67166 68066 15562 17362 5693.203044342793 5
127103 12293 5423 100519 12293 13193 13336 15136 4009.0098326209327 5
127104 13412 2851 85415 13412 14312 14588 16388 8354.663139069788 5
127105 64292 1469 7880 64292 65192 65922 67722 15335.658002703833 5
127106 65504 10351 8316 65504 66404 66338 68138 2978.4130905535076 5
128032 12789 9902 53541 12789 13689 13763 15563 3924.477072060769 5
128033 13440 12090 5454 13440 14340 14356 16156 4584.34801484174 5
128034 42747 95431 74612 42747 43647 44249 46049 37863.042837081564 5
128981 12266 109505 34501 12266 13166 13427 15227 17754.449824058065 5
129756 12381 10169 85369 12381 13281 13736 15536 8083.330953489925 5
129757 65960 87636 123624 65960 66860 66976 68776 5119.21907259103 5
129758 67220 103926 9560 67220 68120 68433 70233 7533.472003254821 5
130525 64435 62440 93915 64435 65335 67069 68869 57254.629316171966 5
131265 67741 62235 12310 67741 68641 14454 16254 47670.20665912876 5
132046 12080 53536 39988 12080 12980 13006 14806 3619.428350424423 5
132047 12541 4245 96647 12541 13441 13602 15402 3472.46174185916 5
132048 13353 18056 8315 13353 14253 14305 16105 2520.2600799571205 5
132049 13897 127462 11375 13897 14797 14748 16548 2071.338313457301 5
132745 12547 45463 7140 12547 13447 13516 15316 5646.757451699951 5
132746 13768 100466 2847 13768 14668 14682 16482 2127.005219926041 5
132747 64270 94945 11415 64270 65170 65783 67583 13253.452867636444 5
132748 66906 5193 7685 66906 67806 68031 69831 7822.588015111946 5
133373 64942 96982 15631 64942 65842 66031 67831 8243.868997656744 5
133902 12707 53521 39988 12707 13607 13992 15792 5426.037010032997 5
133903 13544 5423 48309 13544 14444 14866 16666 7739.959490421116 5
133904 65646 3133 2495 65646 66546 66643 68443 3662.5486361421194 5
133905 67420 117658 7643 67420 68320 68501 70301 3666.946174437848 5
134662 13858 13210 11871 13858 14758 14812 16612 4725.402453129577 5
135364 64775 85393 58636 64775 65675 65648 67448 2949.8372551468665 5
136102 12560 3124 7689 12560 13460 13730 15530 7778.427210631905 5
136103 13224 85486 11971 13224 14124 14249 16049 4371.763949672527 5
136104 13889 10052 3616 13889 14789 14970 16770 4534.9979010457355 5
136105 64643 10274 5546 64643 65543 65590 67390 6833.913162282244 5
136106 67426 53544 5571 67426 68326 68353 70153 4705.807120338305 5
137672 14168 103790 2130 14168 15068 14950 16750 2438.560013463321 5
137673 43487 1821 70846 43487 44387 44258 46058 9002.143755042327 5
137674 65325 8089 109469 65325 66225 67249 69049 47954.67763132974 5
137675 67782 103835 124593 67782 68682 68502 70302 5580.039912914879 5
138510 12309 104709 11305 12309 13209 13373 15173 5053.911529806707 5
138511 12998 53542 4788 12998 13898 14281 16081 6011.532029219772 5
138512 13851 100433 4367 13851 14751 14794 16594 4569.588756511423 5
138513 64478 100502 2848 64478 65378 65352 67152 2596.668569199216 5
138514 66458 4391 4599 66458 67358 7397 9197 10005.85341419085 5
139142 66519 128388 62137 66519 67419 68431 70231 45706.25638625936 5
139840 12521 7085 11965 12521 13421 13366 15166 3257.5993888811654 5
139841 42797 104606 123515 42797 43697 43770 45570 4840.61494880278 5
140415 12073 75462 11971 12073 12973 13815 15615 39947.47026397436 5
140416 13964 5865 18640 13964 14864 14781 16581 2154.2073254308307 5
140417 66613 62239 130530 66613 67513 68308 70108 43802.64467540789 5
141030 12815 14490 62121 12815 13715 14685 16485 45205.31942768901 5
141031 65266 100469 4788 65266 66166 66388 68188 4359.217688783262 5
141032 66711 100519 3147 66711 67611 68055 69855 9767.006496655275 5
141033 67533 3235 1627 67533 68433 15445 17245 19478.552873840395 5
141738 64406 62236 8318 64406 65306 66179 67979 43797.26759103278 5
141739 66065 121454 4373 66065 66965 67116 68916 6172.105886317222 5
141740 66710 4373 10696 66710 67610 68024 69824 7616.227003471241 5
141741 67839 130810 11299 67839 68739 15006 16806 4731.114729527506 5
142652 12688 8312 12076 12688 13588 13501 15301 2650.7504522589197 5
142653 13247 65749 4366 13247 14147 14522 16322 9967.716373081137 5
142654 64313 86205 8301 64313 65213 65281 67081 4766.106515008172 5
142655 65652 6725 4724 65652 66552 66736 68536 3999.5043106716917 5
143310 65501 68854 3621 65501 66401 66492 68292 3603.019250409433 5
143311 66890 130530 3132 66890 67790 67903 69703 3560.084408037537 5
144090 64925 5780 14658 64925 65825 66007 67807 5033.6792679815935 5
144091 66496 5426 4745 66496 67396 67357 69157 4065.023036352326 5
144092 67882 11439 2659 67882 68782 14614 16414 4526.485969963071 5
144937 13061 62233 131090 13061 13961 14814 16614 45526.20486639813 5
144938 64500 17087 130810 64500 65400 65742 67542 3385.5723035170845 5
144939 66686 6368 8230 66686 67586 67770 69570 6176.548322286206 5
144940 67629 2960 98592 67629 68529 68469 70269 2476.777778074563 5
145693 12852 109461 61919 12852 13752 65952 67752 8356.609865446657 5
145694 66245 9349 114990 66245 67145 67798 69598 14559.581402920676 5
146167 12729 86141 91533 12729 13629 13823 15623 8301.068511105072 5
146168 13390 120274 112078 13390 14290 14420 16220 5183.731757232052 5
146169 42669 18132 62171 42669 43569 43842 45642 29332.14650811816 5
146170 64254 16988 34445 64254 65154 65059 66859 3912.2818480316455 5
146725 12096 80587 100476 12096 12996 14166 15966 22298.662074645126 5
146726 64257 109459 98882 64257 65157 64872 66672 5282.801914680138 5
146727 64594 62236 62104 64594 65494 67059 68859 4068.582712163646 5
146728 67649 109464 11302 67649 68549 14468 16268 49333.59581549378 5
147291 12519 8301 5267 12519 13419 13960 15760 16199.276991558709 5
147292 64257 70108 10270 64257 65157 65473 67273 5402.704370452177 5
147293 65046 10470 15531 65046 65946 65998 67798 4412.877009462811 5
147294 66088 10048 35950 66088 66988 67204 69004 9219.165387019755 5
147295 67269 1461 1146 67269 68169 68232 70032 5818.789307265676 5
147972 12940 62172 3124 12940 13840 14786 16586 44185.20464992342 5
147973 42698 35047 62143 42698 43598 43544 45344 16496.922638171956 5
147974 65598 62170 8089 65598 66498 67575 69375 46201.19810357 5
148799 12980 11435 5792 12980 13880 14032 15832 7907.76034629555 5
148800 65606 11511 104780 65606 66506 66617 68417 4498.114180931511 5
149378 64553 109472 119069 64553 65453 66396 68196 44850.392588306044 5
150023 12325 85454 95434 12325 13225 13407 15207 4564.471832922916 5
150024 64379 80610 5192 64379 65279 65376 67176 2396.3108090276514 5
150025 66391 66153 5865 66391 67291 67575 69375 8212.614835738168 5
150026 67477 53532 10696 67477 68377 68438 70238 2756.958998105386 5
150671 65551 105087 62124 65551 66451 67016 68816 39656.297377390954 5
151524 42661 7488 62125 42661 43561 44019 45819 35377.988141578884 5
151525 64270 11869 3154 64270 65170 65135 66935 3409.49129365707 5
152119 14101 4553 38062 14101 15001 14718 16518 8975.759581556014 5
153569 13808 100420 62135 13808 14708 44102 45902 42562.79003958314 5
153570 64479 95335 8316 64479 65379 65666 67466 7143.728388918788 5
153571 67510 3124 112257 67510 68410 68476 70276 4438.347633387821 5
154390 12706 16865 11713 12706 13606 13575 15375 3498.396847401726 5
154391 64254 8312 85125 64254 65154 65059 66859 3989.1510792090157 5
154392 65493 11414 11511 65493 66393 66271 68071 2136.2234015571207 5
155088 12792 9366 11301 12792 13692 13741 15541 4664.503186864214 5
155089 64958 8302 126342 64958 65858 65990 67790 4095.6080829466964 5
155090 65661 100485 4668 65661 66561 67044 68844 6421.408062399396 5
155745 12390 16581 14544 12390 13290 13170 14970 2528.0983266607564 5
155746 13610 1437 9373 13610 14510 14498 16298 3618.119732279704 5
155747 42695 18129 62114 42695 43595 43907 45707 32042.601641105277 5
155748 64293 14396 8930 64293 65193 65019 66819 3089.9841060821987 5
155749 65222 18352 7476 65222 66122 67265 69065 20049.065785377996 5
155750 67146 35727 16412 67146 68046 68466 70266 28822.339906392433 5
156602 12533 117660 6725 12533 13433 13721 15521 3734.4187620853554 5
156603 13668 100427 128869 13668 14568 14791 16591 2379.380181975133 5
156604 64257 82253 62136 64257 65157 65086 66886 4957.390999452896 5
156605 66002 71055 611 66002 66902 66898 68698 6505.771461582137 5
157293 64513 53542 3115 64513 65413 65423 67223 3337.7391666207045 5
157982 66612 119893 7753 66612 67512 67517 69317 4152.508859672379 5
158580 64261 33663 64492 64261 65161 65909 67709 2033.1011761923032 5
159334 12795 78056 62134 12795 13695 14478 16278 44135.61779572833 5
159335 64711 57135 512 64711 65611 65678 67478 3327.2218267290446 5
159336 65993 96982 14802 65993 66893 66744 68544 2129.6185927952074 5
160065 13223 14801 61860 13223 14123 14638 16438 15461.009669801153 5
160066 42703 5571 35339 42703 43603 44263 46063 45483.54973673467 5
160067 65114 5194 116364 65114 66014 66253 68053 5647.122714857056 5
160068 66885 4237 14069 66885 67785 67637 69437 2212.62544235823 5
160811 66058 5454 16585 66058 66958 67077 68877 2578.7331734601603 5
161448 65549 5420 62217 65549 66449 67143 68943 43664.959915596475 5
162170 12827 5423 9514 12827 13727 13630 15430 2739.678337504107 5
162171 13959 87625 7850 13959 14859 14980 16780 4597.532931220177 5
162172 64832 7348 7086 64832 65732 65963 67763 4030.130122314735 5
162969 13770 62172 84831 13770 14670 14973 16773 30022.641297713515 5
162970 43075 13232 1826 43075 43975 43987 45787 4594.8580303693525 5
162971 65274 33990 130823 65274 66174 67108 68908 44965.944983504145 5
163471 64332 35958 35943 64332 65232 65346 67146 3685.4052104590805 5
163472 65930 14777 7103 65930 66830 66773 68573 2339.351003829648 5
163473 66965 103759 6772 66965 67865 68156 69956 4416.433915088137 5
164853 12587 85476 16907 12587 13487 13701 15501 6385.700030045259 5
164854 13251 74143 3643 13251 14151 14609 16409 10753.735077105644 5
164855 65168 62222 64492 65168 66068 68150 69950 25652.405582298343 5
165230 66989 65532 35937 66989 67889 68108 69908 8047.434694717399 5
165908 13618 62241 107867 13618 14518 14669 16469 11885.559393055093 5
165909 42917 3509 100470 42917 43817 44031 45831 8425.902154424097 5
166665 64803 114475 2260 64803 65703 65680 67480 2428.2946614779494 5
166666 66634 100433 4737 66634 67534 67695 69495 3917.07040093592 5
167415 12369 57921 63410 12369 13269 13393 15193 16175.273492241138 5
167416 43543 4105 1400 43543 44443 44267 46067 2737.9359352596975 5
167417 64852 5663 7885 64852 65752 66553 68353 15855.490708689384 5
167418 66716 85358 129688 66716 67616 67607 69407 3363.1250350429386 5
168699 66315 65333 95435 66315 67215 67364 69164 4736.901196390513 5
168700 67640 7883 2854 67640 68540 68462 70262 2638.404272168244 5
169459 12468 13043 100447 12468 13368 13727 15527 6623.796841861389 5
169460 14322 6887 15207 14322 15222 43525 45325 9118.134246301644 5
169461 64401 62158 33761 64401 65301 66155 67955 7468.934601390922 5
169462 66453 62093 18431 66453 67353 68383 70183 45222.44158869007 5
170488 13741 637 6667 13741 14641 14902 16702 7683.821477497438 5
170489 64306 42333 14615 64306 65206 65380 67180 6015.920501294209 5
170490 66868 36042 36301 66868 67768 67782 69582 4694.570693327644 5
170491 67473 10009 3140 67473 68373 68488 70288 4143.997647057796 5
171095 12511 7140 14486 12511 13411 13643 15443 2824.518037109553 5
171096 13412 65315 104328 13412 14312 14595 16395 5733.721572719714 5
171097 64718 91485 64492 64718 65618 66869 68669 63903.165597912026 5
171751 42781 7496 2140 42781 43681 65010 66810 18105.2087642763 5
173057 12110 118393 16926 12110 13010 12978 14778 3839.9372344840517 5
173058 13900 7739 14544 13900 14800 65989 67789 10688.979941577589 5
173059 67270 118261 14022 67270 68170 68461 70261 5418.482077413696 5
173729 12219 104753 51781 12219 13119 13179 14979 4283.777872741319 5
173730 13720 47649 17207 13720 14620 14630 16430 3437.011181092398 5
173731 42681 107526 62140 42681 43581 43693 45493 15382.294714073973 5
173732 65009 7888 88270 65009 65909 65868 67668 2669.149148237128 5
173733 65453 103578 5574 65453 66353 66615 68415 5984.925450626458 5
173734 67536 8320 93915 67536 68436 15217 17017 22179.103683146826 5
174491 43360 65355 11439 43360 44260 64880 66680 5665.307154701581 5
174492 65114 2860 35764 65114 66014 66174 67974 5172.300244994402 5
174493 66072 4792 5470 66072 66972 67080 68880 5131.125465448278 5
174494 66684 8297 20395 66684 67584 14548 16348 44431.9599916291 5
175100 13691 62172 71395 13691 14591 14952 16752 37480.63954266609 5
175101 66236 36051 36065 66236 67136 67220 69020 4000.1214195515327 5
175102 67108 10671 8331 67108 68008 68489 70289 13320.234462215361 5
175585 65197 9903 12223 65197 66097 66155 67955 4798.264957717257 5
175586 67070 8329 14646 67070 67970 68361 70161 7653.988631087124 5
176262 12105 71283 33588 12105 13005 13185 14985 29341.050193032184 5
176263 65652 7685 14071 65652 66552 67016 68816 8066.682305556996 5
176264 66507 121454 104764 66507 67407 67809 69609 5369.635056648525 5
176265 67356 91440 128135 67356 68256 68375 70175 4482.801365612252 5
176841 13004 18639 126342 13004 13904 14028 15828 5357.8074499960485 5
176842 13713 5454 130928 13713 14613 14633 16433 2758.737699283909 5
176843 64729 109465 6679 64729 65629 66314 68114 37911.092066014426 5
177524 43025 16581 59251 43025 43925 44225 46025 20974.09965235151 5
177525 64375 5547 11440 64375 65275 65498 67298 4523.200278564687 5
177526 65821 65764 6728 65821 66721 68417 70217 21817.215700065717 5
178361 64314 8295 41832 64314 65214 65164 66964 3129.3156038398383 5
178362 65093 69052 112165 65093 65993 66275 68075 5758.45007008901 5
178363 67019 36220 62125 67019 67919 68495 70295 36859.45518400563 5
179169 12324 10160 4245 12324 13224 13533 15333 7302.292165784599 5
179170 13346 11194 14773 13346 14246 14359 16159 4625.112220747465 5
179171 13898 44666 6157 13898 14798 14777 16577 3112.474309776586 5
179172 64772 10697 4748 64772 65672 65846 67646 4988.042788910044 5
179920 12820 1944 14658 12820 13720 14346 16146 13671.624086831462 5
179921 65284 11841 62175 65284 66184 67099 68899 47762.93793466966 5
180607 12389 62041 64492 12389 13289 14074 15874 24333.422832486038 5
180608 65267 65225 87362 65267 66167 66296 68096 3367.48775884658 5
180609 66047 13398 35996 66047 66947 68098 69898 15538.50582576282 5
181235 12091 8294 4743 12091 12991 13272 15072 6980.673429554887 5
181236 12752 7090 11756 12752 13652 13699 15499 3693.987930313432 5
181237 14113 104710 104325 14113 15013 65247 67047 14169.33889545689 5
181238 64930 114701 9434 64930 65830 66617 68417 3031.3820297933316 5
181239 66388 45459 7962 66388 67288 67371 69171 5227.754253893196 5
181240 66920 5424 3123 66920 67820 15831 17631 3114.9818858182807 5
181728 64275 107879 3124 64275 65175 65692 67492 28535.74939826667 5
183033 64383 488 8525 64383 65283 65170 66970 3238.54709887456 5
183669 42714 59270 62102 42714 43614 43938 45738 25141.233927883935 5
183670 64834 109889 10165 64834 65734 65786 67586 3460.6304979016313 5
183671 66047 4106 5199 66047 66947 67036 68836 5028.089989720368 5
184390 42675 82158 62154 42675 43575 43433 45233 3589.7874842837746 5
184391 66881 62102 64492 66881 67781 68354 70154 25851.532418427458 5
185072 64775 16014 130771 64775 65675 65656 67456 3356.5816465685807 5
185073 65692 4791 117864 65692 66592 67124 68924 14144.112712434362 5
185074 67001 35912 9191 67001 67901 68188 69988 8337.687436504626 5
185822 12323 1839 11316 12323 13223 13595 15395 7566.090778857981 5
185823 13648 7797 77957 13648 14548 14543 16343 5345.335982209369 5
185824 64419 62211 64492 64419 65319 65734 67534 24433.364404671764 5
185825 67385 61924 129689 67385 68285 14625 16425 42170.96822417915 5
186467 64292 42325 62119 64292 65192 65862 67662 42176.3796266778 5
186468 66357 117111 5490 66357 67257 67486 69286 4375.351959711721 5
186469 67543 5770 11509 67543 68443 68504 70304 4733.444438479441 5
187241 12507 4086 91508 12507 13407 13509 15309 2995.043391493091 5
187242 13771 128250 6796 13771 14671 14679 16479 2843.514688439732 5
187243 14224 4109 4380 14224 15124 14944 16744 2091.014636363241 5
187244 65496 65325 11907 65496 66396 67363 69163 11714.073647165944 5
188153 43074 68087 1123 43074 43974 44215 46015 9021.46732582693 5
188154 65636 6802 12763 65636 66536 66969 68769 8159.306106280563 5
188155 66469 121454 7103 66469 67369 67492 69292 5715.367827578968 5
188156 67772 9562 117657 67772 68672 14936 16736 12043.014134311665 5
188948 12576 109629 64492 12576 13476 14248 16048 23827.816446789133 5
188949 42843 1037 14807 42843 43743 43695 45495 3781.0951249447926 5
188950 65548 10475 10092 65548 66448 67521 69321 5199.651850722973 5
188951 67179 104606 11880 67179 68079 68198 69998 6540.85705847404 5
189520 12658 7836 11861 12658 13558 13771 15571 6314.042880457968 5
190173 12093 82158 62116 12093 12993 12898 14698 2689.613082759224 5
190174 13152 62237 83784 13152 14052 14504 16304 20560.900313493228 5
190175 67115 109476 125607 67115 68015 14697 16497 49432.234254382165 5
191774 13284 5202 9900 13284 14184 14194 15994 2644.023382528482 5
191775 13757 4738 120288 13757 14657 14958 16758 6743.769321317555 5
191776 43361 2653 18114 43361 44261 44262 46062 8097.122327304394 5
191777 65563 61996 6889 65563 66463 67034 68834 41280.517128894695 5
191778 66890 91512 9899 66890 67790 67880 69680 3389.425841095715 5
191779 67689 126342 4249 67689 68589 15045 16845 3287.396969668436 5
192529 14192 62241 48311 14192 15092 65548 67348 47764.21957163837 5
192530 65400 8509 39988 65400 66300 66315 68115 3488.979845984628 5
193350 12469 11420 100480 12469 13369 13418 15218 4604.656854019246 5
193351 12976 12970 11894 12976 13876 13968 15768 6604.76584896753 5
193352 13551 13657 3155 13551 14451 14401 16201 2571.800065286814 5
193353 64515 82473 91524 64515 65415 65493 67293 2568.905641346205 5
193354 65325 100518 4756 65325 66225 66630 68430 7821.74875592923 5
193355 66418 11944 3385 66418 67318 67902 69702 9112.805362259453 5
193953 12071 4238 130752 12071 12971 12851 14651 2736.213187780992 5
193954 14203 7091 17219 14203 15103 14998 16798 2036.6163989905665 5
193955 64375 61954 42999 64375 65275 65811 67611 41329.86094795728 5
193956 67652 82139 107625 67652 68552 68492 70292 14265.594464650063 5
194378 12394 18639 48311 12394 13294 13319 15119 3669.937919265736 5
194379 12876 7673 95434 12876 13776 13979 15779 4820.396004014252 5
194380 64570 11435 35939 64570 65470 65674 67474 7251.826018307005 5
194381 65683 35985 42277 65683 66583 67167 68967 8418.33431972021 5
194382 66849 4248 83308 66849 67749 68083 69883 6847.564135197124 5
195158 12296 36206 87315 12296 13196 13581 15381 7389.332980408826 5
195159 13432 33568 4669 13432 14332 14766 16566 8816.278597839719 5
195160 67013 1434 91489 67013 67913 68155 69955 7403.5085183399215 5
195704 42909 100325 16921 42909 43809 43884 45684 6525.888057180516 5
195705 64557 8208 44282 64557 65457 65597 67397 4697.979259777895 5
195706 65364 100504 4611 65364 66264 66509 68309 10345.754302920224 5
195707 67165 6162 34558 67165 68065 14482 16282 29528.73343359492 5
196235 65024 17901 4611 65024 65924 66082 67882 8235.705227064362 5
196236 66931 35984 2649 66931 67831 67876 69676 4029.0314059077987 5
196237 67671 7102 6795 67671 68571 68511 70311 4879.118627784572 5
196987 12430 43345 70394 12430 13330 13885 15685 41587.20571420577 5
196988 42695 71360 749 42695 43595 43361 45161 2551.7883713730585 5
196989 65538 109599 64492 65538 66438 66874 68674 23603.661353728014 5
197814 12204 126596 4249 12204 13104 14020 15820 42314.054583898134 5
197815 13623 128753 18473 13623 14523 14799 16599 4854.118654429512 5
198439 12371 4997 126826 12371 13271 13268 15068 3980.4099204848903 5
198440 13231 99408 6138 13231 14131 14570 16370 10519.872595201305 5
198441 64296 7962 91541 64296 65196 65309 67109 5802.199954149071 5
198442 64877 8238 2130 64877 65777 66148 67948 6944.171081086058 5
198443 66796 12093 16925 66796 67696 14805 16605 11573.312898600256 5
199741 13304 10457 8231 13304 14204 14325 16125 4221.394329612172 5
199742 65270 62237 83784 65270 66170 67147 68947 20560.900313493228 5
199743 67518 62233 9135 67518 68418 15411 17211 41866.79001657655 5
200335 64416 9488 95360 64416 65316 65637 67437 6472.204350623098 5
200336 66094 65360 11840 66094 66994 67082 68882 4096.2143686116 5
201058 12472 109465 129651 12472 13372 13863 15663 33302.98915191945 5
201059 64420 62233 11841 64420 65320 66359 68159 45657.94000581037 5
201739 14131 62226 17845 14131 15031 14972 16772 9194.15115427977 5
201740 64713 62172 8090 64713 65613 66505 68305 46541.97915016721 5
201741 66586 3125 130823 66586 67486 67447 69247 2404.6392446182786 5
202187 12201 109472 41833 12201 13101 13732 15532 37581.4244590888 5
202188 13223 5896 7883 13223 14123 14261 16061 5840.507893687085 5
202835 12098 36306 4379 12098 12998 13005 14805 3053.896960860854 5
202836 66337 62170 96982 66337 67237 68247 70047 44468.672275851626 5
203638 12099 11750 13745 12099 12999 13054 14854 5765.334689742584 5
203639 42686 6226 93915 42686 43586 44246 46046 22192.30137254018 5
203640 64319 10049 8217 64319 65219 65532 67332 5038.329058432153 5
203641 65301 2851 120291 65301 66201 66230 68030 4393.02720806538 5
203642 66735 9480 18431 66735 67635 67848 69648 3398.1169176091353 5
203643 67858 5198 4105 67858 68758 14902 16702 4832.480765500586 5
204411 12463 4234 11299 12463 13363 13668 15468 7374.395550948516 5
204412 13592 3619 91512 13592 14492 14595 16395 5785.214432169644 5
204413 67255 109476 18123 67255 68155 68457 70257 38050.86579358174 5
205235 12099 82480 18431 12099 12999 13470 15270 30799.388949871016 5
205236 13213 53536 9889 13213 14113 14016 15816 2344.040703379773 5
205237 13764 12983 4725 13764 14664 14910 16710 6366.908775423804 5
205238 64258 13215 3117 64258 65158 65243 67043 4897.0905767366785 5
205239 67393 11947 44477 67393 68293 15568 17368 9131.559535903241 5
206036 13875 11438 95817 13875 14775 14815 16615 4104.591267186447 5
206037 64610 125607 4659 64610 65510 65837 67637 5913.061025699047 5
206038 66858 3144 35754 66858 67758 67806 69606 4514.23677487104 5
206814 65893 2238 125359 65893 66793 66935 68735 6057.582061393131 5
207535 12479 112066 4726 12479 13379 13619 15419 7270.777991301349 5
207536 64659 100394 80285 64659 65559 66402 68202 10376.036993870166 5
207537 66060 66159 8311 66060 66960 67250 69050 7708.91623657349 5
207538 67284 1412 16698 67284 68184 68142 69942 2892.927616402034 5
208290 13545 109472 70106 13545 14445 14986 16786 40692.931709321645 5
208291 65618 3508 62054 65618 66518 67773 69573 48191.561060616994 5
208292 67694 71292 1128 67694 68594 68301 70101 8630.39954637281 5
208293 67875 71362 6790 67875 68775 14531 16331 9389.50472853397 5
209019 67284 82152 64492 67284 68184 68484 70284 25404.20821192947 5
209793 13543 62173 14069 13543 14443 14983 16783 43087.69533226933 5
209794 66073 35958 10720 66073 66973 67118 68918 5568.725811446636 5
209795 66588 1485 6110 66588 67488 67731 69531 6897.405751537332 5
209796 67629 106556 69649 67629 68529 68470 70270 4297.926550548208 5
210465 12102 18156 44470 12102 13002 13069 14869 10832.181671546807 5
210466 64297 54050 85094 64297 65197 65862 67662 20190.315544499805 5
210467 66187 11440 7148 66187 67087 67375 69175 6151.764097861244 5
210468 67483 8069 56374 67483 68383 15128 16928 5071.252682819536 5
211175 12101 71387 48311 12101 13001 13357 15157 11613.088723075725 5
211176 64806 65773 100363 64806 65706 65976 67776 5992.476980729184 5
212048 12671 3114 121556 12671 13571 13485 15285 2124.627080587852 5
212049 14006 11774 10043 14006 14906 14966 16766 4307.122816533717 5
212050 43238 43236 71151 43238 44138 44259 46059 10439.001185743122 5
212051 65119 11837 95426 65119 66019 66752 68552 11710.64985601242 5
212052 67252 43789 3117 67252 68152 14481 16281 7574.190222585506 5
212831 12090 62217 62138 12090 12990 12814 14614 4816.398218132616 5
212832 43222 7689 14928 43222 44122 65059 66859 9862.05311159523 5
213523 43484 8327 62114 43484 44384 64903 66703 46323.718891243574 5
213524 65997 12668 9318 65997 66897 67016 68816 4348.076634591434 5
213525 67366 78825 110139 67366 68266 68506 70306 3818.5872620278165 5
214328 66945 9890 43452 66945 67845 68158 69958 5292.2385186022275 5
215083 12306 35989 11965 12306 13206 13498 15298 9634.0636696774 5
215084 64313 57921 64492 64313 65213 65810 67610 23752.124106482366 5
215085 66696 62172 130530 66696 67596 68428 70228 43550.36204192245 5
215694 12966 7845 35773 12966 13866 13995 15795 5270.384076300199 5
216449 64303 8081 35965 64303 65203 66078 67878 8931.753864829672 5
216450 66296 35954 59494 66296 67196 68508 70308 15476.837867351858 5
216871 12077 73 3514 12077 12977 13634 15434 31138.205970305273 5
217405 12360 17206 130530 12360 13260 13483 15283 4774.288212116772 5
217406 13221 10039 5844 13221 14121 14549 16349 11283.148684136919 5
218179 64382 33516 4236 64382 65282 65792 67592 39533.396429927656 5
218916 64435 86068 114707 64435 65335 65615 67415 7074.376616078902 5
218917 66882 3800 5253 66882 67782 67774 69574 4689.82328570667 5
219750 13931 12656 4737 13931 14831 65068 66868 5444.453283603661 5
219751 66063 77410 15186 66063 66963 67031 68831 4780.999149968524 5
219752 66595 42282 5472 66595 67495 67828 69628 4947.969762581752 5
219753 67640 10350 35762 67640 68540 68480 70280 2896.2709106033385 5
220483 12081 2907 9799 12081 12981 12966 14766 4291.441993771148 5
220484 14000 6378 14015 14000 14900 14960 16760 6648.715559086981 5
220485 65091 12225 2482 65091 65991 66596 68396 12419.511295161394 5
220486 66902 35979 7611 66902 67802 68148 69948 8500.987247340348 5
220487 67792 11814 5422 67792 68692 14811 16611 9913.070176558642 5
221202 12532 73362 62155 12532 13432 14994 16794 46574.682634011864 5
221203 65113 109467 93559 65113 66013 66110 67910 9163.815710430072 5
221204 66468 62173 19432 66468 67368 67508 69308 14510.10210516311 5
222791 12067 83346 40574 12067 12967 12842 14642 2337.0911936852804 5
222792 12898 6666 35947 12898 13798 14153 15953 8691.781090830898 5
222793 14368 83318 62115 14368 15268 43484 45284 46656.315936300285 5
222794 66630 35768 129472 66630 67530 67755 69555 4586.839134957767 5
222795 67294 4249 18356 67294 68194 68437 70237 4916.509809721419 5
223521 65308 7650 62224 65308 66208 66985 68785 43458.92071778357 5
224195 12092 8526 3520 12092 12992 12977 14777 5818.477099628626 5
224196 13382 7887 6678 13382 14282 14659 16459 7879.235546563854 5
224197 43518 61621 5623 43518 44418 65102 66902 5294.960902510613 5
224198 65974 129806 14661 65974 66874 66934 68734 2011.786512762379 5
224199 67301 513 130699 67301 68201 68432 70232 5936.382637318281 5
224995 12925 109607 22469 12925 13825 14078 15878 18432.857170044856 5
224996 67142 109476 37007 67142 68042 68521 70321 42786.87766491171 5
225721 12418 11303 4381 12418 13318 13561 15361 7240.2005562561435 5
225722 13894 7910 11844 13894 14794 65364 67164 9208.569443630244 5
225723 66114 7090 3113 66114 67014 67135 68935 3672.552310839541 5
225724 66798 12763 14807 66798 67698 67835 69635 6102.619343710752 5
227954 65246 44378 9903 65246 66146 67161 68961 41255.61263890271 5
228723 13093 18639 4248 13093 13993 14030 15830 2761.3416138108582 5
228724 13999 16912 2945 13999 14899 14926 16726 3581.023824899144 5
228725 64301 48842 33591 64301 65201 65768 67568 40368.176358614735 5
228726 66363 16875 4161 66363 67263 68303 70103 15450.66638303055 5
228727 67922 1713 95428 67922 68822 14937 16737 19590.142061045535 5
229427 13065 18352 103577 13065 13965 13919 15719 3367.177738517836 5
229428 66973 96982 86203 66973 67873 68014 69814 4635.525736240145 5
230098 65275 3117 77788 65275 66175 66399 68199 4999.683481568836 5
230099 66377 6887 7887 66377 67277 67176 68976 2116.6925114556025 5
230100 67466 14796 6795 67466 68366 68481 70281 5148.35832335858 5
230980 13323 7828 8313 13323 14223 14943 16743 4969.5398309583425 5
230981 42917 14494 85122 42917 43817 43792 45592 5629.271944887274 5
230982 64285 5566 7086 64285 65185 65126 66926 2224.8491155447045 5
230983 66954 10043 18276 66954 67854 68265 70065 7578.837314068216 5
232370 64301 104809 130823 64301 65201 65207 67007 2514.1334364719664 5
232371 65059 131090 35755 65059 65959 66118 67918 4039.1508421904277 5
232372 65991 7881 100452 65991 66891 66913 68713 3462.402523150125 5
232373 66818 86224 5548 66818 67718 68375 70175 6212.398867160818 5
232374 67869 91498 62213 67869 68769 14554 16354 44731.74679904964 5
233127 12903 62108 22443 12903 13803 13914 15714 11980.19384822052 5
233128 14293 62172 74865 14293 15193 14953 16753 2624.1058647735963 5
233129 42903 3134 130823 42903 43803 43977 45777 5578.743496587458 5
233130 67563 10262 1173 67563 68463 68458 70258 2315.1654220644064 5
233927 12810 7845 112165 12810 13710 13839 15639 5179.982331359051 5
233928 13369 3377 117783 13369 14269 14291 16091 3788.7126181188523 5
233929 14106 3383 38060 14106 15006 14946 16746 2168.028800124528 5
233930 66583 50064 3114 66583 67483 68057 69857 11008.5850201455 5
234439 12189 62239 87633 12189 13089 13661 15461 43064.69521398729 5
235088 12338 10054 62145 12338 13238 14297 16097 47099.644351912015 5
235089 43233 85393 129817 43233 44133 44173 45973 5045.311880422534 5
235090 65845 40778 85419 65845 66745 66848 68648 5384.7794058338795 5
235890 12096 16923 9602 12096 12996 13145 14945 7259.333828318337 5
235891 12765 5663 16287 12765 13665 13560 15360 3062.146518054967 5
235892 13532 10132 5187 13532 14432 14438 16238 4847.71760136641 5
235893 42709 62194 62146 42709 43609 43460 45260 4512.577138183556 5
235894 64488 62175 123434 64488 65388 66138 67938 43776.2979266054 5
236590 12262 11194 15188 12262 13162 13642 15442 4701.998099564946 5
236591 13670 91512 80295 13670 14570 14818 16618 6826.66318215785 5
236592 43461 2663 77793 43461 44361 65249 67049 10451.566681331313 5
236593 65941 57921 7087 65941 66841 67540 69340 42570.311138491794 5
237242 13466 16318 10835 13466 14366 14274 16074 2023.007539189092 5
237243 64918 12735 3152 64918 65818 66358 68158 11916.358467325917 5
237244 66001 8330 5865 66001 66901 67063 68863 7296.942188754842 5
237245 66771 51781 48296 66771 67671 67768 69568 4725.309379686138 5
238012 12453 91205 88270 12453 13353 13333 15133 2087.3999656590167 5
238013 13442 129266 96982 13442 14342 14303 16103 2707.768417327599 5
239458 13536 62168 87287 13536 14436 14981 16781 41841.406652865524 5
239459 64835 2963 62147 64835 65735 66554 68354 37820.73532391599 5
239460 67558 62172 36723 67558 68458 68520 70320 27826.208250951146 5
240203 12065 2166 124731 12065 12965 13488 15288 36770.940381905384 5
240204 14195 10654 111914 14195 15095 14976 16776 3651.1870443888733 5
240205 64307 86200 13152 64307 65207 65438 67238 6915.1547272927355 5
240206 65633 3114 88159 65633 66533 66456 68256 2012.4768534068676 5
240207 66023 4730 62146 66023 66923 67844 69644 46125.639808090484 5
241040 12889 10043 10161 12889 13789 13915 15715 4732.613465574057 5
241041 13870 6374 14658 13870 14770 14951 16751 8257.515668105765 5
241042 65361 7116 10697 65361 66261 66315 68115 3644.364558479619 5
241043 66553 121139 8299 66553 67453 67578 69378 4345.017722306845 5
241044 67263 10697 3617 67263 68163 68367 70167 6022.846841434106 5
241901 12295 6376 12300 12295 13195 13063 14863 2322.3128847695602 5
241902 64254 9550 7098 64254 65154 65730 67530 2939.8747731167864 5
241903 67227 4234 11414 67227 68127 68508 70308 5696.8216021957 5
242947 14259 62226 128753 14259 15159 65128 66928 43966.440688345836 5
242948 65199 7102 20915 65199 66099 67097 68897 33127.21741660743 5
243740 13697 85451 4101 13697 14597 14500 16300 3375.5293962197143 5
243741 64778 103578 77793 64778 65678 65959 67759 4618.835396644171 5
243742 66939 4235 103761 66939 67839 67912 69712 3694.8113354512784 5
244491 12513 38236 10041 12513 13413 13515 15315 6155.5999757721665 5
244492 13115 11438 9899 13115 14015 13890 15690 2004.3440961197675 5
244493 13542 88272 9550 13542 14442 14508 16308 3817.3131318141527 5
244494 43157 100485 11509 43157 44057 43975 45775 3260.1209537510354 5
245273 13479 62170 64492 13479 14379 14979 16779 24313.821235097825 5
245274 66710 62054 128167 66710 67610 68514 70314 43615.34459174824 5
246091 13153 9903 7099 13153 14053 14167 15967 4346.341732547751 5
246092 14177 3138 7759 14177 15077 64945 66745 6254.2421765968165 5
246093 64633 129396 12279 64633 65533 65879 67679 5698.597268338701 5
246094 66219 43464 117660 66219 67119 67042 68842 2376.8394746779177 5
246095 67221 85486 65506 67221 68121 68232 70032 4189.7234529500365 5
246641 13237 62245 93915 13237 14137 14978 16778 58076.30076120115 5
247181 13575 3376 13039 13575 14475 14473 16273 2610.024388247456 5
247182 64634 33948 3512 64634 65534 66799 68599 47575.46927800384 5
247183 67176 12311 7975 67176 68076 14678 16478 9733.905748549987 5
247953 13930 62232 83003 13930 14830 43686 45486 35863.97389958196 5
248700 12074 10422 85477 12074 12974 13378 15178 7733.316275757274 5
248701 12936 85458 16744 12936 13836 14822 16622 8853.448301831597 5
248702 64274 9 21241 64274 65174 65339 67139 16072.510082196633 5
248703 66480 109552 42999 66480 67380 68161 69961 42159.14138858518 5
249415 12334 85466 3621 12334 13234 13108 14908 2007.8663164890636 5
249416 12732 6783 15808 12732 13632 13826 15626 5355.078495972439 5
249417 65195 2348 3894 65195 66095 66496 68296 13669.172756582782 5
249418 66738 12678 129046 66738 67638 67516 69316 3179.5136034025463 5
250148 13393 104710 95424 13393 14293 14608 16408 5153.6734589866655 5
250149 64436 104800 91502 64436 65336 65380 67180 2179.708139094531 5
250150 65361 129765 4544 65361 66261 66740 68540 10166.008373148596 5
250151 66646 72678 10162 66646 67546 68018 69818 9179.355657548753 5
250732 12915 62173 5787 12915 13815 14963 16763 44510.107228832625 5
251412 64276 65712 74138 64276 65176 65373 67173 4907.829374690936 5
251413 64833 70346 62149 64833 65733 66510 68310 45929.422660881544 5
251414 67013 105051 3119 67013 67913 68341 70141 4110.4358891483525 5
252210 13676 100480 7678 13676 14576 43493 45293 6893.511574057391 5
252211 64623 120102 8227 64623 65523 65562 67362 3301.7878747553045 5
252212 66172 36302 6801 66172 67072 67520 69320 6254.845748556246 5
252213 67712 7553 35968 67712 68612 14761 16561 10900.741110249259 5
252891 66515 4738 2978 66515 67415 67726 69526 6800.494754549152 5
253692 64374 109461 76752 64374 65274 65400 67200 14339.894517045304 5
253693 66001 61962 4249 66001 66901 67647 69447 50888.62977235821 5
254510 12440 17395 14053 12440 13340 13612 15412 8394.55418871752 5
254511 14144 83346 6368 14144 15044 14984 16784 3751.535685632307 5
254512 65742 4676 14799 65742 66642 66991 68791 8298.741137834963 5
255358 12213 128753 11418 12213 13113 13143 14943 3121.214690637209 5
255359 64923 7880 3115 64923 65823 65834 67634 2162.0171518042566 5
255360 65403 100506 16926 65403 66303 66723 68523 9982.00770017987 5
255361 66718 8038 65123 66718 67618 67956 69756 8012.769291854421 5
256164 43034 11395 2412 43034 43934 44082 45882 7568.875278033948 5
256979 13648 16303 100436 13648 14548 14425 16225 2501.4312036595975 5
256980 14132 17397 124963 14132 15032 14844 16644 2757.067662376393 5
256981 64298 8321 99901 64298 65198 65280 67080 5028.433361243191 5
256982 65155 87641 35774 65155 66055 66684 68484 7470.654043198732 5
256983 66508 12226 35750 66508 67408 67480 69280 4445.671265983205 5
256984 67115 95359 16531 67115 68015 68272 70072 7718.823860036879 5
256985 67863 15207 7778 67863 68763 14596 16396 11873.033218483788 5
257773 12762 61967 39932 12762 13662 13892 15692 20380.23509351714 5
257774 64688 9482 2515 64688 65588 66261 68061 19105.93072053301 5
257775 66100 9196 100735 66100 67000 67728 69528 7177.76003165256 5
258477 12060 11395 15634 12060 12960 12945 14745 2289.0237459746345 5
258478 13535 85395 12656 13535 14435 14455 16255 3891.162960335619 5
259117 13726 109467 62115 13726 14626 44103 45903 5082.178743636894 5
259118 64273 59318 54764 64273 65173 65803 67603 27902.80816907406 5
260387 13016 4670 130333 13016 13916 14136 15936 6211.29443066131 5
260388 13726 16820 100352 13726 14626 14879 16679 6851.753766747593 5
260389 64401 80603 40494 64401 65301 65869 67669 14884.313418024618 5
260390 66768 10272 8907 66768 67668 67768 69568 6755.562867004396 5
260391 67343 4076 11197 67343 68243 68177 69977 2406.4305337692467 5
261055 13216 62108 12975 13216 14116 14844 16644 46352.21412224474 5
261056 64310 18599 16583 64310 65210 65489 67289 7837.220774590649 5
261057 65837 7103 11348 65837 66737 67407 69207 7841.400732340898 5
261781 64600 109532 25810 64600 65500 65522 67322 12071.967909414234 5
261782 66362 33525 64492 66362 67262 67848 69648 22730.666050089698 5
262526 43414 6685 14100 43414 44314 44255 46055 2529.321599559127 5
263159 12372 7846 4588 12372 13272 13609 15409 8403.886620468447 5
263160 13321 129396 11560 13321 14221 14513 16313 5347.824900803232 5
263884 13449 35780 16532 13449 14349 14816 16616 6696.410006374314 5
263885 64269 10255 55538 64269 65169 65453 67253 6020.465029128117 5
263886 64970 35945 35964 64970 65870 65860 67660 3037.0479625310445 5
263887 65550 36000 91493 65550 66450 67106 68906 12230.129440694365 5
263888 66637 70111 4743 66637 67537 67463 69263 2326.263605023867 5
263889 67713 11969 10668 67713 68613 15255 17055 19778.315207302665 5
264374 12671 104761 9899 12671 13571 13713 15513 4614.709282490501 5
264375 13886 127873 3515 13886 14786 14703 16503 2254.082411027939 5
264376 64658 8319 5470 64658 65558 65769 67569 4737.135375253239 5
264377 65650 2495 7647 65650 66550 66610 68410 2790.6058589185745 5
265190 12845 4100 10354 12845 13745 13863 15663 4184.85703671714 5
265191 13918 10050 7844 13918 14818 14999 16799 6016.345254921583 5
266721 12233 11420 95594 12233 13133 13990 15790 16876.499187978137 5
266722 42673 16877 23179 42673 43573 43388 45188 2377.2327497585156 5
266723 43430 36260 57184 43430 44330 44270 46070 11110.41152982607 5
266724 64332 100502 117283 64332 65232 65156 66956 2680.396229427525 5
266725 65840 2576 96985 65840 66740 66704 68504 3008.4396732708756 5
267299 14268 9903 10039 14268 15168 14988 16788 2095.7370123584146 5
267300 64853 53541 5193 64853 65753 65750 67550 2838.865616047525 5
267301 65725 14804 55524 65725 66625 66814 68614 8743.853903162115 5
267973 12423 15497 6736 12423 13323 13158 14958 2031.332978744857 5
267974 13852 3616 6736 13852 14752 14883 16683 4493.82477378514 5
268656 13469 62170 2132 13469 14369 14970 16770 40982.35959070689 5
268657 64750 6392 7975 64750 65650 65590 67390 2921.8915852449986 5
268658 65201 14797 104606 65201 66101 66043 67843 2378.5910378125336 5
270570 12787 2809 7794 12787 13687 13724 15524 4456.120622656045 5
270571 13703 11373 10049 13703 14603 14603 16403 2761.6373537616596 5
270572 14232 10050 62147 14232 15132 43757 45557 46149.685916688475 5
270573 64715 7881 3385 64715 65615 66209 68009 9708.841592036202 5
270574 66403 16862 105052 66403 67303 67560 69360 6079.34223870145 5
271305 13192 4754 45668 13192 14092 14599 16399 10878.271930382332 5
271306 14242 4242 14797 14242 15142 14962 16762 2092.961684675756 5
271307 65796 62172 130823 65796 66696 67756 69556 44609.00632548236 5
271997 64669 109465 36189 64669 65569 66427 68227 44101.01422273115 5
271998 67200 16356 65494 67200 68100 68117 69917 4152.6110826452405 5
272703 12715 15525 118005 12715 13615 13456 15256 3727.5253708199243 5
272704 64298 104704 9889 64298 65198 65177 66977 3269.679263138713 5
272705 65212 5546 130771 65212 66112 66057 67857 2971.0574027882803 5
272706 65535 87175 91502 65535 66435 66707 68507 3655.7312168844587 5
272707 67168 5548 95434 67168 68068 68202 70002 3644.6992080026776 5
274012 13870 62173 59156 13870 14770 14950 16750 25626.548149879127 5
274013 66882 62234 91575 66882 67782 68421 70221 42185.73996760204 5
274616 43477 116373 8307 43477 44377 65927 67727 10686.031957265066 5
274617 66294 96982 62154 66294 67194 68083 69883 46245.1204352393 5
275573 12860 36014 68072 12860 13760 14076 15876 9718.36398307701 5
275574 64256 107528 10466 64256 65156 65649 67449 33105.38051484341 5
275575 67784 11299 130771 67784 68684 14495 16295 5917.8575392282355 5
276449 13419 96650 57962 13419 14319 14336 16136 5230.509234395796 5
276450 65383 16300 96765 65383 66283 66478 68278 7126.133184281588 5
277312 12255 5837 36226 12255 13155 13780 15580 10629.453867092741 5
277313 64318 3116 10270 64318 65218 65475 67275 5721.742232152641 5
277314 64936 2656 8063 64936 65836 66002 67802 5103.641684352232 5
277315 67256 42317 126544 67256 68156 15917 17717 43499.95944374138 5
277934 12689 39949 8024 12689 13589 13781 15581 7339.801177409851 5
277935 64374 109460 129879 64374 65274 66144 67944 45960.043018698816 5
278605 13082 11873 11947 13082 13982 13820 15620 2012.7341477813886 5
278606 13996 85409 44361 13996 14896 44254 46054 44491.37698042397 5
278607 64855 2859 10306 64855 65755 66533 68333 19907.463819573364 5
278608 66535 1712 7590 66535 67435 68456 70256 6282.405999307628 5
279304 42974 129440 10034 42974 43874 44234 46034 4399.678940604413 5
279305 64673 6725 3616 64673 65573 65925 67725 5209.451886864465 5
279306 66715 9889 93915 66715 67615 16074 17874 22834.00209156839 5
279894 13529 62242 62122 13529 14429 43498 45298 3506.44148108432 5
279895 43524 146 103917 43524 44424 44244 46044 7426.846361100511 5
280653 12118 10160 72464 12118 13018 13564 15364 17837.374739069986 5
280654 64790 8317 8300 64790 65690 65578 67378 2969.0159475560768 5
281486 12694 129396 2656 12694 13594 14045 15845 7441.655008802535 5
281487 65707 77410 100427 65707 66607 66538 68338 2221.1055286673836 5
281488 66220 10697 4611 66220 67120 67924 69724 11940.631077137115 5
282166 65597 5781 35994 65597 66497 66770 68570 7295.292567388906 5
282167 66880 36002 7086 66880 67780 68282 70082 11003.803614362088 5
282856 13271 74143 1135 13271 14171 14142 15942 3717.6469367515583 5
282857 64257 53542 5192 64257 65157 65145 66945 3476.254350568134 5
282858 66176 11887 8305 66176 67076 67259 69059 7385.554226025585 5
282859 67300 95358 86215 67300 68200 68122 69922 3305.8048169425356 5
283422 12099 13216 7843 12099 12999 13179 14979 7937.916585922362 5
283423 65368 85428 96994 65368 66268 67816 69616 33246.5543234309 5
284218 12674 111725 95434 12674 13574 14300 16100 44481.38373214857 5
284219 64354 5196 15186 64354 65254 65431 67231 4527.151714835459 5
284220 66826 5549 11752 66826 67726 67525 69325 2056.71132032875 5
284221 67157 11846 95435 67157 68057 68018 69818 3033.972464045437 5
284933 67217 6148 2809 67217 68117 68094 69894 3549.683912356773 5
284934 67701 8236 11524 67701 68601 7392 9192 10208.613210348947 5
285667 12179 2927 16194 12179 13079 13999 15799 21652.671963695913 5
285668 14050 3509 12081 14050 14950 14950 16750 2525.6379360780643 5
285669 64556 2816 99729 64556 65456 65735 67535 10210.616190865332 5
285670 65998 5008 83489 65998 66898 67661 69461 9096.608083271158 5
286527 12549 7881 9557 12549 13449 13618 15418 6274.116076392677 5
286528 13680 129396 35753 13680 14580 14915 16715 8039.693242074701 5
286529 42673 124320 111631 42673 43573 43749 45549 7896.8520643210995 5
286530 64648 65773 57429 64648 65548 66283 68083 3182.393765158258 5
286531 66918 12409 5197 66918 67818 68162 69962 8189.117917883082 5
287241 14103 72268 62154 14103 15003 43836 45636 36692.0976481653 5
287242 66660 109461 3123 66660 67560 68420 70220 46502.93096261384 5
289680 12434 95360 8306 12434 13334 13347 15147 3119.2122145387184 5
289681 13616 95360 5454 13616 14516 14689 16489 4098.634171072825 5
289682 66255 6085 104780 66255 67155 67320 69120 5784.354908458359 5
289683 66799 91410 123629 66799 67699 67697 69497 3657.430968574191 5
289684 67727 70110 87635 67727 68627 68507 70307 2213.214248024311 5
290510 12240 10350 12248 12240 13140 13139 14939 4478.50655397349 5
290511 13171 106771 125067 13171 14071 14165 15965 6330.814540114458 5
290512 13702 18493 42999 13702 14602 14526 16326 2584.944139718253 5
290513 67872 43344 16034 67872 68772 14720 16520 47590.4447994017 5
291199 12653 8323 8918 12653 13553 13535 15335 5830.068261478478 5
291200 13556 104710 5425 13556 14456 14776 16576 6864.0036770379165 5
291201 64281 36220 62124 64281 65181 65922 67722 36894.29823265945 5
291202 67012 12298 55536 67012 67912 67938 69738 2917.7280903825435 5
291649 12149 3236 36304 12149 13049 13257 15057 4838.523159913779 5
291650 13153 6370 7887 13153 14053 14032 15832 5081.4041060878135 5
292108 12503 12765 2636 12503 13403 13640 15440 5968.254121168854 5
292109 13769 39952 11509 13769 14669 14641 16441 2095.681524954942 5
292110 67005 62172 47842 67005 67905 68506 70306 50469.10946523611 5
292803 14207 109472 42277 14207 15107 64988 66788 42685.668033210335 5
292804 65226 103790 39628 65226 66126 67355 69155 34680.33050844351 5
293468 12057 14480 7885 12057 12957 12874 14674 2973.795885897255 5
293469 64938 111705 109468 64938 65838 66792 68592 46366.933804350956 5
294279 14074 107581 18150 14074 14974 14972 16772 18528.770062519725 5
294280 65976 1950 101209 65976 66876 68094 69894 15891.060654268951 5
294281 67632 104696 10011 67632 68532 14790 16590 15241.038977880164 5
295109 12439 62235 1844 12439 13339 14229 16029 38699.66004345514 5
295110 64795 109464 80429 64795 65695 66702 68502 46134.50479350858 5
295111 67213 10472 18134 67213 68113 68470 70270 16438.103481956885 5
295803 65032 14779 2740 65032 65932 66102 67902 7427.388165325982 5
295804 66723 5778 6934 66723 67623 67755 69555 6832.391378298821 5
296655 12159 11437 70713 12159 13059 13454 15254 12709.527445539818 5
296656 65693 8029 15513 65693 66593 67297 69097 13177.223809006971 5
296657 66952 1558 7569 66952 67852 68035 69835 5963.633950488636 5
297600 12298 5560 123880 12298 13198 13139 14939 2750.8053654405603 5
297601 13241 48296 95434 13241 14141 14546 16346 6147.359082838966 5
298595 66916 7348 91492 66916 67816 67839 69639 2476.9368184279833 5
298596 67618 3121 128135 67618 68518 68458 70258 2463.339266047611 5
299935 12583 47623 10053 12583 13483 13556 15356 3815.4621062669567 5
299936 13577 11301 2114 13577 14477 14800 16600 4959.998527477391 5
299937 65398 109482 3123 65398 66298 67376 69176 46524.82283538237 5
299938 67024 11967 7970 67024 67924 68034 69834 4170.147426396006 5
300614 13494 100519 2144 13494 14394 14517 16317 6845.230427636862 5
301218 64263 59301 24514 64263 65163 65342 67142 27304.11756498998 5
301219 66371 35833 91502 66371 67271 67550 69350 7722.5512963038245 5
301220 67162 5198 7086 67162 68062 68057 69857 2877.8489604788865 5
301935 12243 62242 88752 12243 13143 14391 16191 44431.27998545294 5
301936 42670 19175 62155 42670 43570 43731 45531 21886.391831058798 5
303655 42666 10460 62167 42666 43566 44227 46027 42679.62554784064 5
304552 12846 127206 62145 12846 13746 14625 16425 45778.64233718408 5
304553 64760 62175 93915 64760 65660 66850 68650 57940.60820399398 5
304554 67223 91501 77956 67223 68123 68348 70148 5705.905785085644 5
305291 13318 109534 23830 13318 14218 14369 16169 10379.17640432633 5
305292 65286 62242 39932 65286 66186 66519 68319 22462.501625045967 5
305293 67643 62172 72 67643 68543 68481 70281 13377.011234888334 5
305978 13256 91205 1941 13256 14156 14650 16450 13816.594553822277 5
306656 12375 35774 62142 12375 13275 14219 16019 45698.755530656774 5
306657 42669 82155 62135 42669 43569 43401 45201 3890.1829292765296 5
306658 66464 65531 93915 66464 67364 68152 69952 20654.59004394402 5
307773 12061 55610 5546 12061 12961 12998 14798 4844.908095583784 5
307774 64310 75 10008 64310 65210 65659 67459 17793.095063616696 5
307775 66858 109482 66147 66858 67758 68479 70279 56136.09313391024 5
308519 12097 111713 3558 12097 12997 12896 14696 4553.160110042645 5
308520 13042 130716 3510 13042 13942 14456 16256 15210.920711079423 5
308521 65527 3114 6800 65527 66427 66628 68428 6930.183432515418 5
308522 66567 5779 53536 66567 67467 67616 69416 7271.248238463216 5
308523 67280 11414 130530 67280 68180 68256 70056 3424.5522330041017 5
309101 13350 36202 35730 13350 14250 14719 16519 12438.91968361913 5
309102 43379 123626 27239 43379 44279 65454 67254 50598.154372440884 5
309103 65643 82121 10697 65643 66543 67122 68922 42292.637364856266 5
309761 13337 59141 128727 13337 14237 14691 16491 26772.59927364664 5
309762 42713 75486 62115 42713 43613 43454 45254 3005.1242411960766 5
310413 12366 128753 3118 12366 13266 13141 14941 2033.2792209127465 5
310926 64274 105019 103665 64274 65174 65198 66998 18984.94699513254 5
311641 13225 8318 11841 13225 14125 14184 15984 4518.23805662713 5
311642 14278 100488 62143 14278 15178 43384 45184 46579.62957043812 5
311643 65295 123637 9693 65295 66195 66120 67920 2748.885227895436 5
311644 66429 11383 15186 66429 67329 67425 69225 4283.397325591027 5
311645 67350 4748 35941 67350 68250 68491 70291 6444.368542511029 5
312112 13923 62173 7086 13923 14823 65120 66920 43394.31882241849 5
314322 13636 100404 15187 13636 14536 14715 16515 5090.702663871755 5
314323 42693 48853 62125 42693 43593 44195 45995 42182.49510153701 5
314324 64271 46445 126181 64271 65171 65237 67037 5461.420989012372 5
315105 12107 100360 8312 12107 13007 13167 14967 5440.898205295084 5
315106 12875 7091 2853 12875 13775 13768 15568 3215.307139922306 5
315107 13345 637 117773 13345 14245 14406 16206 10985.26425016242 5
315108 64583 124691 120794 64583 65483 66026 67826 9500.2408930431 5
315109 66900 4090 11372 66900 67800 67909 69709 3542.2360203698468 5
315569 13136 7140 3082 13136 14036 14790 16590 13890.673745592376 5
316079 66063 1969 111725 66063 66963 67824 69624 45404.51771952709 5
316667 12966 93806 5421 12966 13866 13819 15619 2450.456340487246 5
316668 64257 4793 4730 64257 65157 65225 67025 4701.70623998512 5
316669 65175 102047 6367 65175 66075 66097 67897 2843.2224472296125 5
316670 67057 15994 100429 67057 67957 68067 69867 4552.315894305644 5
317390 12332 71055 62003 12332 13232 13646 15446 35673.10451527299 5
318104 65890 130752 96392 65890 66790 66830 68630 2316.361048484829 5
318105 66732 8317 4085 66732 67632 67730 69530 4160.649891196145 5
318106 67569 188 100470 67569 68469 15123 16923 8325.822173465647 5
318738 13930 484 127444 13930 14830 14896 16696 4200.4216963393155 5
318739 67455 62222 142 67455 68355 68524 70324 23412.198647174817 5
319461 12301 2983 10461 12301 13201 14063 15863 8186.882733590092 5
319462 65902 3142 129012 65902 66802 67348 69148 2563.271304986517 5
320214 65664 128583 91487 65664 66564 66788 68588 4840.596207872767 5
320215 66833 7087 91515 66833 67733 67802 69602 3724.346215851407 5
320216 67279 100418 4235 67279 68179 68079 69879 3778.513046011078 5
320984 13500 117657 9903 13500 14400 14644 16444 3700.1800187806625 5
320985 67041 109482 117861 67041 67941 14823 16623 4450.883090603903 5
321823 64311 5784 131090 64311 65211 65653 67453 8476.878019310421 5
321824 66493 9366 3619 66493 67393 67469 69269 4874.2374763478265 5
322624 14090 9368 3381 14090 14990 65613 67413 12172.230414076084 5
322625 66031 5623 16911 66031 66931 67179 68979 4621.0963936291355 5
322626 67768 4731 10469 67768 68668 14706 16506 4426.824337395192 5
323443 12369 13231 95337 12369 13269 13122 14922 2142.9853641274944 5
323444 12653 3369 18636 12653 13553 14175 15975 9240.29740590419 5
323445 13689 18059 9903 13689 14589 14728 16528 2607.7728812769756 5
323446 64666 5193 55524 64666 65566 66031 67831 10719.99015682876 5
323447 66388 85360 100476 66388 67288 67406 69206 5874.387880070826 5
323448 67520 5193 7343 67520 68420 68417 70217 3343.522829950571 5
324135 65029 35717 15808 65029 65929 66060 67860 4535.6304538539 5
324136 65936 57132 15191 65936 66836 66977 68777 3430.1018250440675 5
324958 12825 85360 10466 12825 13725 13722 15522 3869.9966384225454 5
324959 66082 109482 74142 66082 66982 67794 69594 45715.54122696282 5
324960 67657 5419 87300 67657 68557 68498 70298 3295.1933910490616 5
325716 12773 85420 123213 12773 13673 13633 15433 2863.999409364159 5
325717 13206 65798 107596 13206 14106 14946 16746 34107.926725975325 5
325718 67269 62170 7973 67269 68169 16406 18206 43445.94578989592 5
326476 67270 109465 452 67270 68170 68470 70270 34095.47901793864 5
327274 13664 2810 11750 13664 14564 14760 16560 6645.457776416697 5
327275 14383 8887 62117 14383 15283 43615 45415 34955.87986013107 5
327276 64600 83489 7973 64600 65500 66039 67839 9053.143009583935 5
327277 65987 11195 11346 65987 66887 66975 68775 2862.3298441428115 5
327278 67299 85386 57421 67299 68199 68500 70300 6508.9712769261805 5
328051 64306 9551 4757 64306 65206 65499 67299 4688.09648969719 5
328052 64959 8328 104874 64959 65859 66129 67929 7567.336119349515 5
328053 66526 3622 54407 66526 67426 14955 16755 52444.44782047148 5
328802 42934 15961 34095 42934 43834 44255 46055 27907.4616575306 5
328803 64611 11303 3117 64611 65511 65760 67560 4211.7113490027405 5
328804 65585 125793 7656 65585 66485 66417 68217 3113.7511305525118 5
328805 66128 15851 4757 66128 67028 67709 69509 8503.449294515412 5
328806 67680 14797 35757 67680 68580 68521 70321 3175.5232518773582 5
329553 12088 34526 117861 12088 12988 12959 14759 7814.082358799719 5
329554 64316 14395 18201 64316 65216 65461 67261 8143.157561335602 5
329555 64997 4791 6736 64997 65897 65979 67779 3817.0978146402226 5
330312 12125 117660 3617 12125 13025 12891 14691 2324.6131625266244 5
330313 43315 126200 85472 43315 44215 44215 46015 3109.9737542622047 5
330314 66531 109584 82660 66531 67431 67571 69371 5984.082636609615 5
331000 12056 6367 35938 12056 12956 13611 15411 5197.470867791834 5
331001 13292 1555 9903 13292 14192 14540 16340 10593.56005550753 5
331758 14148 62222 35070 14148 15048 14977 16777 6848.091475528736 5
332637 12807 38062 3861 12807 13707 13622 15422 2908.4678240664875 5
332638 13325 4361 10011 13325 14225 14962 16762 7514.7597596247615 5
332639 64274 82239 10271 64274 65174 66174 67974 43836.17819934925 5
332640 66249 16055 10054 66249 67149 67076 68876 2938.069505797548 5
332641 67123 4245 14543 67123 68023 68500 70300 12694.092340318854 5
333375 12388 78057 8240 12388 13288 13342 15142 3907.436749514607 5
333376 12998 100389 7094 12998 13898 13929 15729 4875.055716166084 5
333377 66175 51778 62145 66175 67075 67698 69498 44282.94312127738 5
334695 12111 11410 9396 12111 13011 12931 14731 4109.706312786889 5
334696 13181 105014 62124 13181 14081 14602 16402 41356.722951689124 5
334697 43566 35744 8322 43566 44466 64927 66727 3618.780485170319 5
334698 64852 2656 7883 64852 65752 65898 67698 4310.745283140222 5
334699 66127 11371 4100 66127 67027 67123 68923 3868.6819361351113 5
334700 67286 8086 9434 67286 68186 68488 70288 7570.505297814072 5
335625 12563 100250 2960 12563 13463 14558 16358 17656.201770773412 5
335626 64282 4670 187 64282 65182 65296 67096 2898.4851684571813 5
335627 66750 6723 88697 66750 67650 68317 70117 12348.026452554186 5
336187 66001 62242 5489 66001 66901 67709 69509 39346.61910304952 5
336188 67413 2948 16583 67413 68313 68323 70123 5277.946154334872 5
336863 12192 61970 62136 12192 13092 13961 15761 11439.62571327423 5
336864 14041 53360 125607 14041 14941 43295 45095 45557.93349588912 5
336865 64758 35767 11929 64758 65658 65763 67563 2987.9531953878472 5
336866 67085 114475 105088 67085 67985 68124 69924 4717.700054383833 5
337560 12294 5865 73370 12294 13194 13162 14962 2854.2654747757415 5
337561 12944 70110 18277 12944 13844 14197 15997 7970.233909381312 5
337562 13839 3380 18368 13839 14739 14976 16776 7003.70120363337 5
338176 64302 123434 109964 64302 65202 65350 67150 5119.184073672277 5
338177 66699 130613 62114 66699 67599 68410 70210 39544.165607153154 5
338931 12054 33568 4101 12054 12954 13173 14973 7373.32955316787 5
338932 65941 1421 77410 65941 66841 67159 68959 6979.725022136138 5
339782 13785 10042 128753 13785 14685 65145 66945 2260.8699932592817 5
339783 66082 4331 4248 66082 66982 67320 69120 10654.50633517448 5
339784 66810 100453 4082 66810 67710 14917 16717 2984.2253413890417 5
340588 13177 12223 10170 13177 14077 14200 16000 5253.823934170377 5
340589 13681 6377 95430 13681 14581 14850 16650 9135.579539736691 5
340590 65101 14654 3153 65101 66001 66536 68336 9834.645430223729 5
340591 66601 14249 14546 66601 67501 67441 69241 2588.82067221132 5
341622 13468 109465 96651 13468 14368 14968 16768 41782.35675715393 5
342328 12090 100363 6093 12090 12990 13863 15663 13665.030620211044 5
342329 14185 6377 62116 14185 15085 44150 45950 44852.61209513716 5
342330 65548 38803 10098 65548 66448 67267 69067 44018.1397972364 5
342331 67541 39952 32173 67541 68441 14598 16398 53284.30235933712 5
343280 13195 11422 85389 13195 14095 14118 15918 5000.871975547652 5
343281 13750 6796 2116 13750 14650 14826 16626 5687.749260902301 5
345059 12690 9488 3123 12690 13590 13710 15510 4637.06604043409 5
345060 13906 85460 3118 13906 14806 43439 45239 5939.174237616355 5
345491 64796 1569 35772 64796 65696 66341 68141 6621.4502758741655 5
345492 66549 70402 36073 66549 67449 67494 69294 7277.987482764471 5
345493 67700 36060 130771 67700 68600 14494 16294 17442.908806592957 5
345925 14203 100360 14007 14203 15103 14984 16784 2416.1985664497006 5
346297 12098 103667 28895 12098 12998 13090 14890 6168.607892495772 5
346298 13242 14069 3620 13242 14142 14297 16097 5214.496437390722 5
346299 14173 35751 8316 14173 15073 14953 16753 2287.5902556817405 5
346812 67439 12970 83351 67439 68339 68519 70319 6575.634504159971 5
347198 12685 12274 5489 12685 13585 13554 15354 3622.6769993327853 5
347199 13033 2813 10814 13033 13933 14261 16061 9580.225828352239 5
347200 13972 16480 2760 13972 14872 14707 16507 2337.398903198015 5
347671 64262 95336 91439 64262 65162 65922 67722 12217.544075620212 5
347672 67076 85468 8299 67076 67976 68422 70222 6583.146350518739 5
348324 13294 7848 10866 13294 14194 14154 15954 2837.6480580850766 5
348325 13671 12532 114696 13671 14571 65445 67245 4777.63644362802 5
348875 14047 62233 59370 14047 14947 14996 16796 18744.850058792836 5
348876 65181 18639 3622 65181 66081 66239 68039 3814.6312658914662 5
348877 65763 3516 109479 65763 66663 68001 69801 48600.134704819284 5
349426 13888 4744 7954 13888 14788 14943 16743 4529.72918104301 5
349427 65661 35939 9904 65661 66561 66916 68716 8015.657204731208 5
349428 67037 11372 129879 67037 67937 67816 69616 2339.3320987954153 5
350100 12830 95343 8081 12830 13730 13946 15746 4867.13183323505 5
350101 13835 120268 8316 13835 14735 14860 16660 5538.780026565271 5
350102 64817 11509 53529 64817 65717 65950 67750 5806.7657493412125 5
350103 66890 130752 36235 66890 67790 68342 70142 8531.749668601515 5
350424 12061 8091 5113 12061 12961 13495 15295 11574.938690946956 5
350425 64649 109472 93915 64649 65549 67466 69266 58208.93946354937 5
350847 64478 111680 14655 64478 65378 65881 67681 8784.31850475471 5
350848 67022 129903 35987 67022 67922 68410 70210 9029.611513978563 5
351352 64715 10098 120233 64715 65615 65780 67580 5077.572137055475 5
351353 65854 5423 9292 65854 66754 66699 68499 2287.8132868667185 5
351354 66475 7830 111727 66475 67375 68133 69933 44020.20148963643 5
352174 64263 18627 7925 64263 65163 65625 67425 11234.577511234977 5
352175 66561 43233 8238 66561 67461 67456 69256 3775.47156733292 5
352176 66950 36227 106778 66950 67850 68040 69840 4548.065076111128 5
352773 12518 9891 14595 12518 13418 13782 15582 7547.01217974637 5
353432 13394 100325 5916 13394 14294 14436 16236 4543.935466590479 5
353433 64270 5192 7089 64270 65170 65569 67369 2443.9152190331106 5
353434 66112 9884 62123 66112 67012 68226 70026 46515.406528286934 5
354331 12077 2494 14005 12077 12977 13066 14866 3455.653154387674 5
354332 13145 18513 95224 13145 14045 14078 15878 3308.702540249321 5
354333 13928 91534 120310 13928 14828 14703 16503 2304.960654721949 5
354334 65093 98641 10095 65093 65993 66072 67872 3340.7731441002534 5
354335 65857 91524 11305 65857 66757 67388 69188 6131.112782669375 5
354817 12073 13180 6370 12073 12973 12894 14694 2441.8910143266753 5
354818 12653 36300 103999 12653 13553 13834 15634 7003.176140735626 5
354819 13336 8847 8375 13336 14236 14285 16085 3826.099635547806 5
355490 64293 7087 40779 64293 65193 65351 67151 4216.4309908440155 5
355491 65781 8932 91496 65781 66681 66953 68753 7891.248668358345 5
355492 67528 3114 7348 67528 68428 68490 70290 4979.5002630820045 5
355923 64294 124221 79595 64294 65194 65980 67780 36994.55910608537 5
355924 67888 36016 2167 67888 68788 15445 17245 19884.576682001392 5
357473 65425 7796 4245 65425 66325 66204 68004 3154.0603713358473 5
357474 67123 71756 104810 67123 68023 68333 70133 5198.008290805137 5
357909 12209 3515 2849 12209 13109 13512 15312 6633.009840762533 5
357910 13417 91496 91492 13417 14317 14310 16110 3510.5797704472743 5
358260 12059 5425 3617 12059 12959 13276 15076 6677.951679012762 5
358261 12745 91421 123624 12745 13645 13695 15495 4694.673149816781 5
358262 13999 6887 12732 13999 14899 14906 16706 3219.7551342369575 5
358263 64306 74704 131090 64306 65206 66165 67965 39079.6168187796 5
358264 65840 4730 4757 65840 66740 66954 68754 6706.520072397339 5
358265 67324 35999 7888 67324 68224 68525 70325 9416.222094023333 5
358881 12091 87246 16697 12091 12991 13016 14816 7848.868336401369 5
358882 13347 12975 6783 13347 14247 14077 15877 2116.5795633967514 5
358883 65033 3117 7347 65033 65933 66022 67822 4172.842465930543 5
359323 67653 8846 11444 67653 68553 68493 70293 3222.0162977202185 5
359975 64267 125966 10092 64267 65167 65459 67259 2465.7673141344326 5
359976 66258 10697 46944 66258 67158 68365 70165 39327.871200420865 5
360376 67415 5782 4736 67415 68315 14504 16304 6531.456195474859 5
361168 64287 7655 109479 64287 65187 65928 67728 42737.61380479995 5
361169 65428 38803 606 65428 66328 66751 68551 38901.629897095634 5
361170 66646 14793 82114 66646 67546 67834 69634 5292.277625366582 5
361541 12426 4045 103759 12426 13326 13402 15202 4345.751907316863 5
361542 13282 6885 6804 13282 14182 14461 16261 8511.639968052736 5
361543 14052 38604 10049 14052 14952 14856 16656 5207.876920629496 5
362128 12775 91530 126618 12775 13675 14184 15984 10683.271837623244 5
363060 13194 88217 128523 13194 14094 14595 16395 6699.109209935409 5
363538 12709 7348 10050 12709 13609 13883 15683 6654.424132778069 5
363539 66064 2041 62141 66064 66964 68143 69943 46178.739106917754 5
363967 12571 4753 11895 12571 13471 13432 15232 3668.4034520975283 5
363968 13320 2651 128549 13320 14220 14362 16162 5166.497968524078 5
363969 14037 17038 13226 14037 14937 14784 16584 2585.3646961193913 5
364377 64306 91489 2151 64306 65206 65656 67456 5176.488738399345 5
364378 66368 120267 16578 66368 67268 67368 69168 3500.8187216858764 5
364791 12061 71158 62115 12061 12961 13272 15072 31679.393590370662 5
364792 13689 77794 100521 13689 14589 14613 16413 4095.8902682844273 5
364793 65316 128455 35953 65316 66216 67014 68814 11020.893283527892 5
364794 66918 36316 11990 66918 67818 67901 69701 3909.9175848896293 5
365246 12076 87642 18431 12076 12976 12817 14617 2059.3475267079752 5
365247 64307 10720 16764 64307 65207 65717 67517 14311.034870430685 5
365248 67900 83474 104698 67900 68800 14615 16415 12974.486578867489 5
365690 13162 11558 9439 13162 14062 14125 15925 3582.5873559665047 5
365691 13782 95343 121553 13782 14682 14984 16784 7734.42047244826 5
366299 12075 11419 14778 12075 12975 13155 14955 8494.357004586534 5
366300 13057 35946 3920 13057 13957 14996 16796 14280.885740526926 5
366301 67673 9903 3777 67673 68573 68513 70313 2765.779446545701 5
366803 66385 109486 126342 66385 67285 67797 69597 40397.67986014245 5
367873 64875 42265 5471 64875 65775 65974 67774 5145.8093810392265 5
367874 65927 4737 14015 65927 66827 66855 68655 3936.2402631710156 5
369387 12262 86178 14265 12262 13162 13330 15130 9699.268792093031 5
369388 13590 2860 2808 13590 14490 14514 16314 5162.279491088827 5
369389 67100 91513 93915 67100 68000 68480 70280 17885.109394843916 5
369870 66229 62236 93915 66229 67129 68449 70249 58481.98889375597 5
370438 12111 4378 16575 12111 13011 12999 14799 4016.779367004438 5
370439 13418 5787 4738 13418 14318 14561 16361 7616.067464090191 5
370440 67757 4245 20624 67757 68657 14525 16325 56678.97980168732 5
370931 13982 61913 130699 13982 14882 43842 45642 38885.934292327205 5
370932 66438 3620 11435 66438 67338 16231 18031 5379.1148939919385 5
371787 13389 62230 120294 13389 14289 14907 16707 36591.316419791096 5
371788 65048 7648 3118 65048 65948 65950 67750 2715.975394929398 5
371789 66813 3117 42276 66813 67713 67601 69401 2485.2336177089587 5
372369 43179 130027 71303 43179 44079 44260 46060 16539.530142775817 5
372370 65067 62168 64492 65067 65967 68267 70067 26687.443901333725 5
372824 66475 74707 9902 66475 67375 68055 69855 37179.25589193738 5
373471 12078 15352 4738 12078 12978 13169 14969 5665.693474324142 5
373472 12747 4743 13286 12747 13647 13994 15794 7998.428129219356 5
373962 65309 14259 4738 65309 66209 67493 69293 6085.898831349487 5
374485 66330 38803 10042 66330 67230 67872 69672 42078.79878472473 5
375024 12823 18059 5424 12823 13723 13892 15692 3078.458072827716 5
375025 64290 129816 10169 64290 65190 65312 67112 5497.328361782935 5
-1
