r.id  r.timeCall  r.pickupLocationID r.deliveryLocationID  r.earlyPickupTime  r.latePickupTime  r.earlyDeliveryTime  r.lateDeliveryTime  r.maxTravelDistance  r.maxNbStops
471 45679 82471 107586 45679 46579 46879 48679 29489.892315447334 5
1150 14454 1460 53536 14454 15354 16210 18010 16039.244832102686 5
1151 57350 8314 56475 57350 58250 58579 60379 5635.930373157384 5
1766 15485 62235 35724 15485 16385 17106 18906 39325.62626241736 5
1767 45433 8017 3123 45433 46333 58493 60293 20289.31148422424 5
2462 42693 107110 118070 42693 43593 43501 45301 3005.782398418446 5
2463 43228 2934 3131 43228 44128 44769 46569 19792.564090230073 5
3020 14411 62023 126342 14411 15311 15757 17557 40380.16361108 5
3021 16481 109460 109622 16481 17381 17142 18942 7551.0573906661075 5
3022 57083 88474 130823 57083 57983 58043 59843 2174.9383060312134 5
3149 44470 46635 124731 44470 45370 46027 47827 61184.44774729496 5
3931 45519 15635 100522 45519 46419 46673 48473 9301.372942236934 5
3932 57095 35986 11508 57095 57995 58495 60295 12046.18803026366 5
4571 16299 109472 24415 16299 17199 57780 59580 26050.431831804755 5
4933 15841 109472 71362 15841 16741 17101 18901 37893.203578565 5
5417 13983 109464 64492 13983 14883 15685 17485 26668.496564498313 5
6100 13981 6363 100402 13981 14881 14856 16656 4426.14362021234 5
6101 14431 65093 128185 14431 15331 15374 17174 5588.15418604595 5
6102 15570 114701 62231 15570 16470 17047 18847 36958.431329584055 5
6103 42659 98592 62147 42659 43559 44051 45851 36815.87313209965 5
6104 45202 11850 11512 45202 46102 46598 48398 12197.139019676333 5
6105 57106 112255 8905 57106 58006 58130 59930 2244.92689610345 5
6775 13870 126829 114689 13870 14770 14815 16615 5347.259009847659 5
7470 13895 12215 10264 13895 14795 14701 16501 2043.2479229916437 5
7471 15613 4248 1442 15613 16513 16909 18709 10389.091936316114 5
7472 43231 11961 4734 43231 44131 44159 45959 2758.2997813850425 5
7473 57493 3508 5470 57493 58393 58507 60307 4227.523948919157 5
8359 13877 116360 9562 13877 14777 14801 16601 4807.949036512342 5
8360 14544 11862 110473 14544 15444 15992 17792 13897.557529358524 5
8361 15924 131021 101849 15924 16824 16894 18694 7648.558870245627 5
9162 14480 93808 9111 14480 15380 15499 17299 4923.543270410878 5
9163 15255 13709 51781 15255 16155 16078 17878 2161.185635549152 5
9164 45196 3380 33591 45196 46096 46909 48709 38792.30619377903 5
9165 57629 85395 5569 57629 58529 58649 60449 5729.785019220506 5
9970 15661 16907 11303 15661 16561 57715 59515 5683.459256505209 5
9971 57227 11199 58952 57227 58127 58170 59970 2331.304072790888 5
10698 13864 107532 42999 13864 14764 15184 16984 31278.64400872332 5
10699 15858 62172 8847 15858 16758 29099 30899 35819.29054506175 5
11347 16266 109472 77997 16266 17166 17106 18906 11909.60077154104 5
11348 57201 4739 85122 57201 58101 58172 59972 4342.555288786647 5
11990 14177 95347 36057 14177 15077 15418 17218 8964.639864579718 5
11991 15594 3921 1697 15594 16494 16758 18558 7580.39061545511 5
12579 13997 5425 11845 13997 14897 15070 16870 5086.7790880338935 5
12580 15435 127462 10268 15435 16335 29259 31059 4619.613383299993 5
12581 29127 11377 13229 29127 30027 29968 31768 4339.525685918257 5
13349 14472 66160 3137 14472 15372 15392 17192 2749.906059556693 5
13350 14928 11920 11849 14928 15828 15917 17717 5620.865153203656 5
13351 16200 10166 12617 16200 17100 29713 31513 7283.058002024408 5
13352 42923 104589 62121 42923 43823 44192 45992 30321.419765769948 5
13353 45368 1078 93915 45368 46268 46871 48671 16463.758223015167 5
13354 57135 4480 8227 57135 58035 58032 59832 2636.009989145283 5
14056 14917 109486 70754 14917 15817 16785 18585 34853.90336331336 5
14057 57393 10696 4235 57393 58293 58323 60123 2736.2455829449186 5
14844 14173 119319 7885 14173 15073 15070 16870 7975.9885069967095 5
14845 14852 5568 12362 14852 15752 16086 17886 6421.188264009263 5
14846 57755 10048 18431 57755 58655 7282 9082 3606.63154359036 5
15604 15768 9654 3616 15768 16668 16637 18437 2102.1019732191958 5
15605 43573 125607 111727 43573 44473 45532 47332 48949.95980640565 5
16300 14442 6368 3625 14442 15342 15617 17417 7229.899565587866 5
16301 15647 6801 7962 15647 16547 16921 18721 7998.645907031198 5
16302 57591 7888 9889 57591 58491 7408 9208 6596.768975569944 5
17220 14522 100488 11428 14522 15422 15505 17305 5285.047608102921 5
17221 15570 3115 10050 15570 16470 16483 18283 4083.5611660944337 5
17222 42667 94260 62154 42667 43567 43812 45612 29568.53244618104 5
17223 44208 2703 111727 44208 45108 45847 47647 35135.568595113655 5
17975 57666 36240 7910 57666 58566 58623 60423 4847.708429120953 5
19321 28311 59141 9368 28311 29211 29505 31305 27708.634287715944 5
19322 43434 3140 96984 43434 44334 44520 46320 6648.978619422483 5
19323 46001 8930 130823 46001 46901 58122 59922 6265.718784143552 5
19940 13912 71269 4737 13912 14812 15010 16810 14242.999592140199 5
19941 14940 4741 14546 14940 15840 16168 17968 9023.370765246198 5
19942 16335 87772 3377 16335 17235 17109 18909 2366.6771078629445 5
20601 14992 10473 6149 14992 15892 16064 17864 6896.92101199148 5
20602 45036 104438 111736 45036 45936 46503 48303 38493.39771375205 5
21425 15948 4744 4755 15948 16848 16856 18656 3220.566442653421 5
21426 57404 36213 8526 57404 58304 58664 60464 6251.540834071681 5
22168 13880 13709 43555 13880 14780 14806 16606 3040.663270422066 5
22169 45721 36046 5460 45721 46621 7407 9207 12596.350096728489 5
22974 13911 36000 17663 13911 14811 15147 16947 5853.725521373409 5
22975 15068 7897 11418 15068 15968 16209 18009 8529.161854669272 5
22976 15805 18352 36189 15805 16705 16858 18658 2813.248432574271 5
22977 16371 70341 34445 16371 17271 43528 45328 45166.23912528159 5
22978 44430 9270 109582 44430 45330 46178 47978 40966.04362598834 5
23807 14128 18351 14779 14128 15028 15691 17491 10715.710242279303 5
23808 15463 4361 2631 15463 16363 16249 18049 2475.1156607838843 5
23809 16319 6166 8230 16319 17219 17159 18959 4382.513823862468 5
23810 44365 12751 9230 44365 45265 45579 47379 10917.016638784953 5
23811 45594 1430 15531 45594 46494 46525 48325 4465.552900525683 5
23812 57316 85437 96982 57316 58216 58537 60337 4817.35626834125 5
24706 13910 11193 4249 13910 14810 14806 16606 3606.0041705442663 5
24707 15709 95332 9489 15709 16609 17079 18879 8334.245668613046 5
24708 45860 12408 7094 45860 46760 46731 48531 5155.326141299929 5
25466 13952 4730 11418 13952 14852 14888 16688 2280.371334803795 5
25467 15191 111704 105054 15191 16091 16007 17807 2829.111519935402 5
26192 14363 3116 3132 14363 15263 15404 17204 4218.886571568812 5
26850 15501 109465 100435 15501 16401 17123 18923 42958.39447615616 5
26851 45739 6369 59170 45739 46639 46879 48679 25370.31756910239 5
27577 14225 111707 11435 14225 15125 15236 17036 4024.9529871698664 5
27578 15867 121555 5454 15867 16767 16644 18444 2300.5232310229085 5
27579 16198 4732 10096 16198 17098 16987 18787 3365.0112904628445 5
27580 28995 3518 130823 28995 29895 43564 45364 6191.763765750675 5
27581 43278 121556 4235 43278 44178 45768 47568 4752.357047954384 5
28399 44825 100909 111898 44825 45725 45614 47414 3673.862511224002 5
28400 57632 86155 95334 57632 58532 7418 9218 11764.170872063674 5
29253 42678 109608 62154 42678 43578 43421 45221 3044.263451884437 5
30566 13870 11438 16307 13870 14770 14710 16510 2356.710172360545 5
30567 15690 15496 8068 15690 16590 17073 18873 6816.235012843102 5
30568 57355 8217 4835 57355 58255 58494 60294 5652.10090757873 5
31146 15075 33526 64492 15075 15975 17117 18917 22545.792905206436 5
31147 44049 15355 62115 44049 44949 45528 47328 40647.9394364989 5
31148 57083 7438 11509 57083 57983 58364 60164 5234.5289526452325 5
31801 14868 5571 82986 14868 15768 15722 17522 3748.3455987294533 5
31802 15495 3137 11317 15495 16395 16754 18554 7758.11507461573 5
31803 57364 107204 130530 57364 58264 58521 60321 2484.557841430835 5
32541 14128 11437 7797 14128 15028 15040 16840 3834.8296983282785 5
32542 15068 100508 10048 15068 15968 15927 17727 4410.347467205556 5
32543 28273 11375 35786 28273 29173 29954 31754 3064.3072161670752 5
33376 14975 117664 7647 14975 15875 16145 17945 5942.055957036921 5
33377 57423 35753 7785 57423 58323 7384 9184 6062.596879597821 5
33941 15007 4738 129817 15007 15907 15839 17639 2100.0271679217026 5
33942 15459 11403 16926 15459 16359 16583 18383 9172.990777976423 5
33943 16097 11671 109477 16097 16997 43302 45102 36562.54086240126 5
33944 44415 3144 3118 44415 45315 45628 47428 7303.57369383621 5
33945 45983 85092 8318 45983 46883 46791 48591 3421.2431571388424 5
33946 57231 100502 95434 57231 58131 58079 59879 2421.600400436029 5
34677 13895 8526 12974 13895 14795 14762 16562 4234.070167693891 5
34678 14588 130823 8528 14588 15488 15818 17618 7950.9780272793505 5
34679 15751 36189 6725 15751 16651 16766 18566 4261.208102742327 5
34680 29192 5321 100387 29192 30092 29972 31772 3114.2341516555225 5
34681 57208 11761 10170 57208 58108 77649 79449 11191.866386940317 5
35431 14129 5423 11845 14129 15029 15139 16939 5257.779497482559 5
35432 14935 5423 11845 14935 15835 15906 17706 5257.779497482559 5
35433 15598 100488 1557 15598 16498 17003 18803 12352.047380330883 5
35434 28256 6377 17173 28256 29156 29175 30975 4706.995547584929 5
35435 28684 51750 5566 28684 29584 29766 31566 3629.921152064952 5
35436 42681 80609 6728 42681 43581 44387 46187 19762.06777649685 5
35437 46128 105055 7085 46128 47028 46908 48708 3050.3205309498708 5
36157 14571 33517 4149 14571 15471 16560 18360 46952.874598888346 5
36158 46121 43413 62190 46121 47021 57833 59633 47492.69377959552 5
36980 14007 73365 100451 14007 14907 15417 17217 6312.7433948027465 5
36981 15056 4242 28964 15056 15956 17157 18957 39670.560094533364 5
36982 28469 6156 6610 28469 29369 29441 31241 7029.059332205394 5
37865 57411 67980 109710 57411 58311 58170 59970 2131.5349078376794 5
38667 14373 104709 4250 14373 15273 15357 17157 3567.451605753667 5
38668 14929 100469 4672 14929 15829 16027 17827 7316.346092919073 5
38669 57059 4089 2655 57059 57959 57942 59742 4741.613915541755 5
38670 57734 11402 6728 57734 58634 78195 79995 22886.559905568953 5
39773 16438 33990 44331 16438 17338 17158 18958 7273.40165109443 5
39774 28755 12076 8932 28755 29655 29752 31552 5734.96402148506 5
40451 14910 14797 85433 14910 15810 15959 17759 5690.701382259873 5
41292 14344 1837 62120 14344 15244 15986 17786 37840.6403412281 5
41293 28996 109598 23824 28996 29896 29956 31756 21236.777747449105 5
41294 45643 6148 82490 45643 46543 46905 48705 30474.073030826476 5
41295 57476 8307 15531 57476 58376 7304 9104 3822.4671731171516 5
42490 15368 4633 53529 15368 16268 16757 18557 8975.14591149719 5
42491 28784 85511 6370 28784 29684 7388 9188 12372.691476404438 5
43214 15333 109472 4247 15333 16233 17070 18870 42444.613932252505 5
43215 29012 4738 65753 29012 29912 29875 31675 3297.1583421252885 5
43216 57064 35754 2140 57064 57964 58358 60158 6778.614114258829 5
43995 44696 11196 5555 44696 45596 45485 47285 2282.057562203337 5
44851 57057 14493 55648 57057 57957 58203 60003 4575.927353206192 5
45636 14292 8234 103134 14292 15192 15274 17074 5572.217252218195 5
45637 14921 10171 36300 14921 15821 15652 17452 2048.4710717432667 5
45638 57085 14658 96619 57085 57985 58119 59919 2215.1946303491845 5
46078 14855 11412 85414 14855 15755 16201 18001 5701.529129731653 5
46079 16038 12091 17173 16038 16938 16888 18688 4308.901681026069 5
46080 16353 17173 117769 16353 17253 58565 60365 5819.273555576869 5
46935 14163 4248 6081 14163 15063 14937 16737 2199.391205113344 5
46936 14492 70349 62175 14492 15392 16094 17894 46077.75418907624 5
46937 29137 5198 126340 29137 30037 29976 31776 3107.5304307544975 5
47925 15462 5770 8024 15462 16362 16605 18405 5281.373338286048 5
47926 57079 3137 4613 57079 57979 58144 59944 7492.176391577035 5
47927 57863 1447 10350 57863 58763 7304 9104 11196.15714563121 5
48781 14648 4734 85466 14648 15548 15670 17470 5367.9900752314925 5
48782 15299 10048 8302 15299 16199 16178 17978 3173.5393985345536 5
48783 16198 102015 8315 16198 17098 17157 18957 6572.492989188496 5
48784 44987 64267 96982 44987 45887 46035 47835 6641.636317652975 5
48785 57933 3780 123434 57933 58833 78040 79840 4697.070039488122 5
49586 14949 2493 2653 14949 15849 15897 17697 5323.575722252862 5
49587 15449 3132 128317 15449 16349 16638 18438 4358.687699299325 5
50229 43172 9903 62122 43172 44072 44750 46550 43519.885103516135 5
50230 46154 85408 7087 46154 47054 58035 59835 5257.615786105027 5
50984 13872 10272 7086 13872 14772 15223 17023 5372.800732857019 5
50985 15610 3133 47464 15610 16510 16621 18421 6022.77976473563 5
50986 16349 4732 4747 16349 17249 17129 18929 3483.565187714182 5
50987 57816 42280 18608 57816 58716 58657 60457 13873.1409155613 5
51601 13870 99926 35726 13870 14770 14781 16581 3865.7523952020356 5
51602 14648 131062 6087 14648 15548 15726 17526 5895.946190064668 5
51603 15815 109671 65654 15815 16715 16541 18341 9339.807880569573 5
51604 28259 10044 5319 28259 29159 29277 31077 2616.278453866085 5
51605 29171 100409 130445 29171 30071 29951 31751 2106.743501030954 5
52204 14912 16303 131168 14912 15812 15953 17753 8316.908229120841 5
52205 15625 2164 88270 15625 16525 16994 18794 9184.224375489468 5
52206 42705 42408 109482 42705 43605 43739 45539 16812.849700467912 5
52207 57671 2810 12093 57671 58571 7269 9069 9091.57167891607 5
53038 14440 7860 14546 14440 15340 15981 17781 15892.195550341497 5
53039 15466 3157 16306 15466 16366 16646 18446 8190.6710483536135 5
53040 16165 11967 11952 16165 17065 29173 30973 2313.104571297111 5
53041 29120 6363 4364 29120 30020 29960 31760 3449.2470029240603 5
53886 14871 62157 104029 14871 15771 16398 18198 37041.17013772818 5
53887 28692 12081 11372 28692 29592 29489 31289 3386.690925012163 5
53888 45428 1817 45592 45428 46328 46869 48669 10271.260986900683 5
53889 57843 95338 57126 57843 58743 7410 9210 4736.494910855383 5
54667 14184 5417 5425 14184 15084 14951 16751 2654.7911704234716 5
54668 14842 4247 5562 14842 15742 15788 17588 3531.6442609821356 5
54669 15395 3124 4249 15395 16295 16417 18217 2905.527189834028 5
55226 13915 13123 4220 13915 14815 14785 16585 8045.439662826486 5
55227 15317 38803 5455 15317 16217 16751 18551 41793.08709292875 5
55769 28278 5433 120262 28278 29178 29296 31096 5030.964874688583 5
55770 45259 65763 85112 45259 46159 46051 47851 4284.713934851427 5
55771 57111 2856 5559 57111 58011 58149 59949 4073.336441758611 5
56451 45249 49313 8298 45249 46149 57716 59516 16750.805275204108 5
56452 57712 8081 57264 57712 58612 77594 79394 6464.570288449656 5
57252 14143 10935 14014 14143 15043 15079 16879 10407.853848982535 5
57253 14725 11376 1559 14725 15625 15791 17591 8455.099403039838 5
57254 16324 72610 83303 16324 17224 17105 18905 2073.585433338987 5
57255 57405 3920 11376 57405 58305 58665 60465 6429.367790139748 5
57829 13992 7885 7347 13992 14892 14904 16704 4338.285405146756 5
57830 14907 9902 9440 14907 15807 16269 18069 7783.829792355386 5
57831 28299 5154 4687 28299 29199 29160 30960 2334.5551805635896 5
57832 58017 2115 101998 58017 58917 7400 9200 20324.042486089944 5
58574 15524 5193 4247 15524 16424 16357 18157 2115.348127187068 5
58575 15890 14797 3510 15890 16790 16731 18531 3903.4878775692187 5
58576 28434 18352 85420 28434 29334 29259 31059 3945.0363113415206 5
58577 57091 1434 88701 57091 57991 58080 59880 4081.6322936668685 5
58578 58057 10169 57203 58057 58957 7378 9178 8402.350214644935 5
59189 16538 109482 7090 16538 17438 28966 30766 45264.19052469456 5
59916 13871 14796 4100 13871 14771 14788 16588 4145.862794508361 5
59917 14332 35750 15633 14332 15232 15224 17024 4246.147894003067 5
59918 43031 2573 62115 43031 43931 44736 46536 42819.357461746506 5
59919 45285 104025 77794 45285 46185 46524 48324 12016.109601117652 5
60818 14730 12278 187 14730 15630 15928 17728 8457.478202326985 5
60819 43542 12093 4724 43542 44442 44617 46417 8069.463468884906 5
60820 45691 18627 3113 45691 46591 46628 48428 4807.137808918712 5
61577 14867 10533 3124 14867 15767 15767 17567 3101.5060367212322 5
61578 15345 14799 18371 15345 16245 16154 17954 2186.9971923410762 5
63162 14414 18056 10160 14414 15314 15632 17432 5257.82812207927 5
63163 15161 11074 7808 15161 16061 16176 17976 5626.045014144976 5
63164 15787 8236 93835 15787 16687 16649 18449 2474.51188949451 5
63165 45554 8373 6802 45554 46454 57907 59707 13052.674927887132 5
63855 14488 91535 5454 14488 15388 15741 17541 5654.073376646113 5
63856 15681 12765 6719 15681 16581 16446 18246 2253.6137197788184 5
63857 28528 2663 11652 28528 29428 29969 31769 22549.394500121933 5
63858 43226 50057 10281 43226 44126 44306 46106 9586.794630909815 5
63859 45572 130107 103761 45572 46472 46548 48348 2973.1624129491315 5
64725 14917 128340 10469 14917 15817 15772 17572 4382.284351137149 5
64726 42818 85465 3114 42818 43718 43753 45553 5559.359861893455 5
64727 44284 11400 109582 44284 45184 46086 47886 46880.949173550354 5
64728 57335 100503 18431 57335 58235 7323 9123 3026.5003318145573 5
65576 14592 100422 2571 14592 15492 15637 17437 4049.9209466793463 5
65577 45712 65768 96982 45712 46612 46482 48282 2228.7837441532556 5
66407 14346 109945 5570 14346 15246 15120 16920 10358.799999197174 5
66408 57067 71566 62121 57067 57967 58364 60164 27305.421145449345 5
67184 13890 12092 62146 13890 14790 16580 18380 47365.68197707025 5
67185 28281 118265 120269 28281 29181 29267 31067 4662.778103618274 5
67887 16084 62093 59373 16084 16984 17107 18907 19378.947995381197 5
67888 44093 9900 62155 44093 44993 45872 47672 45449.522215743666 5
67889 57902 65471 65803 57902 58802 7401 9201 5158.828729117711 5
70005 14128 3513 11375 14128 15028 15585 17385 5113.6771175493595 5
70006 15482 65749 17072 15482 16382 16262 18062 2238.7453204668427 5
70007 15927 9889 91512 15927 16827 16931 18731 5147.8131417948825 5
70628 13881 33672 64492 13881 14781 15152 16952 15258.761898750798 5
70629 15715 109465 65747 15715 16615 57926 59726 46599.47945996756 5
72134 15279 43333 12093 15279 16179 16733 18533 8012.237813759935 5
72135 16350 3132 65532 16350 17250 17109 18909 2076.6169435233833 5
72330 15151 100935 32904 15151 16051 16467 18267 21547.060203878667 5
72331 57299 104330 7784 57299 58199 58573 60373 8627.998226659984 5
73020 14809 109632 1937 14809 15709 16921 18721 49831.21791025831 5
73021 45920 11515 10951 45920 46820 46880 48680 9038.58952242783 5
73751 28951 100479 8330 28951 29851 29967 31767 6855.915774713388 5
73752 57456 65717 10270 57456 58356 58619 60419 6955.9712839647145 5
74335 28995 62051 16912 28995 29895 7272 9072 48659.54748314042 5
74973 13908 7116 12309 13908 14808 14975 16775 6792.236627395552 5
74974 15061 85451 3620 15061 15961 16172 17972 4254.031812480763 5
74975 16214 53540 91492 16214 17114 29065 30865 3778.5339039938026 5
74976 57130 4224 98616 57130 58030 58252 60052 6853.107086576942 5
76432 16272 65532 18616 16272 17172 17158 18958 3421.9211880381185 5
76433 42963 406 14928 42963 43863 43865 45665 3277.647030387247 5
76434 44492 85416 130368 44492 45392 45474 47274 9248.73430582745 5
76435 57169 6368 11421 57169 58069 58649 60449 8558.138898841973 5
77058 13868 109464 5470 13868 14768 15803 17603 46775.81154015254 5
77059 57527 1458 6798 57527 58427 77516 79316 12116.630959005537 5
77471 15921 62172 33570 15921 16821 17121 18921 34869.794537736074 5
78043 15936 62093 100509 15936 16836 29021 30821 41367.146963378924 5
78044 28950 2808 2792 28950 29850 29862 31662 3220.299101488214 5
78045 45028 2857 62121 45028 45928 46533 48333 41084.00616990784 5
78046 46033 62246 77041 46033 46933 46874 48674 13378.856228627958 5
78047 57771 7348 7963 57771 58671 58612 60412 2180.5038659193287 5
78849 13880 16579 129689 13880 14780 14944 16744 6475.226567905715 5
78850 15095 85389 68775 15095 15995 16520 18320 10608.537003081392 5
78851 57057 114702 83000 57057 57957 57998 59798 5818.099808616811 5
79670 14258 130810 16909 14258 15158 14986 16786 2240.9258960774255 5
79671 14853 11438 7140 14853 15753 15887 17687 4570.119068410661 5
79672 15350 36226 103954 15350 16250 16266 18066 4546.484545170391 5
79673 15839 103959 3087 15839 16739 17027 18827 11272.33862542696 5
79674 28825 131092 36723 28825 29725 29966 31766 18251.335365770406 5
79675 57155 11420 4738 57155 58055 57976 59776 2424.9317828550907 5
80376 57371 2808 11442 57371 58271 58227 60027 3240.4546506442393 5
81124 13947 8937 3376 13947 14847 15304 17104 8226.427357145403 5
81125 16338 9553 44470 16338 17238 17118 18918 2429.007506505377 5
81126 45247 11420 36318 45247 46147 46293 48093 7139.683724260268 5
81791 16363 109460 75418 16363 17263 17143 18943 9275.45748762335 5
82960 13882 2277 109582 13882 14782 15075 16875 32364.391669645902 5
82961 15595 62233 130752 15595 16495 57825 59625 43775.299969998254 5
82962 57523 4742 7656 57523 58423 7384 9184 6082.759853694097 5
83541 14675 130810 1400 14675 15575 15730 17530 5468.180858996801 5
83542 15543 9479 5362 15543 16443 16922 18722 14931.607832755852 5
83543 46191 4073 5470 46191 47091 57659 59459 8304.875778056303 5
83544 57888 3123 3137 57888 58788 7433 9233 4397.7851890469365 5
84330 15328 7346 12974 15328 16228 16243 18043 4895.405138508307 5
85191 14403 42280 10048 14403 15303 15324 17124 3690.024804101552 5
85192 14811 10043 98587 14811 15711 16122 17922 6497.191425685068 5
85193 16259 86226 11386 16259 17159 16962 18762 2192.272119282709 5
85194 16548 4756 45608 16548 17448 28997 30797 5219.176403526257 5
85195 57656 6366 4796 57656 58556 58615 60415 5863.749963263595 5
86021 14696 40824 2588 14696 15596 15524 17324 5180.846916266514 5
86022 15284 819 85367 15284 16184 17001 18801 24096.361988983237 5
86023 43744 10172 6728 43744 44644 46054 47854 23243.338500341695 5
86024 57054 10276 3118 57054 57954 58324 60124 6503.609212382119 5
86834 14492 10052 62136 14492 15392 16459 18259 46290.58248650959 5
86835 57120 88244 45399 57120 58020 58271 60071 5951.304770048477 5
87564 14234 7766 9564 14234 15134 15121 16921 3335.9122369463685 5
87565 15463 4705 7857 15463 16363 16814 18614 7135.101470941152 5
87566 44258 5784 2138 44258 45158 45374 47174 6674.090190201629 5
87567 45829 2653 66115 45829 46729 46911 48711 15665.572686787273 5
87568 57475 12974 3616 57475 58375 58580 60380 4326.785037747125 5
88236 57072 2810 126844 57072 57972 58385 60185 7297.091437773208 5
89041 14015 2948 6637 14015 14915 14831 16631 2518.8614503712283 5
89042 14603 100385 11439 14603 15503 15560 17360 4938.968041022452 5
89043 15457 5419 9431 15457 16357 16568 18368 7656.918867105132 5
89044 16221 36200 10168 16221 17121 17151 18951 3808.1391341680055 5
89045 29239 8294 15631 29239 30139 7402 9202 10956.656072756356 5
89661 57073 532 70363 57073 57973 58635 60435 18559.246582928412 5
90170 44637 126223 100450 44637 45537 45941 47741 14789.138022271216 5
90733 15374 44380 126176 15374 16274 16746 18546 33902.50884446647 5
91502 43528 114473 6728 43528 44428 46177 47977 28665.957440130627 5
92286 13911 62172 7973 13911 14811 15565 17365 43360.38147508164 5
92287 15274 100434 105021 15274 16174 16214 18014 4854.979762189475 5
92288 43530 43173 2249 43530 44430 44379 46179 4227.712992124873 5
92289 57101 7797 43095 57101 58001 58120 59920 3757.0560672652014 5
93057 16332 7754 9274 16332 17232 17153 18953 3181.74796009285 5
93058 42989 16699 62154 42989 43889 44759 46559 47511.00152589969 5
93059 57278 1428 85447 57278 58178 58463 60263 7664.454308096295 5
93060 58056 85468 100472 58056 58956 7387 9187 7695.00976444063 5
93794 14396 123881 17688 14396 15296 15472 17272 4379.7568143265635 5
93795 15931 83292 8307 15931 16831 16802 18602 3254.2192543642745 5
93796 42660 109508 62143 42660 43560 43416 45216 2294.0560253706094 5
93797 45271 5571 119707 45271 46171 45990 47790 3483.1470710654216 5
93798 57533 7097 4101 57533 58433 7402 9202 3143.8144904049714 5
94044 15908 62236 71191 15908 16808 17108 18908 30088.35320031091 5
94602 14171 5194 5422 14171 15071 14962 16762 2010.9407461869807 5
94603 14594 100453 11820 14594 15494 15733 17533 9574.800551324099 5
94604 29059 5420 115745 29059 29959 29960 31760 11782.496678205825 5
94605 44267 4102 109468 44267 45167 46129 47929 47229.99206166907 5
95175 14398 11713 129879 14398 15298 15177 16977 2431.808803445224 5
95176 28950 100389 3128 28950 29850 29968 31768 6041.2354871904245 5
95177 57059 7648 91496 57059 57959 58040 59840 2947.0878718850886 5
95846 14596 35940 119714 14596 15496 15492 17292 4862.69683382702 5
95847 15587 35773 10034 15587 16487 16494 18294 3243.8058533072985 5
95848 28800 3619 11887 28800 29700 29940 31740 9129.063760432246 5
96618 13927 98640 11376 13927 14827 14810 16610 2071.75575980842 5
96619 14553 12092 15635 14553 15453 15533 17333 4634.321731412074 5
96620 43706 71777 5549 43706 44606 44661 46461 7190.218632537794 5
96621 46091 36011 85458 46091 46991 57945 59745 9721.910077504213 5
96622 57596 6801 17085 57596 58496 58612 60412 4918.380062715419 5
97360 15306 12983 14799 15306 16206 16560 18360 4472.242040743962 5
97361 28533 35744 4089 28533 29433 29592 31392 5988.274227502267 5
97362 57740 123513 70412 57740 58640 7410 9210 46079.7414963778 5
98004 29359 87170 4743 29359 30259 58425 60225 3878.6041935150165 5
98724 14149 100393 2822 14149 15049 15060 16860 3422.6110048585465 5
98725 14871 108100 9444 14871 15771 15667 17467 2690.090478617972 5
98726 15301 7761 17173 15301 16201 16376 18176 4604.016725624085 5
98727 15861 12245 15531 15861 16761 16837 18637 4418.648608099205 5
98728 43020 13183 62154 43020 43920 44590 46390 43425.039135475 5
100344 14633 6797 11305 14633 15533 15548 17348 2910.8248379582 5
100345 15435 104761 4744 15435 16335 16572 18372 6144.681879665303 5
100346 16241 8307 11437 16241 17141 17050 18850 2019.9432310977609 5
100347 57771 45545 10572 57771 58671 7321 9121 19927.204403146046 5
100986 15793 107564 38293 15793 16693 16603 18403 3992.4483000349073 5
101550 13963 8205 12291 13963 14863 15050 16850 11261.256496797212 5
101551 16180 2848 8348 16180 17080 28986 30786 15895.29465455514 5
101552 28463 35977 1467 28463 29363 29304 31104 3005.255743603697 5
101553 57468 6602 9664 57468 58368 58299 60099 3988.1963955981996 5
102293 14112 8551 4789 14112 15012 15349 17149 7287.747652861137 5
102294 16200 104704 37444 16200 17100 17100 18900 5232.166775357376 5
102295 43350 4113 96985 43350 44250 44455 46255 8041.196650036237 5
102296 44503 2653 130823 44503 45403 45623 47423 5872.7926860011385 5
102297 57598 5570 85376 57598 58498 58382 60182 2835.87532007932 5
103048 15825 40552 100485 15825 16725 17110 18910 7365.3580348590185 5
103049 29035 95332 69128 29035 29935 29935 31735 3204.002149222698 5
103050 57088 121136 3113 57088 57988 58429 60229 7949.629889530766 5
103712 14338 47543 3510 14338 15238 15728 17528 20292.30468943356 5
103713 57070 59163 62142 57070 57970 58129 59929 19405.272345732996 5
104478 14186 12977 65330 14186 15086 15222 17022 5966.267454144566 5
104479 14841 58918 15191 14841 15741 15707 17507 2851.3017961312844 5
104480 15431 53543 3124 15431 16331 16340 18140 2374.9255004216698 5
104481 16134 4724 6736 16134 17034 17059 18859 2822.7246876023946 5
104482 45882 96655 130823 45882 46782 46719 48519 3037.258007658197 5
104483 57087 65527 104780 57087 57987 58054 59854 3714.102212940714 5
105203 14123 4835 5425 14123 15023 15187 16987 4024.727601578462 5
105204 43400 50082 2357 43400 44300 44475 46275 13375.675669494065 5
105205 46027 42661 86221 46027 46927 46836 48636 3021.3708323804362 5
105206 57803 1419 1430 57803 58703 58643 60443 2939.311311065301 5
105818 15559 33990 35758 15559 16459 17123 18923 43914.11457474127 5
106661 15440 62232 7880 15440 16340 17123 18923 43798.24358725244 5
106662 45228 15535 128753 45228 46128 46366 48166 8031.340578119058 5
106663 46154 11961 91499 46154 47054 57898 59698 3483.525577484926 5
106664 57898 35754 13628 57898 58798 7372 9172 4651.510542432273 5
107399 13890 100470 7759 13890 14790 14858 16658 2892.514164775783 5
107400 14419 107114 91535 14419 15319 15183 16983 2299.8301113259895 5
107401 14730 8295 85778 14730 15630 16165 17965 12134.468882647865 5
107402 58013 5540 11417 58013 58913 7402 9202 11969.827109578458 5
108219 14184 8303 7659 14184 15084 15063 16863 4050.4839134829685 5
108220 14723 11843 100468 14723 15623 15681 17481 4156.529527944086 5
108221 45225 85436 44817 45225 46125 46906 48706 45823.865255551456 5
108222 57434 12076 7962 57434 58334 58544 60344 3028.6750406396495 5
108702 16299 62232 119889 16299 17199 28889 30689 37266.704464367474 5
108703 44194 10472 111723 44194 45094 46016 47816 47214.56421873095 5
108704 57060 42274 4796 57060 57960 57960 59760 3697.2763482467326 5
109232 15377 62233 64492 15377 16277 16903 18703 24871.512699558163 5
109959 14161 2495 95363 14161 15061 15069 16869 2512.020562801145 5
109960 15535 12970 11965 15535 16435 16320 18120 2889.829563736512 5
109961 29144 126920 10466 29144 30044 29984 31784 2159.376232923262 5
109962 45007 7652 4724 45007 45907 45823 47623 3000.890375123404 5
109963 57055 68601 62134 57055 57955 58288 60088 22282.935848021876 5
110859 14075 104752 2577 14075 14975 15130 16930 5896.6412636423465 5
110860 14830 9837 10473 14830 15730 15739 17539 4747.08682818887 5
110861 15444 85437 121486 15444 16344 16981 18781 14075.963224181894 5
110862 57125 6666 4732 57125 58025 58626 60426 7684.001772062499 5
111217 13870 3121 10271 13870 14770 14851 16651 4915.0760632667525 5
111218 14701 85369 11761 14701 15601 15503 17303 3379.5771426830365 5
111219 28482 3137 85407 28482 29382 29365 31165 4142.727533703894 5
111220 42677 18151 5460 42677 43577 43604 45404 14307.369352351836 5
111979 57186 80610 10822 57186 58086 7413 9213 10752.485472936212 5
113223 45173 121136 70415 45173 46073 46244 48044 8545.429225487795 5
113779 13904 4244 9902 13904 14804 14741 16541 2131.793940175366 5
113780 15500 3123 18061 15500 16400 16399 18199 2031.9241626848554 5
113781 28430 88235 35757 28430 29330 29277 31077 3295.4719703391997 5
113782 57559 62088 3152 57559 58459 77521 79321 48318.55966642906 5
114366 15786 6725 4676 15786 16686 17109 18909 8508.352247712985 5
114923 13948 33948 70343 13948 14848 15751 17551 43957.66273493377 5
114924 15943 73362 59143 15943 16843 17144 18944 24978.779190288893 5
115592 14670 10098 3139 14670 15570 15779 17579 7046.615176237607 5
115593 28887 6363 5865 28887 29787 29968 31768 4694.286363766606 5
115594 44846 77814 130748 44846 45746 45957 47757 7936.894668742748 5
116363 14428 9600 1453 14428 15328 16211 18011 17011.37133221372 5
116364 46025 2654 5548 46025 46925 57895 59695 5827.706775840285 5
116365 57810 3126 93806 57810 58710 58669 60469 2590.9755271824047 5
117173 13907 1934 14858 13907 14807 14701 16501 2655.860575031215 5
117174 14713 35974 1564 14713 15613 15968 17768 7519.77283856458 5
117175 16212 3865 35991 16212 17112 17148 18948 4286.639913428108 5
117176 44552 35942 11671 44552 45452 46151 47951 14135.12467946305 5
117954 14960 4915 10169 14960 15860 15895 17695 4428.575278401469 5
117955 42694 94599 82252 42694 43594 44305 46105 36094.68636396104 5
117956 57059 131062 126665 57059 57959 57925 59725 2476.164039393702 5
117957 57764 4604 6798 57764 58664 7370 9170 12503.234297251367 5
119331 14443 3383 62125 14443 15343 16178 17978 39159.78716440515 5
119332 57649 3509 58953 57649 58549 58450 60250 2163.138779174594 5
119911 16279 62236 36724 16279 17179 17120 18920 10287.399042482662 5
119912 29074 91541 12274 29074 29974 29859 31659 2855.9354911887276 5
120655 16276 4753 14006 16276 17176 17117 18917 2391.8987239460157 5
120656 57512 121454 107203 57512 58412 58321 60121 2958.7483126143156 5
120657 57816 12706 6370 57816 58716 7360 9160 7378.746665072278 5
121456 14498 130810 9397 14498 15398 15420 17220 3226.6324106685865 5
121457 15322 105053 129934 15322 16222 16601 18401 6007.898043078672 5
121458 57329 128753 3511 57329 58229 58649 60449 4776.320000495765 5
122086 44580 127760 124731 44580 45480 46038 47838 45366.60527205581 5
122087 57060 76841 7348 57060 57960 58621 60421 31129.44192875632 5
122734 43788 35768 7962 43788 44688 44763 46563 4298.576212031359 5
122735 44852 8322 130810 44852 45752 45814 47614 5422.18913081506 5
122736 57091 5779 7757 57091 57991 58652 60452 4006.889856702214 5
123283 13891 407 109477 13891 14791 15485 17285 43127.65365920728 5
123284 16147 37012 7813 16147 17047 17107 18907 9381.259412799474 5
123285 28455 9834 123221 28455 29355 29747 31547 7949.8331703702825 5
124885 13994 100512 8307 13994 14894 14999 16799 3414.7575468564055 5
124886 15082 130823 117807 15082 15982 16472 18272 13190.137212682537 5
124887 57179 62239 46452 57179 58079 58620 60420 38704.450384467484 5
125568 15984 62233 71292 15984 16884 17111 18911 29058.30435499906 5
125569 57124 11509 3118 57124 58024 58138 59938 4407.165683317479 5
126345 15436 9902 11971 15436 16336 16353 18153 3795.3685352650214 5
126346 42710 71167 62115 42710 43610 43966 45766 31046.922817131213 5
127107 15269 62170 13182 15269 16169 16783 18583 41754.363050624415 5
127108 28818 109597 45653 28818 29718 29959 31759 30984.9751006622 5
128035 14297 123515 7689 14297 15197 15376 17176 7359.19112914839 5
128036 15035 8934 1569 15035 15935 16142 17942 7019.488385183553 5
128037 45887 1708 4373 45887 46787 58118 59918 13666.60604829067 5
128982 15605 16912 11346 15605 16505 16588 18388 3853.2324322969594 5
128983 16223 91544 10252 16223 17123 17128 18928 3430.6878782585945 5
129759 14485 62031 18431 14485 15385 16214 18014 43849.5822431685 5
129760 15767 12072 8919 15767 16667 16629 18429 2821.774392639658 5
129761 44098 6148 109603 44098 44998 45794 47594 40762.638088026775 5
129762 57091 7093 85098 57091 57991 58199 59999 4913.726873387207 5
130526 14580 18352 95434 14580 15480 15597 17397 3894.5984908775777 5
130527 15199 10349 129817 15199 16099 16054 17854 3396.537811729992 5
130528 15673 9900 9513 15673 16573 16584 18384 3788.7094663140556 5
131266 15045 18060 121454 15045 15945 15896 17696 2060.849943445564 5
131267 16345 5420 7341 16345 17245 17101 18901 2432.668797553579 5
131268 45868 85465 8298 45868 46768 46830 48630 5780.128738387051 5
132050 13909 101984 4249 13909 14809 14598 16398 7448.564047439232 5
132051 57811 10046 6798 57811 58711 7301 9101 3756.589061607056 5
132749 14054 128333 121093 14054 14954 15065 16865 4928.121005537385 5
133906 14130 88158 13421 14130 15030 15608 17408 10673.347187935318 5
133907 15568 14487 10100 15568 16468 16596 18396 5783.693199493716 5
133908 57414 8313 11509 57414 58314 58580 60380 4937.608796864821 5
134663 13886 18368 6924 13886 14786 14752 16552 4825.954037713669 5
134664 15165 2572 7797 15165 16065 16005 17805 2655.3764935438912 5
135365 14685 62241 11435 14685 15585 16248 18048 42947.99858438064 5
135366 42898 103569 62155 42898 43798 44402 46202 43670.47186856316 5
135367 57945 637 7841 57945 58845 58665 60465 2311.5998317301605 5
136107 13904 5555 10054 13904 14804 15433 17233 3740.1198132434583 5
136108 16509 5193 8241 16509 17409 43276 45076 6038.124116954664 5
136109 44658 3859 62147 44658 45558 46336 48136 44838.83888558466 5
136110 57092 3517 11970 57092 57992 58385 60185 3002.912990179311 5
136864 14863 62197 124163 14863 15763 15971 17771 15869.626665289463 5
136865 16281 62158 35017 16281 17181 17121 18921 9112.54423861193 5
136866 43435 95426 62003 43435 44335 44983 46783 43439.38252845701 5
136867 57708 7267 71046 57708 58608 58668 60468 6536.4050040954135 5
137676 14521 4250 5204 14521 15421 15343 17143 2789.710009776591 5
137677 15895 8081 1557 15895 16795 16775 18575 6685.221112199439 5
139143 15528 6375 11971 15528 16428 16883 18683 7823.289949798094 5
139144 42661 65683 111746 42661 43561 43937 45737 26749.798899142184 5
139145 46127 4249 18639 46127 47027 46907 48707 2363.044716166296 5
140418 14522 100472 9927 14522 15422 15824 17624 11145.400917611754 5
141034 15592 6316 16583 15592 16492 16712 18512 7626.58875857657 5
141742 14758 11301 95434 14758 15658 15994 17794 4955.076850824451 5
141743 15874 8749 106580 15874 16774 16978 18778 7597.177314381608 5
141744 28273 35007 57293 28273 29173 29069 30869 5189.220516501569 5
141745 43986 103966 62120 43986 44886 45552 47352 37495.929880400596 5
141746 57373 85407 7892 57373 58273 7291 9091 5336.909103906771 5
142656 15122 2301 85961 15122 16022 16297 18097 2643.314801469538 5
142657 16201 86039 83006 16201 17101 17101 18901 5472.648815397173 5
142658 57106 117665 5192 57106 58006 58667 60467 11753.79619738332 5
143312 14398 62037 5454 14398 15298 15839 17639 42201.617963785015 5
143313 16476 62235 1037 16476 17376 7396 9196 42302.467349305465 5
144093 14758 104710 53529 14758 15658 15751 17551 3009.410115213307 5
144094 15920 48306 47648 15920 16820 17120 18920 5391.26899188492 5
144095 29161 95341 100326 29161 30061 57662 59462 5548.845319292918 5
144096 57546 36068 45661 57546 58446 77346 79146 11210.09716875472 5
144941 15117 5550 3508 15117 16017 16002 17802 3103.2507061002266 5
144942 15903 104761 36018 15903 16803 57988 59788 17529.106099111672 5
144943 57661 6087 11444 57661 58561 7420 9220 13841.163227792864 5
145695 14178 14773 87409 14178 15078 14960 16760 2643.490832502184 5
145696 15073 124701 9450 15073 15973 15999 17799 4837.874618498554 5
145697 57225 8316 7659 57225 58125 58416 60216 5938.4555541249365 5
146171 13895 104867 5425 13895 14795 15236 17036 6033.474985963262 5
146172 14932 130530 10050 14932 15832 15790 17590 3285.2037410329513 5
146173 28301 16304 14845 28301 29201 29853 31653 14527.368217367375 5
146729 14129 11304 91508 14129 15029 15521 17321 5658.0636695304065 5
146730 15010 10098 103761 15010 15910 15987 17787 2782.8158201678434 5
146731 15585 5454 65206 15585 16485 16552 18352 3434.9593206550553 5
147296 14947 33517 18565 14947 15847 16690 18490 42018.784142115466 5
147297 28405 10666 36093 28405 29305 29797 31597 3365.9971544866366 5
147298 43356 11971 11752 43356 44256 44248 46048 5887.3273730829915 5
147299 57976 6612 9479 57976 58876 7359 9159 10804.502846616168 5
147975 15697 62172 64492 15697 16597 17138 18938 24228.256920283537 5
147976 43274 57186 9657 43274 44174 44346 46146 11680.722821956953 5
147977 57565 44378 71204 57565 58465 58645 60445 27728.40493454167 5
148801 14206 3508 3137 14206 15106 15432 17232 7609.31528275749 5
148802 28954 4480 35762 28954 29854 29982 31782 6483.86365130828 5
149379 15190 62231 64492 15190 16090 16682 18482 24960.266727001424 5
149380 29221 33517 5195 29221 30121 43573 45373 43513.51315584898 5
149381 43529 88159 77410 43529 44429 44311 46111 2300.885620646359 5
149382 45662 85393 5773 45662 46562 46863 48663 7031.64179110027 5
150672 14147 62027 9902 14147 15047 15853 17653 42972.77784068969 5
150673 15314 6725 125594 15314 16214 16374 18174 5276.724407743522 5
150674 57058 35773 4756 57058 57958 57864 59664 2421.2240240557785 5
151526 14993 489 111001 14993 15893 16541 18341 14819.647279618366 5
151527 57383 8313 2848 57383 58283 58147 59947 2416.6997894973792 5
152816 14066 11304 95426 14066 14966 15200 17000 4956.719299894195 5
152817 45209 70340 111724 45209 46109 46759 48559 44842.685658691655 5
152818 57076 53536 91502 57076 57976 58102 59902 2782.8118301113595 5
152819 57992 53544 6046 57992 58892 7422 9222 10623.557907864773 5
153572 43847 4234 104874 43847 44747 44986 46786 8338.615464336324 5
153573 57254 36200 77038 57254 58154 58634 60434 27474.207826971022 5
154393 28335 100405 3730 28335 29235 29577 31377 9496.030513282158 5
154394 29219 123801 5569 29219 30119 57968 59768 9277.631447807405 5
154395 57791 8328 54865 57791 58691 58631 60431 2992.747733091632 5
155091 57347 95426 9520 57347 58247 58282 60082 2578.3619649839 5
155751 15352 85388 4788 15352 16252 16499 18299 9420.653236265669 5
155752 57108 71485 62115 57108 58008 58310 60110 25988.791822609222 5
157294 15107 44478 7886 15107 16007 16065 17865 4630.034342526968 5
157295 57592 109620 59297 57592 58492 58612 60412 23312.3514191207 5
157983 57817 1488 1466 57817 58717 58657 60457 4154.991827439042 5
158581 14705 53359 11435 14705 15605 16472 18272 41429.09424351569 5
158582 28334 100512 10353 28334 29234 29356 31156 3311.126689677461 5
158583 29275 8316 45552 29275 30175 57736 59536 7856.479997040274 5
158584 57467 2809 100472 57467 58367 58668 60468 7516.641526740622 5
159337 13878 9487 62116 13878 14778 15227 17027 41632.30641236393 5
159338 15981 109465 11085 15981 16881 17121 18921 32163.532164850407 5
159339 43481 2982 5435 43481 44381 44432 46232 5231.854600542013 5
159340 46222 16916 3113 46222 47122 58370 60170 6100.268690719783 5
160069 15434 62233 74054 15434 16334 17120 18920 45378.912421904366 5
160070 57107 34095 62121 57107 58007 58195 59995 27618.53600721222 5
160812 13875 57197 13182 13875 14775 14774 16574 3066.5631568096037 5
160813 14478 130027 9889 14478 15378 15566 17366 4037.7937763958257 5
160814 15262 11302 14795 15262 16162 16288 18088 4582.624085269564 5
160815 15910 488 6801 15910 16810 16875 18675 6157.80203540319 5
160816 45471 4235 85092 45471 46371 46282 48082 3369.303840078549 5
161449 13920 128388 10470 13920 14820 14789 16589 3539.392400362699 5
161450 14862 14797 5577 14862 15762 15816 17616 6530.090127609289 5
161451 16145 5195 95434 16145 17045 17101 18901 3487.8496161194107 5
162173 13874 38065 53488 13874 14774 14860 16660 5811.508549762282 5
162174 15196 10162 6898 15196 16096 16551 18351 9197.517985797198 5
162175 28389 11440 35947 28389 29289 29352 31152 7658.44701440351 5
162176 57170 8187 51781 57170 58070 58239 60039 4944.73059675944 5
162972 16030 15496 98878 16030 16930 17111 18911 4858.445328021248 5
163474 28267 89954 90023 28267 29167 46099 47899 4254.005154775184 5
163475 57075 18640 2662 57075 57975 57994 59794 4986.351135748508 5
164250 44936 109724 62124 44936 45836 46911 48711 43197.60087767529 5
164856 13888 44483 7538 13888 14788 14719 16519 2426.055809496721 5
164857 42839 9891 9520 42839 43739 43813 45613 4530.4946481163315 5
165231 13868 2848 3859 13868 14768 15060 16860 7988.6621634516405 5
165232 28802 11851 1195 28802 29702 29942 31742 20934.340488813465 5
165910 44827 11956 109479 44827 45727 46537 48337 46468.384771081444 5
166667 14904 10050 13208 14904 15804 15666 17466 2180.361513335595 5
166668 45398 4932 1564 45398 46298 46822 48622 6022.255523907547 5
166669 57741 2212 8307 57741 58641 77323 79123 3861.889265107003 5
167419 57215 10270 10040 57215 58115 58246 60046 3956.7640267596175 5
168047 29090 316 15994 29090 29990 29935 31735 5169.516026634488 5
168048 57671 95535 5196 57671 58571 58629 60429 2409.539505534444 5
168701 15931 62238 834 15931 16831 17131 18931 33178.5877735676 5
168702 28774 14805 85414 28774 29674 29713 31513 3860.786345970057 5
169463 14366 3147 96662 14366 15266 15744 17544 12061.662338658627 5
169464 16042 98641 124381 16042 16942 17061 18861 5333.618892554925 5
170492 15825 62175 42353 15825 16725 16719 18519 11717.663492580152 5
171098 14231 10349 123434 14231 15131 15103 16903 3894.166056372233 5
171099 16325 87643 130823 16325 17225 58116 59916 2809.2616827618576 5
171752 15754 109465 2134 15754 16654 17134 18934 41559.44272936447 5
171753 43316 64331 100327 43316 44216 44701 46501 13067.129009058654 5
171754 44981 7487 62123 44981 45881 46473 48273 35611.58818597375 5
172456 57641 9441 10848 57641 58541 7427 9227 11567.847819771498 5
173060 57108 91004 62146 57108 58008 58334 60134 26000.59238557738 5
173735 43018 85213 7678 43018 43918 44638 46438 15020.210858935297 5
173736 57171 91499 2129 57171 58071 58069 59869 2861.7692752479065 5
174495 14921 53360 3121 14921 15821 16841 18641 42986.846098934075 5
175103 57065 407 7651 57065 57965 58505 60305 7532.946078042646 5
176266 29234 488 44397 29234 30134 58550 60350 45061.95539305939 5
176844 13865 5770 8235 13865 14765 14829 16629 5571.546751474977 5
176845 14528 36209 13180 14528 15428 15359 17159 2401.571571687004 5
176846 16335 7760 86233 16335 17235 57669 59469 5170.987264533153 5
177527 13893 46438 4789 13893 14793 14648 16448 2526.867198889608 5
177528 14375 131230 14929 14375 15275 15130 16930 2395.920010337247 5
177529 15352 43019 14003 15352 16252 16305 18105 6033.9848186265535 5
177530 15977 12225 14647 15977 16877 17060 18860 8638.434724621302 5
177531 44593 121333 62117 44593 45493 46389 48189 45102.01990038162 5
178364 15989 10098 14492 15989 16889 17041 18841 5484.309206539373 5
178365 46130 3132 98819 46130 47030 58358 60158 15427.4352430585 5
179173 14286 87661 7342 14286 15186 15209 17009 3931.3697493749833 5
179174 15130 14797 125607 15130 16030 16122 17922 7761.3692177905605 5
179175 15952 106766 4101 15952 16852 16781 18581 3564.4102236633307 5
179176 16277 4098 95542 16277 17177 17117 18917 2091.8601956338243 5
179177 28467 8091 87426 28467 29367 29574 31374 8202.651239325667 5
179178 57638 10468 6885 57638 58538 58658 60458 4058.0245228981403 5
179922 14151 6796 11195 14151 15051 15124 16924 3139.5956900762203 5
179923 14998 128911 7420 14998 15898 16056 17856 10833.78988591267 5
179924 15929 6377 12974 15929 16829 17133 18933 9559.480804318604 5
179925 43416 10174 87336 43416 44316 44326 46126 6433.9249963332495 5
179926 44200 11691 111728 44200 45100 45650 47450 42899.254374727636 5
180610 14522 62241 95434 14522 15422 15939 17739 42738.53609839407 5
180611 15985 71431 44398 15985 16885 17005 18805 27936.25560465941 5
181729 16067 36237 70402 16067 16967 17147 18947 7622.7679484407945 5
181730 28422 6801 4745 28422 29322 29739 31539 4738.28434855775 5
181731 57062 111668 9903 57062 57962 7276 9076 14091.12445832969 5
182341 28710 25314 62012 28710 29610 29626 31426 20064.444357739263 5
183034 14381 7893 15631 14381 15281 15327 17127 4167.72925391703 5
183035 57341 38062 126618 57341 58241 58496 60296 5313.354127124767 5
183672 13879 35762 17173 13879 14779 14865 16665 2676.7689491639694 5
183673 15435 9481 11509 15435 16335 16215 18015 2348.1811303112627 5
183674 45418 45608 2822 45418 46318 46325 48125 4061.15772352632 5
183675 57101 6669 3369 57101 58001 58601 60401 2214.1077402672386 5
184392 43222 130779 95112 43222 44122 44038 45838 4198.006289324057 5
184393 45371 35997 3150 45371 46271 46175 47975 2894.3708687021617 5
184394 57108 7097 1077 57108 58008 58032 59832 3654.7174345172875 5
185075 57093 3123 10697 57093 57993 58032 59832 2453.3219515388996 5
185826 16021 53527 5454 16021 16921 17077 18877 4962.971478148056 5
185827 16542 12765 7226 16542 17442 57697 59497 5335.089214075123 5
185828 57481 6783 9019 57481 58381 7399 9199 15489.967740162703 5
186470 16064 62233 71444 16064 16964 17132 18932 25593.369599841666 5
187245 14496 85413 121555 14496 15396 15563 17363 6811.505374731885 5
187246 15432 53538 4250 15432 16332 16722 18522 3913.3869109821712 5
187247 45747 4377 10469 45747 46647 58416 60216 3579.3529168935997 5
188157 15673 4741 85432 15673 16573 16804 18604 5732.899870449502 5
188158 42671 3658 62134 42671 43571 44596 46396 48897.838893484986 5
188159 57181 104876 91496 57181 58081 58317 60117 4107.852207116724 5
188952 14641 3119 16697 14641 15541 15471 17271 2395.949227880013 5
188953 16215 96982 87323 16215 17115 17116 18916 3420.2159166290035 5
188954 57225 3135 4795 57225 58125 58464 60264 8093.24313173847 5
190176 15554 127014 11967 15554 16454 16353 18153 2600.4674134570582 5
190177 57602 7973 14185 57602 58502 77637 79437 23208.947317047816 5
191001 15000 5421 2981 15000 15900 16076 17876 7763.984158300393 5
191002 16339 5420 83360 16339 17239 29474 31274 10112.45201419933 5
191003 46207 5571 14793 46207 47107 58285 60085 4792.871289316523 5
191780 15551 53535 7086 15551 16451 16415 18215 3013.957699355914 5
191781 43380 13035 100429 43380 44280 44341 46141 6052.580359330056 5
191782 57079 57198 11677 57079 57979 57833 59633 2634.1963519993315 5
192531 14286 67544 33592 14286 15186 15711 17511 40246.84046227988 5
192532 28573 6800 9902 28573 29473 29689 31489 6621.136713822269 5
193356 14917 15211 6728 14917 15817 17089 18889 10109.210710481784 5
193957 14199 95357 11756 14199 15099 15153 16953 3985.985078998381 5
193958 14889 104710 3123 14889 15789 15921 17721 4271.738696629799 5
193959 57685 120336 36231 57685 58585 58645 60445 4155.218806060265 5
194383 14510 8217 62140 14510 15410 16225 18025 45115.79281910695 5
194384 28395 100424 17804 28395 29295 29546 31346 9125.047952811086 5
194385 42686 33500 9332 42686 43586 43533 45333 2691.6916142265254 5
194386 45716 10047 96765 45716 46616 46595 48395 4278.830186829786 5
194387 57543 17220 3119 57543 58443 58409 60209 2503.4864221428084 5
195161 14138 126596 64492 14138 15038 16308 18108 23967.051136837108 5
195708 14912 33517 7845 14912 15812 17125 18925 37913.361724653965 5
196990 13905 75478 14395 13905 14805 15485 17285 41025.28303872111 5
196991 15106 10836 77411 15106 16006 16274 18074 2640.0551755557362 5
196992 44344 35706 111718 44344 45244 45705 47505 37335.524154206454 5
197816 29035 5470 5567 29035 29935 29958 31758 3709.5343460901236 5
197817 57053 10050 104764 57053 57953 58110 59910 5496.519393485454 5
198444 14606 13229 5773 14606 15506 15572 17372 3942.54419035104 5
198445 15445 12765 5829 15445 16345 16761 18561 10999.139924664676 5
198446 57054 14007 127648 57054 57954 58023 59823 4579.457160811279 5
198447 57747 36315 129765 57747 58647 58647 60447 4997.355670556101 5
199744 57712 9855 35768 57712 58612 58612 60412 5113.695645396468 5
201060 14006 109460 7086 14006 14906 15662 17462 45530.97100643659 5
201742 16138 62223 109593 16138 17038 57751 59551 3882.743534634555 5
202189 13861 46445 6725 13861 14761 15057 16857 5766.483469000715 5
202190 29131 62037 107532 29131 30031 29973 31773 10962.506840928618 5
202191 45638 70834 5781 45638 46538 46735 48535 15945.995873087486 5
202192 57089 2138 77413 57089 57989 58612 60412 4875.205710973258 5
202837 13885 71210 123434 13885 14785 15119 16919 19150.03819073043 5
202838 15873 98642 94994 15873 16773 17133 18933 11000.42736450259 5
203644 14968 11844 93915 14968 15868 16405 18205 19133.191908346435 5
203645 45685 14486 2654 45685 46585 46500 48300 3216.2680026451594 5
203646 57096 28919 93915 57096 57996 58654 60454 9811.956759829156 5
204414 15108 8301 10678 15108 16008 16262 18062 8175.4347101871 5
204415 57139 18590 62114 57139 58039 58670 60470 38667.33091564866 5
205240 42660 65768 96388 42660 43560 43566 45366 3754.612952927752 5
205241 43978 85393 62115 43978 44878 45977 47777 48695.25627801771 5
206039 15684 4742 3137 15684 16584 16903 18703 3831.0731231987984 5
206040 29035 91497 46436 29035 29935 29936 31736 10531.65343331939 5
206815 14323 100375 4743 14323 15223 15275 17075 5376.154822650596 5
206816 15271 130810 6777 15271 16171 16339 18139 3171.982974979938 5
206817 16093 95816 11435 16093 16993 17147 18947 4721.96140165539 5
206818 28930 9432 62139 28930 29830 43399 45199 39669.761913983355 5
206819 44450 87228 33592 44450 45350 46260 48060 39361.44137665233 5
206820 57082 119280 35915 57082 57982 58015 59815 2213.314501551368 5
206821 57821 13616 11884 57821 58721 7410 9210 8713.131806663394 5
208294 15105 12076 7100 15105 16005 16479 18279 7113.9427838011 5
208295 15977 12225 35946 15977 16877 16847 18647 4546.328414128192 5
208296 57339 98882 96642 57339 58239 7300 9100 44770.3320395498 5
209020 14436 5319 3871 14436 15336 15322 17122 3525.584865196141 5
209021 28416 100405 10034 28416 29316 29502 31302 5202.653100226873 5
209797 16069 62170 62230 16069 16969 17150 18950 3074.95039544774 5
209798 57058 70453 3824 57058 57958 57915 59715 3362.778504623648 5
210469 44460 6368 62114 44460 45360 45957 47757 43093.38247730348 5
210470 57939 62234 75457 57939 58839 58666 60466 4957.3781422058855 5
211177 14966 109488 55395 14966 15866 16003 17803 13138.861082979425 5
211178 16392 109465 33572 16392 17292 17112 18912 15627.963023557431 5
211179 43650 86206 12971 43650 44550 44510 46310 2678.7257785433812 5
211180 44236 7090 7085 44236 45136 44918 46718 2017.414455370505 5
211181 44692 3123 91496 44692 45592 45499 47299 2914.408072252742 5
212053 14069 129465 10045 14069 14969 15066 16866 3772.733342878096 5
212054 42776 1560 109582 42776 43676 44708 46508 45483.59122312029 5
212055 57054 18121 57203 57054 57954 79250 81050 15163.906806458977 5
212833 14971 130810 45550 14971 15871 16174 17974 12701.427746720849 5
212834 15721 11671 100521 15721 16621 17102 18902 12213.120349053574 5
212835 43482 10475 16907 43482 44382 44505 46305 6826.746352608788 5
212836 46079 3145 4835 46079 46979 57754 59554 10279.0304995632 5
212837 57915 104330 18352 57915 58815 7429 9229 11020.009229257075 5
213526 15118 109464 18431 15118 16018 16749 18549 46651.51744462661 5
214329 28292 74620 64492 28292 29192 29647 31447 27137.42936452027 5
214330 57675 70616 6365 57675 58575 58635 60435 5462.037901535167 5
215086 14268 125218 10046 14268 15168 15555 17355 5329.865192869766 5
215695 13907 61916 62213 13907 14807 16081 17881 10651.419364616264 5
215696 15852 43345 119345 15852 16752 17113 18913 41678.523533114705 5
215697 28948 5564 6783 28948 29848 29814 31614 2803.854100567805 5
215698 45344 2970 62003 45344 46244 46739 48539 34650.50586318555 5
217407 14193 3118 9889 14193 15093 15314 17114 3896.6144496153474 5
217408 16078 4731 100347 16078 16978 17158 18958 6043.866329274247 5
217409 29044 4246 8318 29044 29944 29968 31768 4155.894946090562 5
218180 15989 109629 65654 15989 16889 17129 18929 25543.514989908104 5
218918 28849 7808 1857 28849 29749 29703 31503 4363.106786685161 5
218919 43008 8239 11670 43008 43908 44082 45882 7023.040360615975 5
218920 44187 6814 62119 44187 45087 46024 47824 40905.55327823043 5
218921 57114 8318 9317 57114 58014 58294 60094 5619.051123633766 5
218922 57924 129179 2963 57924 58824 7377 9177 13316.019867942314 5
219754 14513 109472 11435 14513 15413 16162 17962 42974.53274199218 5
219755 28600 4086 126340 28600 29500 29462 31262 3134.573346807134 5
219756 29092 11440 14493 29092 29992 29932 31732 4312.356097841212 5
219757 57275 120247 87641 57275 58175 58547 60347 6889.026766192882 5
220488 14744 125218 7688 14744 15644 16360 18160 9958.28754834481 5
220489 16313 68957 85385 16313 17213 17091 18891 2509.8481685338193 5
220490 28677 13013 126618 28677 29577 58117 59917 4413.693505162575 5
220491 57881 17647 62145 57881 58781 77620 79420 46992.96737374593 5
221205 13861 13218 4392 13861 14761 14773 16573 3058.7682371070896 5
221206 28433 100505 5567 28433 29333 29296 31096 3850.4207098005445 5
221207 57099 50073 93910 57099 57999 58144 59944 7753.706442450821 5
221981 13868 7737 9556 13868 14768 15611 17411 7823.296717949208 5
221982 15810 8238 100545 15810 16710 16717 18517 2929.655687864095 5
221983 57307 112077 85098 57307 58207 58654 60454 5728.1379546772905 5
222796 13902 14908 36056 13902 14802 14951 16751 5537.206122027345 5
222797 15099 50082 17688 15099 15999 16121 17921 6128.042194493342 5
222798 16020 8526 4104 16020 16920 16828 18628 4138.8738784270145 5
222799 57076 11445 3371 57076 57976 58095 59895 3381.914272755576 5
222800 58048 7105 36302 58048 58948 7415 9215 2595.935133538969 5
223522 14704 12765 17265 14704 15604 15849 17649 7065.988616928361 5
223523 16128 123630 129682 16128 17028 17137 18937 4260.499658947743 5
224200 15743 109472 4238 15743 16643 17124 18924 41170.51013000374 5
224201 43000 9432 6229 43000 43900 43917 45717 3351.319822553669 5
224202 44603 124638 62171 44603 45503 46064 47864 40729.92527329776 5
224203 57489 11509 91496 57489 58389 58628 60428 5386.209605206517 5
224997 15715 62172 35314 15715 16615 29376 31176 24325.071571549237 5
226531 14360 9398 62118 14360 15260 16376 18176 42279.823062564305 5
227955 16219 62236 7027 16219 17119 29330 31130 50068.39706043221 5
227956 57620 18616 70402 57620 58520 58602 60402 5024.499513654494 5
228728 14724 6722 3866 14724 15624 16220 18020 10371.797004511354 5
228729 15938 6381 16692 15938 16838 17138 18938 8625.365015900377 5
228730 57900 11304 71264 57900 58800 7421 9221 21655.246498169174 5
229429 57069 7095 7086 57069 57969 57819 59619 2065.3881852812133 5
229430 57534 4743 40573 57534 58434 58670 60470 8643.432709018492 5
230101 13931 11370 3115 13931 14831 14994 16794 3252.324886373143 5
230102 15628 100485 11923 15628 16528 16854 18654 8451.503237166848 5
230103 44370 36236 3155 44370 45270 45694 47494 12370.910035931574 5
230104 45418 2653 6798 45418 46318 46182 47982 2136.206534319903 5
230105 57203 11509 7650 57203 58103 58032 59832 2253.065747343948 5
230984 43057 123191 6728 43057 43957 45438 47238 25473.97382971803 5
230985 57167 85377 56478 57167 58067 58201 60001 4397.511481637193 5
230986 57862 3513 7682 57862 58762 7425 9225 3534.386193087042 5
231682 14053 7647 125568 14053 14953 15874 17674 46917.62634033532 5
231683 57101 8316 4737 57101 58001 57945 59745 2116.762609496602 5
233131 13882 71288 13207 13882 14782 15378 17178 21002.8301952006 5
233132 15387 4731 5574 15387 16287 16540 18340 6291.495101528964 5
233133 43124 10469 6367 43124 44024 43972 45772 4511.967552458163 5
233134 44251 8318 11511 44251 45151 45110 46910 4191.983912939471 5
233135 44718 96392 2359 44718 45618 45760 47560 11695.525652268052 5
233931 14476 61995 9902 14476 15376 15932 17732 41612.62189042812 5
233932 28806 36227 117661 28806 29706 58641 60441 9567.075657463976 5
235091 13926 51781 36209 13926 14826 15252 17052 10358.443217647535 5
235092 15370 91552 130333 15370 16270 16260 18060 3673.849159793645 5
235093 16409 91522 100410 16409 17309 58116 59916 3912.0828377263674 5
235895 14742 4249 10058 14742 15642 15802 17602 6373.236774082781 5
235896 42695 78005 36711 42695 43595 43392 45192 6548.292704023563 5
235897 42854 59119 71567 42854 43754 43577 45377 8690.184741304149 5
235898 44823 57395 109455 44823 45723 46160 47960 31625.979957128908 5
236594 42672 59163 62115 42672 43572 43675 45475 18132.96897705881 5
236595 44555 115438 36007 44555 45455 46009 47809 17811.823628851806 5
237246 43754 4756 62167 43754 44654 45572 47372 46272.69859791205 5
238014 13892 70113 2504 13892 14792 15145 16945 8709.916871130119 5
238015 14729 127014 15634 14729 15629 15963 17763 5587.681605898783 5
238016 16145 11414 65329 16145 17045 17012 18812 4697.253752559014 5
238017 45437 1949 85092 45437 46337 46890 48690 14179.207585034637 5
238018 57145 3123 130823 57145 58045 57994 59794 2061.9131095184885 5
238019 57942 129817 45780 57942 58842 7412 9212 6544.602812927046 5
238795 13888 36026 126342 13888 14788 15337 17137 16001.296766784022 5
238796 28497 87450 93915 28497 29397 29976 31776 22019.112169608223 5
238797 43754 68955 128583 43754 44654 44561 46361 3244.758498423753 5
238798 46263 3159 86204 46263 47163 57852 59652 9357.610656033974 5
238799 58028 35771 60065 58028 58928 77300 79100 11932.513473618941 5
239461 14776 62093 11841 14776 15676 16453 18253 45761.17571587311 5
239462 57542 10826 5470 57542 58442 77399 79199 12265.463323743863 5
240208 14007 38603 13209 14007 14907 14931 16731 4605.654632207218 5
240209 28418 11439 4477 28418 29318 29690 31490 7095.875851277285 5
240210 57094 14779 7104 57094 57994 58033 59833 2870.593206129539 5
240211 57643 12309 6799 57643 58543 58508 60308 3033.4298666408013 5
241045 16426 4235 45338 16426 17326 17146 18946 4000.723019504625 5
241046 42653 2 62142 42653 43553 43662 45462 12406.188728985038 5
241047 57384 9434 5768 57384 58284 58442 60242 5170.852666089896 5
241904 14293 117657 35761 14293 15193 15241 17041 5581.4130593799 5
241905 15892 35759 2825 15892 16792 17068 18868 7965.684272540534 5
243743 13992 35963 8011 13992 14892 14895 16695 3810.850272172426 5
243744 14456 36015 5832 14456 15356 15459 17259 3449.6753197701305 5
243745 15695 9372 8024 15695 16595 17135 18935 11047.011965633428 5
244495 14988 14002 2909 14988 15888 16307 18107 12709.360545807434 5
244496 44415 10697 114707 44415 45315 45573 47373 10378.492524002975 5
244497 45606 58679 11670 45606 46506 46619 48419 5934.984629854752 5
245275 13977 86231 5762 13977 14877 15369 17169 13260.986861532958 5
245276 15531 10169 9350 15531 16431 17064 18864 11398.825129238125 5
245277 57220 91513 86204 57220 58120 58271 60071 4418.664716916178 5
246096 15554 62236 9904 15554 16454 57790 59590 42905.30871932067 5
246097 57452 8312 39988 57452 58352 58386 60186 3231.7695610891374 5
246642 14652 109482 95354 14652 15552 16346 18146 46826.727560213185 5
246643 16050 9900 8238 16050 16950 17131 18931 6802.181577537868 5
246644 43331 128340 11509 43331 44231 44167 45967 3417.8479178476205 5
246645 57568 57921 4373 57568 58468 77750 79550 44888.13563522749 5
247184 28690 100354 78858 28690 29590 29951 31751 13876.259207430952 5
247954 14239 14773 44474 14239 15139 15186 16986 4350.714093281924 5
247955 15061 44930 4248 15061 15961 15951 17751 5242.866253434096 5
247956 29064 99422 7886 29064 29964 43362 45162 17853.891972855185 5
247957 43273 8210 62119 43273 44173 44756 46556 41225.57607364188 5
248704 14627 8234 93852 14627 15527 15559 17359 3564.5501236122036 5
248705 57077 88739 119837 57077 57977 58638 60438 12892.608204343624 5
249419 13894 36206 91528 13894 14794 14723 16523 3377.842774311339 5
249420 14723 8236 38066 14723 15623 15640 17440 3882.4766853657065 5
249421 15440 9441 14008 15440 16340 16299 18099 3142.3730309124885 5
249422 16007 6148 5054 16007 16907 17072 18872 5545.794442249743 5
249423 28275 123435 4105 28275 29175 29046 30846 2422.6076533359987 5
249424 28849 85458 5571 28849 29749 29736 31536 4463.066732581302 5
249425 57229 5915 62119 57229 58129 7413 9213 41397.29655460304 5
250152 14888 10043 3156 14888 15788 16025 17825 7632.229305648123 5
250153 15501 3157 46965 15501 16401 17121 18921 24224.631851383394 5
250154 43627 127858 3113 43627 44527 44459 46259 4221.158025483763 5
250733 13866 54050 93915 13866 14766 16761 18561 34324.14669090411 5
250734 43702 10268 8298 43702 44602 44612 46412 5641.0079062196955 5
250735 57658 109486 34095 57658 58558 58619 60419 21540.1312493222 5
251415 14031 4962 85385 14031 14931 14979 16779 6123.970232083116 5
251416 15189 125904 10357 15189 16089 16223 18023 3527.7603675289033 5
251417 45663 11766 5546 45663 46563 46858 48658 7662.943671992137 5
252214 14232 35971 10920 14232 15132 15187 16987 4812.435468796165 5
252215 15441 5831 4080 15441 16341 16787 18587 13740.92626971237 5
252216 44279 7506 6889 44279 45179 45766 47566 12806.924735683764 5
252217 57068 10258 17175 57068 57968 7349 9149 4036.3744081549403 5
252892 13899 8024 124003 13899 14799 15002 16802 4438.068705184233 5
253694 14115 47552 16670 14115 15015 15486 17286 6352.770156018512 5
253695 16363 5546 14798 16363 17263 17143 18943 2153.1808396913752 5
253696 44645 98609 124731 44645 45545 46278 48078 36570.684595525774 5
253697 57125 65422 22050 57125 58025 58015 59815 6351.840291832376 5
254513 14642 11375 4245 14642 15542 15689 17489 4061.6104611676387 5
254514 15642 6887 11304 15642 16542 16809 18609 5783.520002994281 5
254515 57619 4633 86208 57619 58519 58639 60439 3892.9084960341024 5
255362 57432 95427 130699 57432 58332 58457 60257 3906.0149858151626 5
256165 14175 87202 11845 14175 15075 15220 17020 4830.549881627461 5
256166 15144 11194 7091 15144 16044 16153 17953 3503.1162493117927 5
256167 43277 11397 100427 43277 44177 44366 46166 8075.929674851125 5
256168 44161 7089 14793 44161 45061 45024 46824 2944.165108888403 5
256169 45081 85458 3113 45081 45981 46168 47968 8690.08884072454 5
256986 14251 18263 489 14251 15151 15245 17045 4683.552566468068 5
256987 15596 10052 16527 15596 16496 16940 18740 9509.356324225497 5
256988 29049 53535 48311 29049 29949 29941 31741 3061.3589321713234 5
257776 15106 62222 71209 15106 16006 17108 18908 33844.88828670095 5
257777 45740 37005 3114 45740 46640 46722 48522 4758.93405106001 5
259119 28996 4743 111738 28996 29896 43340 45140 44728.15695698977 5
259120 43972 11402 85092 43972 44872 44943 46743 5301.2025649678735 5
259121 46119 54888 126364 46119 47019 46900 48700 2885.866612149027 5
259122 57448 121333 5581 57448 58348 58648 60448 5974.887613621895 5
259881 14464 62023 7885 14464 15364 16220 18020 42261.39707062184 5
259882 57062 7095 5865 57062 57962 57928 59728 3082.7868235556443 5
260392 13899 101908 100256 13899 14799 14725 16525 6416.905861824893 5
260393 15929 2839 4366 15929 16829 16935 18735 4800.124474473113 5
260394 45665 61099 93909 45665 46565 46726 48526 6788.5082188886445 5
260395 57098 11380 11074 57098 57998 58403 60203 2522.7317313225058 5
261058 15084 11845 2204 15084 15984 16011 17811 3207.5307862242653 5
261059 15766 5550 65771 15766 16666 16659 18459 3096.3229459137897 5
261783 57695 44934 121142 57695 58595 7352 9152 2411.3314003090095 5
262527 14700 14488 14000 14700 15600 15548 17348 3734.952288663608 5
262528 57102 11085 33592 57102 58002 58473 60273 32252.56766007164 5
263890 15274 57446 112263 15274 16174 16668 18468 8879.2381545682 5
263891 28258 10560 834 28258 29158 29156 30956 4353.262488134768 5
263892 46289 6365 8216 46289 47189 58525 60325 6537.9574284391165 5
264378 13983 14807 124807 13983 14883 15253 17053 8786.104826180972 5
264379 28746 91519 14246 28746 29646 29814 31614 11120.731968821707 5
264380 44268 10474 9520 44268 45168 45189 46989 6630.314860530253 5
264381 57361 9560 8317 57361 58261 58621 60421 7547.480939138573 5
265192 13887 65766 85427 13887 14787 14638 16438 2421.341618195266 5
265193 16375 130368 47847 16375 17275 17096 18896 2334.058891642026 5
265194 28884 100469 5807 28884 29784 29675 31475 2441.6182386719715 5
265195 57581 5768 16695 57581 58481 58421 60221 2018.2085523132657 5
267302 15082 1434 8525 15082 15982 15984 17784 4434.653117856375 5
267303 15485 14480 10050 15485 16385 16373 18173 4340.146277581232 5
267304 57070 4363 90915 57070 57970 58631 60431 27180.364218401086 5
267975 15393 128753 11509 15393 16293 16228 18028 3275.205090411738 5
267976 43510 85481 124604 43510 44410 44526 46326 9572.343761476219 5
267977 45175 128486 5419 45175 46075 46104 47904 3750.7561803161834 5
267978 57505 4737 16915 57505 58405 58645 60445 4884.329977888009 5
268659 13929 109482 75685 13929 14829 15127 16927 17069.531891963234 5
268660 15599 33948 2894 15599 16499 29581 31381 41216.41727380977 5
268661 44996 9891 130823 44996 45896 45967 47767 3759.921776164272 5
268662 57871 117659 36540 57871 58771 58652 60452 9528.985112152664 5
269908 57093 7796 125591 57093 57993 58048 59848 3683.207981214179 5
270575 15848 98614 11509 15848 16748 16850 18650 4767.627737108245 5
271308 14011 3377 68514 14011 14911 14990 16790 2820.3360581057527 5
271309 15186 109891 8303 15186 16086 16319 18119 7023.488984358215 5
271310 29096 14494 7354 29096 29996 57844 59644 8835.29738594239 5
271999 13923 109461 67299 13923 14823 15042 16842 15893.480066446433 5
272000 15845 61995 4832 15845 16745 17108 18908 36266.24924135859 5
272001 57090 120233 96765 57090 57990 58323 60123 4423.282834129486 5
272708 14206 9904 11509 14206 15106 15114 16914 3469.0082341454413 5
272709 14932 11511 6725 14932 15832 15899 17699 3035.66212769692 5
272710 45745 3383 36315 45745 46645 46869 48669 7977.040432057319 5
272711 57387 7090 3113 57387 58287 58383 60183 3672.552310839541 5
274014 15410 75478 57266 15410 16310 17151 18951 43685.570360321144 5
274015 29073 100404 120233 29073 29973 29989 31789 3425.7390814914356 5
274618 13892 50064 100481 13892 14792 14820 16620 4830.667413269675 5
274619 14945 120271 3115 14945 15845 16194 17994 8488.724193180931 5
274620 15856 53533 4741 15856 16756 16914 18714 3352.9313999391807 5
274621 57679 7564 11499 57679 58579 58639 60439 6702.786425925036 5
275576 13971 91205 115093 13971 14871 15877 17677 18495.023816577603 5
275577 28262 100455 2492 28262 29162 29118 30918 3896.0483734458066 5
275578 42710 1983 35956 42710 43610 43927 45727 12470.335698899687 5
276451 57138 129817 130823 57138 58038 58211 60011 3823.122523563858 5
277316 16324 109465 75434 16324 17224 17105 18905 8744.088065280775 5
277317 57104 4742 4835 57104 58004 58322 60122 5578.560940669377 5
277936 14518 109482 4245 14518 15418 16058 17858 44389.06970989235 5
277937 57069 10660 8316 57069 57969 57947 59747 2802.9184255346468 5
277938 57516 15190 3118 57516 58416 58389 60189 2926.287896391402 5
278609 14534 8231 114696 14534 15434 15363 17163 2248.703690140536 5
278610 14882 36997 95434 14882 15782 16316 18116 10505.299663392625 5
278611 16090 5320 43190 16090 16990 16860 18660 2431.699997863119 5
278612 42697 107592 62143 42697 43597 43668 45468 13791.87170726759 5
278613 45250 117657 3113 45250 46150 46105 47905 2713.3043073436547 5
278614 45652 4736 8316 45652 46552 46436 48236 2383.7827291950643 5
278615 57093 15109 100133 57093 57993 57950 59750 4598.8204514028375 5
278616 57671 3866 4933 57671 58571 58629 60429 6474.0746389004125 5
279307 28267 8316 70107 28267 29167 29222 31022 2643.922454098472 5
279308 43829 95359 11950 43829 44729 44819 46619 4732.339785482948 5
279309 57101 74698 7347 57101 58001 58662 60462 34883.34355090411 5
279896 14305 129918 13548 14305 15205 15661 17461 11382.543768187092 5
279897 15267 9195 95613 15267 16167 16858 18658 17457.20136828778 5
279898 42707 8231 62143 42707 43607 44187 45987 38750.08254298087 5
279899 44858 115369 87282 44858 45758 45727 47527 13822.768737953229 5
279900 57077 2846 87663 57077 57977 57932 59732 2035.423966216954 5
280655 14658 87661 11302 14658 15558 16082 17882 5081.104252933284 5
280656 16011 117657 11439 16011 16911 17027 18827 4449.917720441695 5
281489 13903 12726 54365 13903 14803 15738 17538 46471.5247779466 5
282168 13867 8932 65749 13867 14767 14976 16776 5263.988493321844 5
282169 28859 109598 40979 28859 29759 29892 31692 14806.29687941547 5
282170 42696 59373 62134 42696 43596 43704 45504 22048.29670480135 5
282171 45377 85451 77410 45377 46277 46463 48263 8636.569577645512 5
282172 57442 45441 120334 57442 58342 58490 60290 4718.874842923472 5
282173 58025 1818 18150 58025 58925 7414 9214 10652.250287238552 5
283424 13905 82217 24286 13905 14805 14992 16792 9622.559124871847 5
283425 15407 62241 87633 15407 16307 16908 18708 42923.46291834394 5
283426 57405 15496 2636 57405 58305 7421 9221 7205.894176178182 5
284222 15752 62233 3114 15752 16652 7260 9060 45253.89722236058 5
285671 43648 87338 109477 43648 44548 45386 47186 42019.94043654398 5
286532 13894 1429 83489 13894 14794 14930 16730 3689.6166636022695 5
286533 15019 5586 5574 15019 15919 15966 17766 4496.3371402743205 5
286534 16361 35777 10255 16361 17261 17142 18942 2309.1850513383265 5
286535 43067 96909 85494 43067 43967 43850 45650 4270.032668001468 5
286536 57873 8322 14793 57873 58773 7429 9229 4864.647741800695 5
287243 13866 11184 111897 13866 14766 14823 16623 2323.238867255619 5
287244 15127 44473 1833 15127 16027 15930 17730 3579.1060863336693 5
287245 15710 7753 15187 15710 16610 16744 18544 4931.122636581524 5
287246 28747 100409 14487 28747 29647 29683 31483 5091.415066273213 5
287247 57453 1067 91496 57453 58353 58485 60285 4212.305063993506 5
288080 14543 130911 14236 14543 15443 15524 17324 3537.8507734246245 5
288081 15994 86234 65525 15994 16894 29303 31103 5394.637305613595 5
288082 28880 4086 11372 28880 29780 29757 31557 4006.826470763378 5
289685 14105 9884 95434 14105 15005 15090 16890 4037.8107323223876 5
289686 15143 9885 15635 15143 16043 16295 18095 7385.669443858863 5
289687 16142 85369 8318 16142 17042 17106 18906 5699.967975499928 5
289688 29010 9440 7799 29010 29910 29970 31770 5389.081294489577 5
290514 14239 104770 5470 14239 15139 14971 16771 2805.6184919653842 5
290515 15565 7973 67576 15565 16465 17126 18926 22097.73277008912 5
290516 28475 2848 98605 28475 29375 29504 31304 7948.714835203609 5
291203 14121 10098 5578 14121 15021 15395 17195 7827.291488908291 5
291204 45883 4102 5454 45883 46783 46795 48595 5770.31710395797 5
291205 57926 11305 4740 57926 58826 7396 9196 5369.406157947828 5
291651 57062 70360 11413 57062 57962 58125 59925 2175.335357339437 5
292111 43605 45455 6728 43605 44505 45605 47405 17790.031157476493 5
292805 13873 4804 66714 13873 14773 14629 16429 3872.1582320686152 5
292806 14986 7926 7914 14986 15886 15828 17628 3219.429234215065 5
292807 15714 6367 7883 15714 16614 16646 18446 5156.637524163211 5
292808 28292 16926 1756 28292 29192 29248 31048 4401.441710570496 5
292809 29229 7751 7800 29229 30129 29950 31750 2658.5259227677957 5
293470 16254 100444 13201 16254 17154 17138 18938 3308.3021353416193 5
293471 57078 46079 36184 57078 57978 57949 59749 4067.303739146402 5
294282 14825 104171 62139 14825 15725 16528 18328 39371.658733897886 5
294283 29001 85092 14491 29001 29901 29891 31691 4173.75966988855 5
294284 57106 18582 1410 57106 58006 58161 59961 3521.2799538161644 5
295112 13959 15496 5180 13959 14859 14882 16682 3599.8008812305543 5
295113 14662 53536 3517 14662 15562 15494 17294 3318.091068074613 5
295805 14565 5418 96649 14565 15465 15359 17159 2616.2518730652605 5
295806 15177 87625 6366 15177 16077 16388 18188 8079.205215958914 5
296658 16538 62102 130027 16538 17438 29033 30833 45267.008553719286 5
296659 42722 38818 62119 42722 43622 44768 46568 49332.04619927959 5
296660 44398 75436 5248 44398 45298 46920 48720 31778.46341404114 5
296661 57166 15627 34369 57166 58066 7427 9227 47386.81001882869 5
297602 14715 109465 7087 14715 15615 16405 18205 43210.31048337755 5
297603 46312 4872 13398 46312 47212 57956 59756 6071.417887476852 5
297604 57512 87369 47448 57512 58412 7381 9181 12392.586079511775 5
298597 13869 71629 109593 13869 14769 15050 16850 25972.63802210485 5
298598 14578 82140 14006 14578 15478 16329 18129 41298.22589192234 5
298599 16094 8067 7798 16094 16994 16899 18699 2952.191062479278 5
299939 57239 124793 5566 57239 58139 7390 9190 18006.04040404119 5
300615 14618 3619 127605 14618 15518 16025 17825 5725.535611285142 5
300616 57694 130206 36045 57694 58594 58655 60455 2934.359179649776 5
301221 15086 9857 3857 15086 15986 16357 18157 6351.965973438032 5
301937 14619 37020 1843 14619 15519 16154 17954 14423.792411925782 5
301938 15765 104579 4483 15765 16665 16620 18420 2765.054838826838 5
301939 16136 8236 111730 16136 17036 44384 46184 40236.630274109455 5
301940 57092 46432 2412 57092 57992 58271 60071 6282.183514029479 5
302816 57199 3114 5562 57199 58099 58088 59888 2718.3764189004646 5
303656 14878 10094 3384 14878 15778 16453 18253 13205.893501288438 5
303657 16038 15103 5786 16038 16938 17116 18916 5702.446485590301 5
303658 43976 16927 11438 43976 44876 44982 46782 5140.762742277166 5
303659 44967 91541 65751 44967 45867 46241 48041 8753.96842863022 5
304555 14557 16531 7265 14557 15457 15612 17412 5217.992162372794 5
304556 15942 10821 38477 15942 16842 16829 18629 2316.4204556867394 5
304557 42683 11030 27484 42683 43583 43898 45698 6409.454891897292 5
304558 57102 5570 85379 57102 58002 57881 59681 3385.7143647838484 5
304559 57630 85452 5204 57630 58530 58637 60437 4059.4431646309004 5
305294 15307 62237 95434 15307 16207 16820 18620 43099.31515619846 5
305295 57494 10040 96387 57494 58394 58529 60329 4231.796537458234 5
305979 14505 4407 18565 14505 15405 15519 17319 4885.174665536106 5
305980 16018 8238 36067 16018 16918 43464 45264 8875.39086846559 5
305981 57667 38063 7897 57667 58567 7434 9234 5126.2576091542805 5
306659 13909 5803 10050 13909 14809 15427 17227 8347.809204027366 5
306660 15386 11302 126342 15386 16286 16649 18449 6656.391329435951 5
307776 14499 10533 8024 14499 15399 15719 17519 9303.643998484793 5
307777 15197 2816 120299 15197 16097 16017 17817 2833.675520343117 5
308524 13974 5773 7418 13974 14874 15004 16804 7562.036031439886 5
309104 14600 62037 4365 14600 15500 16127 17927 43060.66482806307 5
309105 28494 126916 7341 28494 29394 29250 31050 2984.777243259662 5
309106 29154 101206 115750 29154 30054 29934 31734 11202.816681014865 5
309763 14752 104878 12091 14752 15652 15825 17625 4080.406382763853 5
309764 15688 5194 14490 15688 16588 16532 18332 4185.536804619074 5
309765 16176 8320 4732 16176 17076 17000 18800 4111.485569726323 5
309766 43131 82268 2645 43131 44031 44360 46160 8745.64492421077 5
309767 57603 18106 491 57603 58503 58513 60313 3562.825132411791 5
310414 13928 7797 77785 13928 14828 14801 16601 4882.1224846843925 5
310415 14668 9488 10161 14668 15568 15791 17591 6959.770669733664 5
310416 15583 86212 65909 15583 16483 17143 18943 16909.908603263575 5
310927 15743 61924 7647 15743 16643 17123 18923 40253.48430222081 5
311646 15798 11414 5565 15798 16698 16740 18540 3864.115928490632 5
311647 43787 9409 57478 43787 44687 44935 46735 12453.724827331556 5
311648 57560 5846 119061 57560 58460 7384 9184 16569.868927012456 5
312113 13892 100477 9903 13892 14792 14854 16654 3956.2113653399947 5
312114 15776 45550 82126 15776 16676 17157 18957 34740.161674036295 5
312115 57710 4743 3684 57710 58610 58613 60413 2511.8627759792244 5
312839 57245 45600 96619 57245 58145 58233 60033 5078.704482196578 5
314325 14273 91525 123213 14273 15173 15471 17271 8758.077727969767 5
314326 15273 6802 95347 15273 16173 16508 18308 7083.956407308442 5
315110 14145 7086 65123 14145 15045 14950 16750 2685.804594186007 5
315111 14629 77410 2634 14629 15529 15829 17629 7446.5238567893975 5
315112 16367 13231 3121 16367 17267 29136 30936 7482.176568529928 5
315113 57410 11443 5319 57410 58310 58177 59977 2217.703697616344 5
315114 57977 53574 4407 57977 58877 7405 9205 3717.913549173193 5
315570 15006 74823 101515 15006 15906 15724 17524 3784.515619779352 5
315571 15920 62238 64492 15920 16820 17121 18921 24419.783832195193 5
316080 13886 119319 4736 13886 14786 14858 16658 9340.883006108628 5
316081 14851 11437 51755 14851 15751 15680 17480 3129.86249111995 5
316671 14169 5471 14492 14169 15069 15153 16953 4951.614622465451 5
316672 15257 7094 9446 15257 16157 16515 18315 8582.065935342915 5
316673 16249 2677 2808 16249 17149 17149 18949 3158.3456219946843 5
316674 45632 87228 91004 45632 46532 46892 48692 15254.648627438535 5
316675 57203 3510 85098 57203 58103 58262 60062 4340.857723367548 5
317391 15074 62172 123434 15074 15974 16651 18451 43907.04469070716 5
317392 16223 3129 109469 16223 17123 58095 59895 45482.642446629485 5
318107 14630 107163 70742 14630 15530 15974 17774 8530.352759750687 5
318108 57061 104734 107509 57061 57961 58618 60418 34933.24378355777 5
318740 16348 109464 75418 16348 17248 17128 18928 9255.342520977061 5
318741 57411 103790 4796 57411 58311 58371 60171 3755.505135675814 5
319463 15650 103759 117768 15650 16550 16932 18732 11055.964806222028 5
319464 28426 14928 11766 28426 29326 29635 31435 8714.95317547502 5
319465 57084 7354 44933 57084 57984 58128 59928 3773.0940949551873 5
320217 13891 9479 10158 13891 14791 14804 16604 3869.5862147084063 5
320218 15509 9441 12445 15509 16409 16786 18586 9082.096237240265 5
320219 57073 71070 71716 57073 57973 78054 79854 19054.039523424828 5
320986 15364 105053 11890 15364 16264 16776 18576 11757.453810372037 5
320987 42867 5059 3236 42867 43767 44054 45854 9771.386369582455 5
320988 44300 11947 109582 44300 45200 46177 47977 47580.63611417095 5
321825 14305 129440 62123 14305 15205 16185 17985 45506.25332194534 5
321826 43571 10725 109479 43571 44471 45358 47158 46709.65904068023 5
321827 46030 6368 41840 46030 46930 46869 48669 8892.757277725606 5
321828 57151 36237 7087 57151 58051 58583 60383 9093.917524318796 5
322627 16080 4743 45460 16080 16980 17100 18900 4931.7437080483305 5
322628 46219 107144 9903 46219 47119 57949 59749 5979.682262523009 5
322629 57826 7093 44666 57826 58726 58666 60466 2166.9520487761874 5
323449 16051 130810 120291 16051 16951 17131 18931 8571.51377248956 5
323450 45191 8313 109469 45191 46091 46851 48651 45557.5914339132 5
324137 57081 57452 49917 57081 57981 58446 60246 8949.794416942203 5
324138 57910 49917 91553 57910 58810 7386 9186 11559.307761704584 5
324961 16333 62108 18 16333 17233 17113 18913 9426.490386925692 5
324962 45285 7656 111735 45285 46185 46763 48563 42489.924957944706 5
324963 57107 107536 111735 57107 58007 57999 59799 13312.774047365825 5
325719 57434 2810 5781 57434 58334 58637 60437 6185.574851689458 5
326477 14825 62208 115390 14825 15725 16266 18066 35770.39646796242 5
326478 43567 12091 62155 43567 44467 45344 47144 46284.16217254721 5
326479 57065 100568 5420 57065 57965 57992 59792 4566.96765150404 5
327279 14337 2418 49973 14337 15237 15393 17193 7624.472517803 5
327280 15624 112309 1424 15624 16524 16532 18332 2583.962826001982 5
327281 16214 15107 87642 16214 17114 17115 18915 4186.170638417784 5
327282 28521 6635 2945 28521 29421 29455 31255 2720.8470607181775 5
327283 42766 18934 85124 42766 43666 43907 45707 10395.500439021222 5
327284 43833 8316 100427 43833 44733 44600 46400 2863.2112728837133 5
328054 57674 2848 7643 57674 58574 58506 60306 2471.6799276354623 5
328807 14279 103790 6391 14279 15179 15089 16889 2138.819189827395 5
328808 15675 4248 11922 15675 16575 16944 18744 8972.764568204233 5
328809 44469 2979 62189 44469 45369 45963 47763 38044.896878530424 5
329556 14145 17206 123434 14145 15045 15316 17116 5420.159695433759 5
329557 15145 3516 11196 15145 16045 15928 17728 2270.3689017785478 5
329558 15625 3618 42999 15625 16525 16946 18746 5975.717050762218 5
329559 42690 85452 85098 42690 43590 43683 45483 5487.319199594357 5
329560 45722 6796 123881 45722 46622 46691 48491 6154.80511208183 5
331002 14374 3505 85474 14374 15274 15592 17392 7317.681193815126 5
331003 15395 6801 14662 15395 16295 16842 18642 10044.946445557907 5
331004 57297 54764 6796 57297 58197 58327 60127 5906.77749003429 5
331759 44417 3342 6229 44417 45317 45256 47056 3122.5515172798723 5
331760 45841 11440 35783 45841 46741 46648 48448 2401.7921888663154 5
331761 46213 8325 53531 46213 47113 7428 9228 6541.426224826444 5
332642 13935 3369 7923 13935 14835 14892 16692 5775.214110411449 5
332643 14715 2810 4250 14715 15615 16491 18291 7287.236544879548 5
332644 45037 35987 62145 45037 45937 58071 59871 48749.23156854797 5
333378 14087 103577 11985 14087 14987 15419 17219 9323.77878295216 5
333379 16489 1431 53485 16489 17389 29099 30899 9341.497902449491 5
333949 13997 4724 7887 13997 14897 15085 16885 5411.871255934335 5
333950 15047 77416 7664 15047 15947 16080 17880 4362.497634696457 5
333951 15964 104710 9903 15964 16864 17104 18904 5999.006309311199 5
334701 43783 35759 5466 43783 44683 44739 46539 3840.7370403204354 5
334702 57459 85974 118115 57459 58359 58660 60460 4117.455120622875 5
335628 14002 7830 1344 14002 14902 14810 16610 3066.4469225044268 5
335629 14608 4235 85458 14608 15508 15908 17708 11317.0830249703 5
335630 15434 17177 128031 15434 16334 16358 18158 3655.167514654279 5
335631 57464 2143 88217 57464 58364 58376 60176 2732.9318378064586 5
336867 16181 62230 82481 16181 17081 17142 18942 14686.186724180734 5
336868 43210 121093 12977 43210 44110 44092 45892 3620.5010278508416 5
336869 44208 11403 4725 44208 45108 45139 46939 6556.863695751248 5
336870 45097 4792 8313 45097 45997 45986 47786 3604.2296194866553 5
336871 58066 6376 104878 58066 58966 7275 9075 10268.44509008675 5
338933 15007 8216 35971 15007 15907 16802 18602 16383.719018527236 5
338934 29024 3785 14488 29024 29924 29984 31784 7017.924202811485 5
338935 57542 129765 11844 57542 58442 58468 60268 3025.5446300798503 5
339785 14531 53535 11375 14531 15431 16589 18389 4758.662480826058 5
339786 28300 35974 36024 28300 29200 29026 30826 2291.242413519164 5
339787 28630 36000 14492 28630 29530 29953 31753 10538.561434003936 5
340592 15410 9902 104875 15410 16310 16242 18042 2601.5545126393827 5
340593 15876 121555 127760 15876 16776 16759 18559 4005.724129403991 5
340594 28583 91505 17172 28583 29483 29568 31368 5883.973987974197 5
340595 29108 35775 5193 29108 30008 57710 59510 6912.922194553304 5
340596 57702 16970 8303 57702 58602 58662 60462 3354.3307897890877 5
341094 15836 62097 1288 15836 16736 17155 18955 38552.59963787341 5
341623 14801 62231 12972 14801 15701 16656 18456 43708.87724940368 5
342332 43215 12090 11375 43215 44115 44041 45841 2573.578420024452 5
342333 44320 3135 15496 44320 45220 45357 47157 5844.097295113484 5
342334 57260 128455 85400 57260 58160 58640 60440 8862.722798806279 5
343282 13895 4234 96748 13895 14795 14913 16713 4998.270722476764 5
343283 14648 4730 5425 14648 15548 15533 17333 2551.8310333868026 5
343284 15126 103577 39988 15126 16026 15983 17783 2307.857279474018 5
343285 15568 14797 13203 15568 16468 16440 18240 2177.50647237898 5
343286 45543 2638 109582 45543 46443 46911 48711 41925.4615833248 5
343287 57176 2640 95434 57176 58076 58199 59999 4781.023158060697 5
344484 57336 103609 4244 57336 58236 58160 59960 2308.8048380230784 5
345061 13926 11919 11301 13926 14826 15253 17053 9434.91798226716 5
345062 15291 3511 85472 15291 16191 16124 17924 2973.1719837420274 5
345063 46066 8219 18134 46066 46966 46907 48707 5701.886031337481 5
345064 57684 1432 407 57684 58584 58644 60444 3528.913449572871 5
345494 15838 5549 17177 15838 16738 16931 18731 7864.283671177022 5
345495 57104 8310 85122 57104 58004 58007 59807 3155.2753248352083 5
345926 13902 100512 9557 13902 14802 14840 16640 4185.878662190764 5
346300 14033 120305 3275 14033 14933 15246 17046 9799.885395161922 5
346301 16364 1401 12107 16364 17264 28878 30678 17472.28178535216 5
346302 28501 62509 11733 28501 29401 29241 31041 2759.6797426724806 5
346303 45355 2154 12091 45355 46255 46878 48678 7745.139983310995 5
346813 44349 16926 35761 44349 45249 45332 47132 6631.720499171737 5
346814 44900 11375 72128 44900 45800 46881 48681 37555.95205328785 5
346815 57757 5784 7910 57757 58657 58658 60458 3764.52878482465 5
347201 14937 11844 95434 14937 15837 15930 17730 4244.807502114771 5
347202 45583 1400 38293 45583 46483 46872 48672 34203.13321258014 5
347888 57138 16356 6801 57138 58038 58399 60199 7158.787447884065 5
348326 14852 8229 1430 14852 15752 16270 18070 8285.836384913811 5
348327 15891 36302 100462 15891 16791 16790 18590 3558.4253686698275 5
348328 28272 8081 3700 28272 29172 29429 31229 9704.05659252108 5
348329 44702 11885 109582 44702 45602 46798 48598 43310.86719093608 5
348330 57057 10474 104635 57057 57957 58356 60156 5790.304393875224 5
348878 15964 62242 13130 15964 16864 17104 18904 34884.470357857535 5
348879 57068 7139 5470 57068 57968 58629 60429 7217.569016646639 5
349429 15171 7268 62136 15171 16071 16503 18303 35732.32271060062 5
349430 57325 91435 9488 57325 58225 58646 60446 8671.517284086629 5
350104 15221 35743 4672 15221 16121 16227 18027 6723.6734136083105 5
350105 16401 10045 100494 16401 17301 17121 18921 2391.3396297986064 5
350106 29084 9440 9434 29084 29984 29872 31672 2563.422548027931 5
350107 45657 120305 5560 45657 46557 46918 48718 9277.926714095202 5
350108 57793 5768 14491 57793 58693 58668 60468 4164.34460774174 5
350426 44379 5562 111742 44379 45279 46351 48151 46100.59838326412 5
350427 57362 62241 62205 57362 58262 77236 79036 3257.6746518986606 5
350849 45723 8031 7645 45723 46623 57962 59762 10221.017586652786 5
351355 13899 11770 5578 13899 14799 14763 16563 2070.4397782575898 5
351356 15676 6773 5546 15676 16576 16554 18354 2698.7857617007844 5
351357 16251 104709 7973 16251 17151 17152 18952 2956.802732673347 5
351358 57916 85476 8506 57916 58816 58636 60436 2396.202587407074 5
352177 57088 3505 125218 57088 57988 58144 59944 4901.080491568959 5
352774 57083 35992 7797 57083 57983 58477 60277 10365.466588918225 5
352775 58059 7787 11751 58059 58959 77350 79150 6273.296655263216 5
353435 15762 5193 6795 15762 16662 16917 18717 5381.574749533552 5
353436 44531 100427 3381 44531 45431 45667 47467 9431.58810203092 5
353437 46193 3403 123630 46193 47093 57721 59521 10192.857923411251 5
353438 57842 11437 14490 57842 58742 58622 60422 2594.3696856318143 5
353899 13866 6365 6796 13866 14766 14708 16508 5971.909799819377 5
353900 57309 104624 7086 57309 58209 58344 60144 2277.2184736842446 5
354336 44967 3388 100502 44967 45867 46618 48418 11649.989574560212 5
355493 14087 10474 11376 14087 14987 14990 16790 3735.715314434068 5
355494 15777 4736 3871 15777 16677 16969 18769 7585.643753707918 5
355495 16526 4634 7085 16526 17426 7397 9197 7184.102137082065 5
355925 15151 8234 36300 15151 16051 16295 18095 5398.541847687988 5
355926 15954 6366 85467 15954 16854 16990 18790 7272.138534038944 5
355927 29090 11444 5767 29090 29990 29990 31790 4330.984402994448 5
357475 15022 11303 129689 15022 15922 16142 17942 6515.62843496753 5
357476 29246 124693 120306 29246 30146 29966 31766 2143.7385511139505 5
357477 45614 10464 107554 45614 46514 46881 48681 33152.84053635389 5
357478 57390 11426 9473 57390 58290 58530 60330 5666.676132634193 5
358266 14129 125161 10163 14129 15029 15099 16899 3122.9118695085126 5
358267 14892 11699 10662 14892 15792 15862 17662 4858.907057746993 5
358268 57525 85418 104783 57525 58425 58665 60465 4989.047238115424 5
358884 14139 86014 13231 14139 15039 15525 17325 11148.30043646771 5
358885 14991 8240 16304 14991 15891 16031 17831 4412.449556340812 5
358886 15927 128753 104066 15927 16827 17125 18925 10110.842700141484 5
358887 46121 10159 8907 46121 47021 58203 60003 8549.555812926872 5
359324 44777 7807 4777 44777 45677 45673 47473 3281.88639759233 5
359325 57512 4101 44666 57512 58412 58652 60452 4696.848215360206 5
359977 15607 5471 4727 15607 16507 16458 18258 2571.148514241914 5
359978 43904 11449 57183 43904 44804 44709 46509 3647.8793374776697 5
359979 44832 129816 125607 44832 45732 45847 47647 7225.946983052862 5
359980 45773 10465 2806 45773 46673 46747 48547 5858.7740311178095 5
359981 57635 6887 35751 57635 58535 58655 60455 4652.0634391536005 5
360377 14801 5776 10048 14801 15701 15562 17362 2470.4899832447 5
360378 15235 80290 35988 15235 16135 16151 17951 6201.638535915208 5
360379 44577 1823 11370 44577 45477 45724 47524 8366.191873896809 5
360380 57057 10094 6796 57057 57957 58008 59808 5082.858244020711 5
360381 57770 10274 58918 57770 58670 58670 60470 2667.0080702810446 5
360815 16317 9891 74039 16317 17217 17157 18957 2355.860318105656 5
360816 57214 17085 96989 57214 58114 58219 60019 3049.6454789450977 5
361544 14495 35751 42280 14495 15395 15535 17335 5203.968315644423 5
361545 15725 3125 5454 15725 16625 16542 18342 2373.1696566736996 5
361546 28893 35757 4609 28893 29793 29987 31787 7799.227807477206 5
361547 57099 1443 83332 57099 57999 58475 60275 4025.6141781402634 5
362129 14549 10098 85466 14549 15449 15620 17420 5613.506311661541 5
362130 15983 11840 4740 15983 16883 16814 18614 2579.041079266839 5
362131 16411 8315 62087 16411 17311 44346 46146 46090.77574006324 5
362628 13878 121334 23824 13878 14778 14900 16700 11966.657950903023 5
362629 15357 109584 104332 15357 16257 16896 18696 34812.78123116636 5
362630 42789 5847 62141 42789 43689 44689 46489 47412.3003149345 5
362631 57085 75486 33513 57085 57985 57839 59639 2801.639089602463 5
363540 46039 11871 3620 46039 46939 58445 60245 6855.3839363125635 5
363970 14431 8093 10472 14431 15331 15190 16990 2043.3150342592044 5
363971 15295 14798 11874 15295 16195 16318 18118 7271.027591336555 5
363972 16214 10276 51753 16214 17114 17081 18881 2990.873413141737 5
363973 28402 85432 11435 28402 29302 29332 31132 6750.0706852384355 5
364379 14517 10358 11766 14517 15417 15817 17617 6303.981146850164 5
364380 16027 3121 11302 16027 16927 16857 18657 4183.7980233155995 5
364381 44563 5571 3119 44563 45463 45501 47301 3766.8580777101315 5
364382 57453 57202 4076 57453 58353 58586 60386 4588.346386405771 5
364795 13869 39988 104013 13869 14769 15013 16813 10349.777996856452 5
364796 14822 5138 62154 14822 15722 16536 18336 38493.3871953136 5
364797 45400 11814 59373 45400 46300 46901 48701 28923.398398343445 5
364798 57664 11370 11756 57664 58564 58627 60427 3747.9664337114414 5
365249 16281 1413 10269 16281 17181 17121 18921 5142.251484261848 5
365250 57344 14646 4375 57344 58244 58594 60394 7465.470945127503 5
365692 13868 1131 62102 13868 14768 15100 16900 29157.02638408438 5
366302 14827 35762 17011 14827 15727 15802 17602 3083.408738582224 5
366303 15443 16927 1425 15443 16343 16390 18190 4346.68898405522 5
366304 57087 3134 7087 57087 57987 58021 59821 3769.9806405848194 5
366305 57561 95426 10274 57561 58461 7297 9097 5896.841765894959 5
366804 14089 5569 9415 14089 14989 15995 17795 18598.39511220715 5
366805 16050 36066 8301 16050 16950 57716 59516 13144.96952530523 5
366806 57439 4743 10270 57439 58339 58436 60236 3611.907831902584 5
367875 42838 7090 62175 42838 43738 44503 46303 46029.47311067014 5
367876 45099 2851 111730 45099 45999 46544 48344 42915.600754787985 5
369871 13954 33994 11435 13954 14854 15938 17738 45048.2152871521 5
369872 29207 61962 5417 29207 30107 58320 60120 51855.150651486285 5
370441 15113 62108 20463 15113 16013 16395 18195 22457.23460583789 5
370442 42702 35081 62115 42702 43602 43569 45369 15063.666592289517 5
370443 44405 3566 109593 44405 45305 46021 47821 40644.23006907949 5
370933 43251 15060 62191 43251 44151 45485 47285 42288.973209531614 5
370934 57458 2852 107564 57458 58358 58659 60459 27787.408510830584 5
371790 14049 16907 73370 14049 14949 15048 16848 3397.1647277298707 5
371791 14665 65757 100518 14665 15565 15476 17276 2577.5733385382323 5
371792 15051 125218 11845 15051 15951 15811 17611 2422.3924660994307 5
371793 28261 7103 1432 28261 29161 29070 30870 2815.3659140649556 5
371794 29002 10163 11069 29002 29902 29840 31640 2747.78039462479 5
372371 16264 62237 58 16264 17164 17103 18903 11112.072115634712 5
372372 45558 512 4755 45558 46458 46541 48341 3716.7782887859835 5
372373 57088 4790 7087 57088 57988 57924 59724 2485.2570756942 5
372825 57078 74648 62114 57078 57978 57903 59703 15239.601020608832 5
373473 15329 44378 101515 15329 16229 16185 17985 7715.866806293368 5
373474 16415 62238 34369 16415 17315 17135 18935 3743.246468438513 5
373475 44236 6546 11722 44236 45136 45155 46955 7538.054232642186 5
373476 57102 36722 33512 57102 58002 58075 59875 19675.756632831977 5
373963 42658 6365 109721 42658 43558 43646 45446 4749.485593160432 5
373964 44145 11920 18565 44145 45045 44966 46766 4037.6289770241865 5
373965 44850 6366 87370 44850 45750 46076 47876 7969.2589562974745 5
374486 57660 45629 62122 57660 58560 77655 79455 27760.112761975084 5
375026 14906 44377 4604 14906 15806 16717 18517 41361.77038717212 5
375027 16416 1537 36045 16416 17316 17136 18936 2522.4925103543933 5
-1
