125.76197044401056 137.74971970018711 15.6

108.54577997940689 92.72050850644192 20.9

76.74490228258199 76.80824359615086 16.3

57.99673573061731 64.50336577753325 16.6

43.57821121498248 45.39622588838169 31.3

32.64908834190895 45.39622588838169 33.1

25.958173152989918 35.83453922226398 32.5

25.026334947396794 36.52462936392189 43.9

22.170845030061617 30.359100648241782 65.5

19.692802148009296 28.813678037359384 59.1

17.247454449348094 27.451775795138065 63.4

16.333441943356853 26.059500842314126 80.4

14.372198348285469 31.120610253073806 93.2

13.081711078799927 23.70736997428246 103.2

12.684564843331625 25.488884715929085 96.9

11.720169521145479 21.22358989770757 96.6

10.232226334847002 19.299503120991126 100.6

10.021248455091065 18.749955404508437 103.6

8.821714344213365 21.100005340081385 91.9

8.141090798844498 17.902325467644765 88.4

7.878437458440267 17.902325467644765 84.0

7.8676267973098275 16.494307594619176 114.2

7.718437452542659 17.011912346116393 118.3

7.594615764646891 15.080927367221088 121.6

7.184915350562058 16.09357466766035 128.9

6.739241902029242 15.934340357447073 129.3

6.341910576481332 14.91563083458878 125.5

6.13414570488434 15.20391080453666 126.3

5.827667811592567 12.536554266145327 138.6

5.689310553653479 14.943060939081596 139.3

5.300474825701084 12.536554266145327 133.4

5.324051589435981 15.20391080453666 132.1

5.236135430009965 11.5963629153784 133.6

4.878178961561037 13.365075163541285 139.5

4.783329269873177 11.961530228692682 147.2

4.716919997540106 12.114100432355613 142.7

4.50286761248441 12.114100432355613 143.2

4.319311858642225 12.114100432355613 147.0

4.215798623459074 12.835603301210426 143.8

4.261038608042718 16.345901527825912 143.6

4.216915834297941 16.345901527825912 145.1

4.082453372672272 16.345901527825912 145.7

3.8834638693817647 11.13772993508679 147.2

3.6651909029983636 11.13772993508679 149.3

3.553752556356534 14.27280051073009 149.9

3.554152962580256 11.879228060048328 150.5

3.512207381647791 11.879228060048328 149.1

3.3963742141899145 11.879228060048328 155.2

3.2749373537814863 16.11513921611094 160.1

3.279781137640272 18.202917814773922 155.9

3.2430134938205812 18.529480756985713 163.9

3.1156912471386002 18.206030898192083 158.8

2.9551813310262043 14.29716766626834 163.4

2.927064720031524 14.29716766626834 158.3

2.7900383658932446 17.600330364278165 164.3

2.799466303595069 17.600330364278165 157.0

2.7711431830510618 19.639784667538116 154.5

2.5986563306295194 18.638209486102884 165.6

2.519957271846211 18.82889428821209 158.4

2.5098600886135167 19.639784667538116 157.7

2.504431241632791 19.639784667538116 160.9

2.3676161791179107 19.639784667538116 166.6

2.368194898228758 19.73412022407819 170.7

2.3251275444664845 19.937324971604465 170.6

2.2796896936552726 19.937324971604465 173.3

2.2571374651143286 19.937324971604465 175.4

2.227961827908556 19.937324971604465 179.0

2.1354694964640113 19.937324971604465 181.0

2.0951153664208064 13.979474332135721 175.8

2.062515934621193 13.979474332135721 181.1

2.041062309573964 19.834341115208588 172.3

2.0179096152432687 19.834341115208588 174.9

2.0004746219867635 19.834341115208588 174.1

1.9668162914044622 19.137979192745526 180.3

1.9767256173000547 19.177696836820264 175.7

1.9529350658030888 19.265785156656797 181.8

1.9236704761087853 19.265785156656797 185.2

1.913870648952375 19.082882734963757 175.3

1.9151156651676984 19.04812284422884 181.1

1.889420508380421 10.432184323983549 174.5

1.8576749801526475 10.971058743583315 178.5

1.8272832806481332 10.051434403652209 182.9

1.8072315457716068 10.03863238701955 183.6

1.7856131156474067 10.18291900882385 180.1

1.7554903169696547 10.18291900882385 186.6

1.7678996852048912 10.527050041561347 185.9

1.747606020569806 10.385511349685277 180.1

1.696534364740371 9.938874205970968 185.0

1.7098007377889914 10.637560473243546 190.4

1.670305694632401 10.476667718482801 187.0

1.6723293201668838 10.476667718482801 185.2

1.660300784005883 10.476667718482801 185.0

1.6550799604947113 10.476667718482801 183.4

1.6538202784906606 10.475423845207214 193.5

1.6477155198488826 10.475423845207214 193.5

1.6499287377682925 10.32326615131344 188.5

1.647817787433866 10.32326615131344 186.5

1.6322885975116563 10.32326615131344 190.7

1.617581849211605 9.818622340264838 195.5

1.6216085519030305 9.837240326253042 192.5

