28.163093180067193 21.753632833583932 14.9

24.856143264537202 20.967760850637706 26.6

21.721631195232327 27.917185485276512 48.3

18.827024427344202 23.080473888881162 74.2

17.610169730206728 23.567150059289524 65.5

15.677243763562554 20.966886440901348 79.0

14.500166884912877 15.738494373478458 95.5

14.04129424157255 16.864437326530478 96.7

13.065482966930375 15.42341799623072 118.1

12.283956097949568 13.85777481053894 108.3

11.377389992679763 14.228304594197324 97.0

11.252013763118368 13.654245542737923 101.4

10.834247875714883 13.654245542737923 120.8

10.710386472924464 15.634401508568157 125.9

10.302592037802958 14.604502227318802 119.7

9.56414289983069 13.38662494167362 120.5

9.215478276770249 13.674813498702255 115.6

9.23300433694367 13.641905148282518 121.5

8.925803340763967 12.814731611662948 132.9

8.72472508144065 12.548635929482657 140.8

8.455038323386756 12.548635929482657 130.6

8.204377073802757 12.408925809138312 134.0

7.991952900952652 12.478346707035154 137.2

7.708520273662595 11.601507910172751 139.6

7.561954602050703 11.896519360598194 142.0

7.327218156046212 12.55356219318232 152.4

7.095782940255272 11.896519360598194 151.6

6.92118402159682 10.50567553578633 140.5

6.671927444619696 11.021844507047684 140.6

6.503278299959625 10.808714619498407 144.1

6.320734979764465 8.815689384660848 144.7

6.17660320905649 9.63006452545717 153.9

6.066919658656898 11.194331339272589 143.8

5.940515768037479 9.63006452545717 156.9

5.748376531983191 10.122917722707129 154.1

5.649747311663239 7.8738326543047545 155.2

5.599381052787056 7.8738326543047545 156.8

5.4454694575417175 7.87642409851138 163.5

5.38840435445835 7.87642409851138 163.0

5.28784374458835 8.577806834697329 166.2

5.212001900352126 7.834199810235205 163.5

5.066589697818099 7.934601226644778 166.3

4.963710621366115 7.934601226644778 162.3

4.835755254094989 9.27082461772172 164.3

4.764648965828513 7.934601226644778 163.2

4.766748981748328 7.934601226644778 165.3

4.71144280060787 7.934601226644778 173.2

4.674184486722578 8.539722338276743 172.9

4.564670540622947 8.539722338276743 171.8

4.50405129915797 8.539722338276743 170.0

4.436869615586792 7.9010160891499535 168.9

4.421242621794123 7.531819130822882 168.1

4.379603253442535 7.531819130822882 171.3

4.3151614197447845 7.872200677038371 169.9

4.287086677317008 7.5056545233653456 170.6

4.272035617867884 7.5056545233653456 173.5

4.200970802913512 7.522979406824281 173.4

4.138896059519149 7.2766156438466245 175.2

4.155514226202335 7.352950976477079 174.0

4.117288049917026 7.352950976477079 173.8

4.099970357597633 7.289490887610192 175.2

4.0760328794537894 8.025832142487578 183.6

4.013986227886612 8.105162791364808 186.6

3.9957101520928804 8.105162791364808 184.2

4.009228538930724 8.27867340926864 185.4

4.004651847500925 8.314193713205325 190.5

3.9987505394688547 7.827955134533636 189.0

3.982174380296853 7.673059389832583 188.6

3.8879840889088193 7.568791786061211 190.2

3.8463616162363863 8.0812439374325 184.5

3.84528548540291 7.409731603737824 188.6

3.801481900743223 7.180376664086873 188.5

3.782864233027926 7.107464126675714 188.2

3.765227762202032 8.0812439374325 188.5

3.766792325936737 8.0812439374325 188.9

3.7375031333872557 7.278529882221887 190.7

3.7157273715997965 7.254964229925276 195.6

3.7120131085764556 7.254964229925276 196.1

3.6741425854589536 7.211845093806453 196.0

3.6665051579189814 7.273889121811145 191.1

3.667231615932465 7.211845093806453 190.0

3.6313146244511665 7.302608333909748 191.6

3.627914443670253 7.302608333909748 192.2

3.5987939659427433 7.083172284478836 196.3

3.5883256095136793 8.04828455070608 195.1

3.5682163489175585 7.1628856083779855 193.9

3.571712909394511 8.049198903460523 191.9

3.5399418525254753 7.058236512095499 194.9

3.5182884548473567 7.043322996859279 195.1

3.4978634360438887 7.043322996859279 196.4

3.498862791321515 7.52079674146129 196.5

3.4881110879930346 6.986008657428574 195.9

3.477522080103939 6.986008657428574 195.0

3.444777136868505 7.010451147391942 197.7

3.421856073100794 7.032766188950919 192.2

3.413567701717047 7.032766188950919 192.3

3.376007741894997 7.032766188950919 198.4

3.3532469770018762 7.023583364651146 197.2

3.3733817719950436 7.715602629591019 199.1

3.3664143922287453 6.923204143176637 198.6

