3.7991005946215393 4.2410607064887715 127 29863

0.18995312694849043 0.30120118699153897 226 35591

0.8684811384931135 8.849240315428553 155 39096

1.9363114974394233 2.2952510081661797 99 32302

1.8599913899400553 4.396363602066582 98 29905

1.3943517242191588 2.6065675794911627 185 32805

2.2274004264675025 3.0853423731811565 155 33302

0.7276442960032168 40.162925013870336 208 35708

1.5261853318014675 2.7848098543204705 121 23099

2.271727795629298 3.7916886337748443 223 34254

0.7579974256260771 2.665300341067291 181 30295

0.9911489631507084 1.335499759443878 153 30815

1.712071568052024 5.830448518173046 191 24529

1.642552654006784 1.8063623242680924 258 35650

3.3132283785289856 11.482382478546583 199 28123

2.389435724069508 2.3961779303787982 223 38693

1.5665916366072432 1.6912885419027543 232 23913

1.3470162669087 18.76198506410757 169 28835

1.1913198614395606 1.5256465959852097 164 27771

1.339413528924239 9.129483834576929 189 28070

