59.20994940739555 55.080098823280025 16.3

48.78059921752403 48.69068320108339 18.4

44.26212867234889 48.69068320108339 30.7

35.15617595906964 35.62544940114623 44.5

25.762757865109904 30.10426515810355 51.25

22.595817259653355 25.17147077745365 63.9

19.63505206825393 23.20685182172264 58.25

17.359310726657846 23.715288969919705 54.5

14.488173515489375 17.541831661290125 51.95

13.141668043267575 17.19896260446414 62.9

11.444495077463328 16.563238831104847 61.35

10.083318143570814 14.210804262088613 78.0

9.465468393052774 11.768465322369398 86.15

8.443625977263073 11.456838386640191 90.4

7.707265422417284 11.65162565255626 92.4

7.079789931342484 11.496198263846834 98.85

6.497833170944768 9.775665739435276 107.45

6.14926740044622 9.775665739435276 103.9

5.7107792610774615 9.329743172416471 111.95

5.469884270290708 8.34030000490477 114.4

5.243600243778565 6.70649060397073 118.15

4.928345499029303 5.996773696248969 115.7

4.669890046713793 5.963072880015774 116.05

4.5727270301115865 5.626146063055593 112.65

4.3909372401102065 5.83114762151125 117.35

4.174069492211291 5.670597265058038 115.9

4.064945603143367 6.137920461409729 112.65

4.000761341123499 5.513967624487146 120.4

3.858834194895146 5.2990242948306525 120.5

3.770900576443567 5.16509074928255 116.25

3.6275767207252754 5.2223697475699105 129.6

3.457351817452236 5.011221203728175 124.5

3.2898190215410827 5.070918588083236 127.35

3.2713900972861625 5.2498087616685325 129.5

3.244372249800917 5.429039978209749 127.3

3.1789060752606284 5.236527046210037 129.55

3.150761582339716 4.9234699696198465 133.85

3.063550102862078 4.9234699696198465 131.7

3.0133932168227826 4.598869921446007 127.3

2.984387507855936 4.880129409010752 135.65

2.942156314022749 4.880129409010752 136.45

2.913989060389933 4.755892448220297 132.95

2.837697524430931 4.598869921446007 132.8

2.7819870768316646 4.598869921446007 138.6

2.747336873245433 4.598869921446007 139.0

2.704140772161334 4.598869921446007 142.35

2.6868802461478296 4.755892448220297 146.8

2.6151947678594136 4.7110207845299925 147.1

2.5825047155427128 4.6435952847352615 150.6

2.569290735659632 4.574877365414861 152.0

2.4735610457739403 4.3560741587957645 146.7

2.44136794209436 4.565694478455677 147.35

2.414309619991981 4.4905897310682255 150.0

2.402121403848409 4.267273714503514 150.95

2.365423113496966 4.142970301509332 148.55

2.310021605174154 4.433447067380289 156.8

2.287111293768177 4.202534272235808 157.6

2.297309376416149 4.110684757311139 154.25

2.271451424937465 4.110684757311139 150.9

2.2157200851541923 4.274845071075149 151.4

2.1785357442522195 4.274845071075149 152.1

2.157489237417767 3.7733539742534057 154.7

2.1473854159814243 3.8600788179897303 156.25

2.108262791770553 3.8600788179897303 155.5

2.0851684709103293 3.9445695331736776 162.25

2.0607784344558335 3.9713752586278432 158.7

2.0701602360020654 3.806028776709295 157.1

2.0396289503410463 3.7960682481875527 161.5

2.021987343025451 3.8683639676792057 162.45

2.0143492492060617 4.13262108969184 162.8

2.0041853364205795 3.8920108669401268 163.65

1.9857677039601913 3.661283946536799 165.15

1.929872761160715 3.6717763230756795 166.5

1.913873375553991 3.5242241821704168 166.4

1.9023545866850846 3.803903246979856 164.8

1.9099474888924373 3.860494764235654 163.35

1.8786567626683843 3.852542216312909 163.6

1.852661032352405 3.6914911049740535 165.7

1.8329369053328162 3.669071296476462 169.35

1.815149255362795 3.669071296476462 167.95

1.807469809876348 3.662502752862186 169.65

1.8019180643268207 3.662502752862186 170.65

1.7954893657494573 3.675691493333613 171.95

1.7823817555634283 3.662502752862186 174.0

1.7770019907461314 3.36907900033452 170.0

1.7718357749232603 3.36907900033452 173.0

1.762432719986722 3.7510300902787064 175.8

1.7440737504212174 3.3537680929690525 176.45

1.741855681075154 3.7075509424471105 175.05

1.7359869805560186 3.8140550183314237 173.85

1.7355847904392974 3.9227986206103775 179.65

1.7209744998410614 3.7916886337748443 178.7

1.7083354230715835 3.576787660210039 182.25

1.7111269371633984 3.355371961194826 186.65

1.7078432942223174 3.355371961194826 179.2

1.6970364619043845 3.355371961194826 179.4

1.6936720523551787 3.355371961194826 174.7

1.688299942322783 3.0930262823041508 178.65

1.6818136595494058 3.0853423731811565 178.95

1.679559667040922 3.0853423731811565 178.65

