2.9214482348242887;0.0709518031335955;265;11840472 ;
5.164402700943403;0.05565714601968242;146;13158832 ;
3.526076852516935;0.03994628482800099;147;9864856 ;
24.267568222690663;0.25717038940661546;204;9219472 ;
27.60710804524642;0.28785268574412554;264;10776168 ;
9.126436416790309;0.09825246745515442;309;7950992 ;
16.49769061677968;0.16958110989076872;190;12071016 ;
22.748453896479056;0.23855290283421482;160;8507528 ;
12.107032803660447;0.12514128276883857;104;11062896 ;
0.012571971423958828;2.2700575146086533E-4;150;11975264 ;
2.0784887280098223;0.019642341899040353;140;7759584 ;
30.855086272254688;0.31455570263331284;246;13191080 ;
30.363702198717533;0.3192175244465166;199;7832968 ;
10.922437532294891;0.11823569837812986;237;11748984 ;
8.606913167969747;0.09255704351683985;228;11506368 ;
19.89104083974042;0.20635342976551752;173;11186832 ;
3.696634545148607;0.04479555959423064;225;10796800 ;
39.66538299696787;0.40632593231719716;194;6085376 ;
27.03538692617083;0.27553506022939095;204;8513648 ;
9.643892475776035;0.10038745774314832;127;12231976 ;
14.643608766761767;0.18328568558007363;229;10045816 ;
2.3435532141355933;0.025640705288028677;176;5648224 ;
4.95626733479992;0.050935929518407946;167;10790928 ;
15.874726080035144;0.16189279530733403;147;11546632 ;
8.208181687125052;0.0859664774884254;203;11344872 ;
10.605192942303232;0.10986832987638684;159;6408136 ;
1.2197109614938588;0.0123707203690401;219;10357456 ;
2.1511109165690003;0.027310862731163944;178;10957576 ;
12.296219529973374;0.13310798847257635;191;12682040 ;
8.042985384184327;0.08347899050138015;158;9622816 ;
Average---
12.902643742059556
Average test---
0.1371599104496199
Average size---
191.3
; Time: 393779--
 00 hours, 06 mins, 33 seconds
