0.5978260167550076;2.2339347612787988;246;11204096 ;
0.5426878006678452;4.125929161723198;143;11795808 ;
0.2988783388943426;1.1722101650168741;144;8623176 ;
0.5711467923492365;7.761190134079353;144;11758248 ;
0.7547256314027064;6.527132185230689;152;11009936 ;
0.9906379249070894;21.808981346036834;157;8859656 ;
0.4608018350958115;3.6172930546393847;165;7862608 ;
1.0804600814088203;39.33340711162997;251;14403760 ;
0.8776112391772095;11.0189897531432;173;10684744 ;
0.37108620895408256;5.859403921239431;171;4719560 ;
0.5007858347792522;16.124267084652463;180;7881648 ;
0.5740458372002217;2.384471086836572;200;13406568 ;
0.6127341223445317;5.400380885906035;240;10851264 ;
0.376676323484278;11.068142843424951;188;11373768 ;
0.4685013663164431;5.388477838987813;142;9043256 ;
0.9142760719039784;15.77577352917393;162;14353592 ;
0.6279136731572232;21.970956067713846;155;6799120 ;
0.7245993428005775;28.53124991187841;249;9358120 ;
0.7242090901470657;14.85125270901311;139;7031328 ;
0.6909410207036648;27.25285307097638;183;10576536 ;
0.6375978330191021;5.370900557204177;184;5150624 ;
0.3076404684376932;1.2555332956444236;117;5400112 ;
0.3584507349178284;2.213881348900319;142;8763336 ;
0.2379001676402758;3.171994807561356;159;3402504 ;
0.43271070559540237;8.89949266490014;218;12418072 ;
0.3181174817415283;4.391924086273546;274;9816912 ;
0.4825634791877403;1.7614010797606816;168;13815416 ;
0.21837559507749582;1.0550432899799334;146;11442584 ;
0.6678107373134162;8.413685376860943;199;7429944 ;
0.6331578720967672;26.528124974845273;299;16128280 ;
Average---
0.5684956542492213
Average test---
10.508942603483735
Average size---
183.0
; Time: 141426--
 00 hours, 02 mins, 21 seconds
