1 17 5 0 0.000 0.000 0.314 -0.254 1
1 17 5 1 0.000 0.059 -0.419 0.482 0
1 17 5 2 0.125 0.118 -0.598 0.570 1
1 17 5 3 0.125 0.176 0.121 -0.015 0
1 17 5 4 0.125 0.235 0.081 -0.029 0
1 17 5 5 0.125 0.294 0.000 -0.376 0
1 17 5 6 0.250 0.353 0.081 -0.209 1
1 17 5 7 0.250 0.412 0.276 -0.292 0
1 17 5 8 0.250 0.471 0.571 -0.406 0
1 17 5 9 0.375 0.529 -0.898 0.881 0
1 17 5 10 0.500 0.588 0.239 -0.229 1
1 17 5 11 0.500 0.647 -0.276 0.434 0
1 17 5 12 0.625 0.706 -0.483 0.411 1
1 17 5 13 0.625 0.765 0.483 -0.452 0
1 17 5 14 0.750 0.824 0.041 -0.344 0
1 17 5 15 0.750 0.882 0.314 -0.299 0
1 17 5 16 0.750 0.941 0.121 -0.400 0
2 23 7 0 0.000 0.000 -0.668 0.608 1
2 23 7 1 0.000 0.043 0.624 -0.651 0
2 23 7 2 0.067 0.087 -0.263 0.119 1
2 23 7 3 0.133 0.130 -0.777 0.778 0
2 23 7 4 0.200 0.174 0.038 -0.003 1
2 23 7 5 0.200 0.217 0.400 -0.130 0
2 23 7 6 0.200 0.261 0.574 -0.506 0
2 23 7 7 0.267 0.304 -0.462 0.591 0
2 23 7 8 0.333 0.348 -0.574 0.313 1
2 23 7 9 0.400 0.391 0.367 -0.529 1
2 23 7 10 0.400 0.435 -0.462 0.692 0
2 23 7 11 0.467 0.478 -0.077 0.189 0
2 23 7 12 0.467 0.522 0.227 -0.186 1
2 23 7 13 0.533 0.565 -0.492 0.260 1
2 23 7 14 0.533 0.609 0.263 -0.396 0
2 23 7 15 0.600 0.652 0.263 -0.136 0
2 23 7 16 0.600 0.696 0.077 -0.085 0
2 23 7 17 0.667 0.739 -0.077 0.145 0
2 23 7 18 0.733 0.783 -0.646 0.433 0
2 23 7 19 0.800 0.826 0.624 -0.627 0
2 23 7 20 0.800 0.870 0.227 -0.425 0
2 23 7 21 0.867 0.913 0.153 -0.309 0
2 23 7 22 0.867 0.957 0.190 -0.373 0
3 17 4 0 0.000 0.000 -0.555 0.391 0
3 17 4 1 0.077 0.059 -0.190 0.267 1
3 17 4 2 0.154 0.118 -0.096 0.322 0
3 17 4 3 0.231 0.176 -0.521 0.631 0
3 17 4 4 0.308 0.235 -0.096 -0.174 1
3 17 4 5 0.308 0.294 -0.048 0.546 0
3 17 4 6 0.385 0.353 -0.281 0.592 0
3 17 4 7 0.385 0.412 0.587 -0.641 0
3 17 4 8 0.462 0.471 0.766 -0.696 0
3 17 4 9 0.538 0.529 -0.325 0.159 1
3 17 4 10 0.615 0.588 -0.699 0.209 1
3 17 4 11 0.692 0.647 0.723 -0.731 0
3 17 4 12 0.692 0.706 -0.325 0.004 0
3 17 4 13 0.769 0.765 0.236 -0.378 0
3 17 4 14 0.769 0.824 0.048 -0.104 0
3 17 4 15 0.846 0.882 0.143 -0.221 0
3 17 4 16 0.846 0.941 -0.143 0.018 0
4 22 5 0 0.000 0.000 0.621 -0.603 0
4 22 5 1 0.000 0.045 0.588 -0.596 0
4 22 5 2 0.083 0.091 -0.680 0.511 1
4 22 5 3 0.167 0.136 0.435 -0.411 0
4 22 5 4 0.167 0.182 -0.553 0.637 0
4 22 5 5 0.250 0.227 -0.680 0.576 1
4 22 5 6 0.250 0.273 -0.154 -0.263 0
4 22 5 7 0.333 0.318 0.052 0.178 0
4 22 5 8 0.333 0.364 0.103 -0.115 0
4 22 5 9 0.417 0.409 -0.516 0.221 1
4 22 5 10 0.417 0.455 0.477 -0.639 0
4 22 5 11 0.500 0.500 -0.621 0.521 1
4 22 5 12 0.583 0.545 0.553 -0.655 0
4 22 5 13 0.583 0.591 -0.052 -0.464 0
4 22 5 14 0.583 0.636 0.103 -0.007 0
4 22 5 15 0.583 0.682 0.204 -0.242 0
4 22 5 16 0.667 0.727 -0.254 0.462 0
4 22 5 17 0.667 0.773 -0.516 0.447 0
4 22 5 18 0.750 0.818 0.301 0.104 1
4 22 5 19 0.750 0.864 -0.435 0.545 0
4 22 5 20 0.833 0.909 -0.154 0.202 0
4 22 5 21 0.833 0.955 0.435 -0.337 0
5 29 9 0 0.000 0.000 0.635 -0.701 1
5 29 9 1 0.000 0.034 -0.358 0.367 1
5 29 9 2 0.053 0.069 0.635 -0.676 0
5 29 9 3 0.105 0.103 -0.256 0.069 0
5 29 9 4 0.105 0.138 0.390 -0.249 0
5 29 9 5 0.158 0.172 -0.037 0.005 1
5 29 9 6 0.211 0.207 -0.452 0.249 0
5 29 9 7 0.263 0.241 0.537 -0.561 1
5 29 9 8 0.263 0.276 -0.325 -0.114 0
5 29 9 9 0.316 0.310 -0.767 0.746 1
5 29 9 10 0.368 0.345 0.037 0.008 0
5 29 9 11 0.368 0.379 -0.291 0.282 0
5 29 9 12 0.421 0.414 -0.635 0.743 0
5 29 9 13 0.474 0.448 0.588 -0.504 0
5 29 9 14 0.526 0.483 -0.481 0.485 1
5 29 9 15 0.579 0.517 0.635 -0.723 1
5 29 9 16 0.579 0.552 0.037 -0.017 1
5 29 9 17 0.579 0.586 0.185 -0.001 0
5 29 9 18 0.632 0.621 0.037 0.163 0
5 29 9 19 0.632 0.655 -0.796 0.715 0
5 29 9 20 0.684 0.690 0.112 -0.253 0
5 29 9 21 0.737 0.724 0.537 -0.388 0
5 29 9 22 0.737 0.759 -0.358 0.358 0
5 29 9 23 0.789 0.793 -0.452 0.148 0
5 29 9 24 0.842 0.828 0.185 -0.283 1
5 29 9 25 0.842 0.862 -0.149 0.264 0
5 29 9 26 0.895 0.897 0.037 0.400 0
5 29 9 27 0.895 0.931 0.256 -0.379 0
5 29 9 28 0.895 0.966 0.000 -0.199 0
6 9 2 0 0.000 0.000 0.414 -0.346 1
6 9 2 1 0.111 0.111 0.000 -0.210 0
6 9 2 2 0.222 0.222 0.391 -0.271 0
6 9 2 3 0.333 0.333 -0.541 0.403 0
6 9 2 4 0.444 0.444 -0.110 0.172 1
6 9 2 5 0.444 0.556 -0.137 0.226 0
6 9 2 6 0.556 0.667 -0.769 0.792 0
6 9 2 7 0.667 0.778 0.579 -0.547 0
6 9 2 8 0.778 0.889 0.137 -0.415 0
7 27 8 0 0.000 0.000 -0.688 0.733 1
7 27 8 1 0.077 0.037 0.198 -0.292 0
7 27 8 2 0.077 0.074 0.567 -0.533 0
7 27 8 3 0.077 0.111 0.236 -0.456 0
7 27 8 4 0.154 0.148 -0.746 0.818 0
7 27 8 5 0.231 0.185 0.040 -0.073 1
7 27 8 6 0.231 0.222 0.510 -0.455 0
7 27 8 7 0.231 0.259 0.415 -0.465 0
7 27 8 8 0.308 0.296 -0.567 0.444 1
7 27 8 9 0.385 0.333 -0.040 -0.084 1
7 27 8 10 0.385 0.370 0.346 -0.547 0
7 27 8 11 0.385 0.407 -0.809 0.504 0
7 27 8 12 0.462 0.444 0.510 -0.465 1
7 27 8 13 0.462 0.481 0.236 -0.301 0
7 27 8 14 0.462 0.519 0.346 -0.345 0
7 27 8 15 0.462 0.556 0.448 -0.404 0
7 27 8 16 0.538 0.593 0.080 -0.048 1
7 27 8 17 0.538 0.630 0.198 -0.227 0
7 27 8 18 0.538 0.667 0.311 -0.216 0
7 27 8 19 0.615 0.704 0.080 -0.016 1
7 27 8 20 0.615 0.741 -0.080 0.058 0
7 27 8 21 0.692 0.778 -0.539 0.627 0
7 27 8 22 0.692 0.815 0.000 -0.214 0
7 27 8 23 0.769 0.852 -0.415 0.358 1
7 27 8 24 0.769 0.889 0.040 0.009 0
7 27 8 25 0.846 0.926 -0.708 0.734 0
7 27 8 26 0.846 0.963 -0.236 0.247 0
8 26 7 0 0.000 0.000 -0.533 0.379 1
8 26 7 1 0.000 0.038 0.506 -0.455 0
8 26 7 2 0.067 0.077 -0.608 0.393 0
8 26 7 3 0.133 0.115 -0.074 0.236 1
8 26 7 4 0.133 0.154 -0.653 0.405 0
8 26 7 5 0.200 0.192 -0.478 0.439 1
8 26 7 6 0.267 0.231 -0.148 0.130 0
8 26 7 7 0.333 0.269 0.323 -0.426 0
8 26 7 8 0.333 0.308 0.419 -0.530 0
8 26 7 9 0.333 0.346 0.533 -0.487 0
8 26 7 10 0.400 0.385 -0.506 0.082 0
8 26 7 11 0.467 0.423 0.355 -0.304 1
8 26 7 12 0.467 0.462 0.608 -0.521 0
8 26 7 13 0.467 0.500 -0.219 0.271 0
8 26 7 14 0.533 0.538 0.219 -0.265 1
8 26 7 15 0.533 0.577 0.506 -0.453 0
8 26 7 16 0.533 0.615 0.506 -0.584 0
8 26 7 17 0.533 0.654 0.559 -0.514 0
8 26 7 18 0.600 0.692 -0.584 0.805 1
8 26 7 19 0.600 0.731 0.219 -0.059 0
8 26 7 20 0.667 0.769 0.184 -0.204 0
8 26 7 21 0.667 0.808 -0.419 -0.011 0
8 26 7 22 0.733 0.846 -0.184 0.352 1
8 26 7 23 0.800 0.885 -0.289 0.124 0
8 26 7 24 0.800 0.923 0.000 -0.071 0
8 26 7 25 0.867 0.962 -0.730 0.849 0
9 32 8 0 0.000 0.000 0.464 -0.611 1
9 32 8 1 0.000 0.031 0.224 -0.297 1
9 32 8 2 0.077 0.063 0.350 -0.136 0
9 32 8 3 0.077 0.094 0.091 -0.110 0
9 32 8 4 0.077 0.125 0.267 -0.281 1
9 32 8 5 0.077 0.156 0.267 -0.316 0
9 32 8 6 0.154 0.188 -0.091 0.172 0
9 32 8 7 0.154 0.219 -0.224 0.238 1
9 32 8 8 0.231 0.250 -0.744 0.665 0
9 32 8 9 0.231 0.281 0.499 -0.446 1
9 32 8 10 0.308 0.313 0.091 -0.164 0
9 32 8 11 0.308 0.344 0.389 -0.475 0
9 32 8 12 0.308 0.375 -0.267 0.291 0
9 32 8 13 0.385 0.406 -0.309 0.445 0
9 32 8 14 0.385 0.438 -0.267 0.314 0
9 32 8 15 0.385 0.469 -0.879 0.855 0
9 32 8 16 0.462 0.500 0.091 -0.262 0
9 32 8 17 0.462 0.531 0.136 -0.305 0
9 32 8 18 0.462 0.563 0.595 -0.568 0
9 32 8 19 0.462 0.594 -0.046 -0.119 0
9 32 8 20 0.462 0.625 0.676 -0.682 0
9 32 8 21 0.538 0.656 0.499 -0.336 0
9 32 8 22 0.538 0.688 -0.136 -0.196 1
9 32 8 23 0.538 0.719 0.427 -0.472 0
9 32 8 24 0.615 0.750 -0.532 0.339 0
9 32 8 25 0.615 0.781 0.224 -0.004 0
9 32 8 26 0.615 0.813 -0.136 -0.174 1
9 32 8 27 0.692 0.844 -0.046 0.040 1
9 32 8 28 0.692 0.875 -0.136 0.093 0
9 32 8 29 0.769 0.906 -0.723 0.694 0
9 32 8 30 0.846 0.938 -0.676 0.756 0
9 32 8 31 0.846 0.969 -0.389 0.491 0
10 11 3 0 0.000 0.000 -0.447 0.652 1
10 11 3 1 0.167 0.091 0.447 -0.278 0
10 11 3 2 0.167 0.182 0.120 -0.226 0
10 11 3 3 0.167 0.273 0.346 -0.449 0
10 11 3 4 0.167 0.364 0.398 -0.442 0
10 11 3 5 0.333 0.455 0.000 -0.011 0
10 11 3 6 0.333 0.545 -0.292 0.380 0
10 11 3 7 0.500 0.636 0.000 -0.039 1
10 11 3 8 0.500 0.727 0.494 -0.665 0
10 11 3 9 0.500 0.818 -0.835 0.655 0
10 11 3 10 0.667 0.909 -0.346 0.348 1
11 28 8 0 0.000 0.000 0.096 -0.017 1
11 28 8 1 0.000 0.036 0.191 -0.056 1
11 28 8 2 0.000 0.071 0.064 -0.040 0
11 28 8 3 0.000 0.107 -0.340 0.148 1
11 28 8 4 0.143 0.143 0.368 -0.419 0
11 28 8 5 0.143 0.179 -0.499 0.647 1
11 28 8 6 0.143 0.214 -0.128 0.349 0
11 28 8 7 0.286 0.250 0.282 -0.216 0
11 28 8 8 0.286 0.286 0.311 -0.357 0
11 28 8 9 0.286 0.321 -0.160 0.092 0
11 28 8 10 0.286 0.357 0.368 -0.362 0
11 28 8 11 0.286 0.393 0.128 -0.210 0
11 28 8 12 0.286 0.429 -0.160 0.175 0
11 28 8 13 0.286 0.464 0.545 -0.543 1
11 28 8 14 0.286 0.500 0.311 -0.230 0
11 28 8 15 0.286 0.536 0.423 -0.405 0
11 28 8 16 0.286 0.571 -0.252 0.327 1
11 28 8 17 0.286 0.607 -0.701 0.633 0
11 28 8 18 0.429 0.643 0.191 -0.235 0
11 28 8 19 0.429 0.679 0.252 -0.245 0
11 28 8 20 0.429 0.714 0.610 -0.613 0
11 28 8 21 0.429 0.750 0.610 -0.593 1
11 28 8 22 0.429 0.786 -0.799 0.659 0
11 28 8 23 0.571 0.821 -0.032 0.142 0
11 28 8 24 0.571 0.857 -0.896 0.919 0
11 28 8 25 0.571 0.893 0.064 -0.076 0
11 28 8 26 0.571 0.929 -0.160 -0.281 1
11 28 8 27 0.714 0.964 -0.191 0.112 0
12 26 7 0 0.000 0.000 -0.400 0.788 1
12 26 7 1 0.000 0.038 -0.209 0.365 1
12 26 7 2 0.063 0.077 -0.630 0.205 0
12 26 7 3 0.063 0.115 -0.630 0.038 0
12 26 7 4 0.125 0.154 -0.661 0.257 0
12 26 7 5 0.188 0.192 -0.444 0.533 0
12 26 7 6 0.250 0.231 0.259 -0.406 0
12 26 7 7 0.250 0.269 -0.308 0.072 0
12 26 7 8 0.250 0.308 0.355 -0.093 0
12 26 7 9 0.313 0.346 -0.444 -0.005 0
12 26 7 10 0.375 0.385 0.053 -0.252 0
12 26 7 11 0.438 0.423 0.690 -0.561 0
12 26 7 12 0.500 0.462 -0.053 0.500 1
12 26 7 13 0.500 0.500 0.400 -0.259 0
12 26 7 14 0.500 0.538 0.485 -0.517 0
12 26 7 15 0.500 0.577 -0.106 0.032 0
12 26 7 16 0.563 0.615 0.444 -0.265 1
12 26 7 17 0.625 0.654 0.355 -0.060 0
12 26 7 18 0.625 0.692 0.630 -0.644 0
12 26 7 19 0.625 0.731 0.209 -0.594 0
12 26 7 20 0.688 0.769 -0.485 0.360 1
12 26 7 21 0.688 0.808 0.485 -0.549 0
12 26 7 22 0.750 0.846 0.444 -0.619 0
12 26 7 23 0.750 0.885 -0.209 0.326 1
12 26 7 24 0.813 0.923 -0.661 0.684 0
12 26 7 25 0.875 0.962 -0.400 0.554 1
13 17 5 0 0.000 0.000 0.384 -0.337 1
13 17 5 1 0.000 0.059 -0.543 0.475 1
13 17 5 2 0.111 0.118 0.257 -0.275 0
13 17 5 3 0.111 0.176 0.200 -0.214 0
13 17 5 4 0.111 0.235 0.543 -0.433 0
13 17 5 5 0.222 0.294 -0.451 0.523 1
13 17 5 6 0.333 0.353 -0.467 0.516 0
13 17 5 7 0.333 0.412 0.513 -0.445 0
13 17 5 8 0.333 0.471 0.101 0.111 0
13 17 5 9 0.444 0.529 -0.384 0.501 1
13 17 5 10 0.444 0.588 -0.866 0.864 0
13 17 5 11 0.556 0.647 0.121 -0.318 0
13 17 5 12 0.667 0.706 -0.040 -0.226 0
13 17 5 13 0.667 0.765 -0.081 -0.262 0
13 17 5 14 0.778 0.824 0.121 -0.213 0
13 17 5 15 0.778 0.882 0.483 -0.394 0
13 17 5 16 0.778 0.941 0.418 -0.366 1
14 29 8 0 0.000 0.000 -0.663 0.754 1
14 29 8 1 0.000 0.034 0.235 -0.176 0
14 29 8 2 0.100 0.069 0.445 -0.510 1
14 29 8 3 0.100 0.103 0.413 -0.310 0
14 29 8 4 0.100 0.138 0.507 -0.359 0
14 29 8 5 0.100 0.172 0.309 -0.362 0
14 29 8 6 0.100 0.207 0.158 -0.146 0
14 29 8 7 0.100 0.241 0.197 -0.071 0
14 29 8 8 0.100 0.276 -0.725 0.818 0
14 29 8 9 0.100 0.310 -0.158 0.278 0
14 29 8 10 0.200 0.345 0.272 -0.259 1
14 29 8 11 0.200 0.379 -0.272 0.358 0
14 29 8 12 0.300 0.414 0.507 -0.393 1
14 29 8 13 0.300 0.448 -0.663 0.826 0
14 29 8 14 0.300 0.483 0.272 -0.158 0
14 29 8 15 0.300 0.517 0.445 -0.465 0
14 29 8 16 0.300 0.552 0.235 -0.141 0
14 29 8 17 0.400 0.586 0.536 -0.469 1
14 29 8 18 0.400 0.621 -0.197 0.192 0
14 29 8 19 0.400 0.655 0.040 0.195 0
14 29 8 20 0.400 0.690 -0.158 0.106 0
14 29 8 21 0.500 0.724 -0.507 0.561 1
14 29 8 22 0.500 0.759 0.158 -0.414 0
14 29 8 23 0.600 0.793 -0.725 0.255 1
14 29 8 24 0.600 0.828 0.080 -0.389 0
14 29 8 25 0.700 0.862 -0.158 -0.388 0
14 29 8 26 0.700 0.897 -0.272 -0.232 0
14 29 8 27 0.700 0.931 0.272 -0.447 0
14 29 8 28 0.800 0.966 -0.845 0.569 1
15 31 9 0 0.000 0.000 0.734 -0.769 1
15 31 9 1 0.048 0.032 -0.805 0.351 0
15 31 9 2 0.095 0.065 0.174 -0.111 1
15 31 9 3 0.095 0.097 0.437 -0.621 1
15 31 9 4 0.095 0.129 0.117 -0.241 0
15 31 9 5 0.095 0.161 0.388 -0.555 0
15 31 9 6 0.095 0.194 0.058 -0.472 0
15 31 9 7 0.143 0.226 0.058 -0.222 1
15 31 9 8 0.190 0.258 0.337 -0.254 0
15 31 9 9 0.238 0.290 0.058 -0.290 0
15 31 9 10 0.238 0.323 -0.567 0.323 0
15 31 9 11 0.286 0.355 0.058 -0.058 0
15 31 9 12 0.333 0.387 -0.058 0.320 0
15 31 9 13 0.381 0.419 -0.117 0.343 0
15 31 9 14 0.429 0.452 -0.117 0.291 0
15 31 9 15 0.476 0.484 0.759 -0.736 1
15 31 9 16 0.524 0.516 -0.058 0.270 1
15 31 9 17 0.524 0.548 -0.606 0.712 0
15 31 9 18 0.571 0.581 0.174 0.002 1
15 31 9 19 0.571 0.613 0.388 -0.286 0
15 31 9 20 0.619 0.645 -0.174 0.412 0
15 31 9 21 0.619 0.677 -0.058 -0.357 0
15 31 9 22 0.667 0.710 -0.437 0.563 0
15 31 9 23 0.714 0.742 0.117 0.043 0
15 31 9 24 0.714 0.774 -0.285 0.079 0
15 31 9 25 0.762 0.806 0.526 -0.357 1
15 31 9 26 0.762 0.839 -0.483 0.646 0
15 31 9 27 0.810 0.871 -0.675 0.534 1
15 31 9 28 0.857 0.903 0.437 -0.015 0
15 31 9 29 0.857 0.935 0.230 -0.291 0
15 31 9 30 0.905 0.968 -0.783 0.741 0
16 34 10 0 0.000 0.000 0.707 -0.659 0
16 34 10 1 0.042 0.029 -0.398 0.560 1
16 34 10 2 0.083 0.059 -0.398 0.285 1
16 34 10 3 0.125 0.088 -0.077 0.005 0
16 34 10 4 0.125 0.118 0.152 -0.440 0
16 34 10 5 0.125 0.147 0.760 -0.768 0
16 34 10 6 0.167 0.176 -0.152 0.183 1
16 34 10 7 0.167 0.206 -0.226 0.288 0
16 34 10 8 0.208 0.235 0.688 -0.722 1
16 34 10 9 0.250 0.265 -0.262 0.415 1
16 34 10 10 0.250 0.294 -0.366 0.168 0
16 34 10 11 0.292 0.324 -0.667 0.691 1
16 34 10 12 0.333 0.353 -0.547 0.396 0
16 34 10 13 0.375 0.382 0.573 -0.521 0
16 34 10 14 0.417 0.412 -0.262 0.479 1
16 34 10 15 0.458 0.441 -0.547 0.556 0
16 34 10 16 0.500 0.471 -0.152 0.041 0
16 34 10 17 0.500 0.500 -0.115 -0.142 0
16 34 10 18 0.542 0.529 0.688 -0.588 0
16 34 10 19 0.583 0.559 0.152 0.066 1
16 34 10 20 0.583 0.588 0.189 -0.115 0
16 34 10 21 0.625 0.618 -0.366 0.483 1
16 34 10 22 0.625 0.647 0.152 -0.199 0
16 34 10 23 0.667 0.676 -0.430 0.450 0
16 34 10 24 0.708 0.706 0.744 -0.747 0
16 34 10 25 0.750 0.735 -0.189 0.029 1
16 34 10 26 0.792 0.765 0.573 -0.478 0
16 34 10 27 0.792 0.794 -0.398 0.487 0
16 34 10 28 0.833 0.824 -0.226 0.293 0
16 34 10 29 0.833 0.853 -0.152 -0.198 0
16 34 10 30 0.875 0.882 -0.189 0.044 0
16 34 10 31 0.875 0.912 -0.622 0.477 0
16 34 10 32 0.917 0.941 0.262 -0.329 0
16 34 10 33 0.917 0.971 -0.038 -0.053 0
17 28 7 0 0.000 0.000 -0.090 0.256 0
17 28 7 1 0.111 0.036 -0.178 0.042 1
17 28 7 2 0.222 0.071 0.134 -0.367 1
17 28 7 3 0.222 0.107 -0.264 0.240 0
17 28 7 4 0.222 0.143 -0.045 0.368 0
17 28 7 5 0.222 0.179 0.306 -0.224 0
17 28 7 6 0.333 0.214 0.670 -0.633 1
17 28 7 7 0.333 0.250 -0.423 0.374 0
17 28 7 8 0.333 0.286 -0.264 0.262 1
17 28 7 9 0.444 0.321 0.178 0.060 0
17 28 7 10 0.444 0.357 0.459 -0.530 0
17 28 7 11 0.444 0.393 0.385 -0.428 0
17 28 7 12 0.444 0.429 -0.459 0.102 0
17 28 7 13 0.444 0.464 -0.423 0.306 1
17 28 7 14 0.556 0.500 0.494 -0.368 0
17 28 7 15 0.556 0.536 -0.931 0.941 0
17 28 7 16 0.556 0.571 -0.738 0.641 0
17 28 7 17 0.556 0.607 0.264 -0.297 1
17 28 7 18 0.667 0.643 -0.090 0.178 0
17 28 7 19 0.667 0.679 0.264 -0.454 0
17 28 7 20 0.667 0.714 0.589 -0.679 1
17 28 7 21 0.667 0.750 -0.264 0.043 0
17 28 7 22 0.778 0.786 0.222 0.211 0
17 28 7 23 0.778 0.821 -0.178 -0.037 0
17 28 7 24 0.778 0.857 0.090 -0.320 0
17 28 7 25 0.778 0.893 0.090 0.142 0
17 28 7 26 0.778 0.929 0.385 -0.217 0
17 28 7 27 0.778 0.964 0.264 -0.150 0
18 58 18 0 0.000 0.000 -0.314 0.431 0
18 58 18 1 0.045 0.017 0.228 -0.279 0
18 58 18 2 0.045 0.034 -0.506 0.480 0
18 58 18 3 0.045 0.052 0.228 -0.143 0
18 58 18 4 0.091 0.069 0.602 -0.562 0
18 58 18 5 0.136 0.086 -0.138 0.159 1
18 58 18 6 0.136 0.103 -0.789 0.765 0
18 58 18 7 0.182 0.121 0.540 -0.430 0
18 58 18 8 0.182 0.138 -0.093 -0.019 1
18 58 18 9 0.182 0.155 -0.395 0.344 0
18 58 18 10 0.182 0.172 -0.355 0.572 1
18 58 18 11 0.182 0.190 0.355 -0.174 0
18 58 18 12 0.227 0.207 0.184 -0.290 0
18 58 18 13 0.227 0.224 0.470 -0.564 0
18 58 18 14 0.227 0.241 -0.658 0.800 1
18 58 18 15 0.273 0.259 -0.602 0.584 0
18 58 18 16 0.318 0.276 0.631 -0.616 0
18 58 18 17 0.364 0.293 -0.540 0.427 1
18 58 18 18 0.364 0.310 -0.184 0.031 0
18 58 18 19 0.409 0.328 -0.730 0.703 0
18 58 18 20 0.409 0.345 -0.138 0.072 0
18 58 18 21 0.409 0.362 0.228 -0.448 0
18 58 18 22 0.455 0.379 -0.470 0.423 1
18 58 18 23 0.455 0.397 -0.228 0.225 1
18 58 18 24 0.500 0.414 0.602 -0.645 1
18 58 18 25 0.500 0.431 0.434 -0.322 1
18 58 18 26 0.500 0.448 -0.395 0.352 0
18 58 18 27 0.500 0.466 0.355 -0.428 0
18 58 18 28 0.545 0.483 -0.314 0.492 1
18 58 18 29 0.545 0.500 0.046 0.326 0
18 58 18 30 0.591 0.517 -0.572 0.541 1
18 58 18 31 0.591 0.534 -0.873 0.776 0
18 58 18 32 0.591 0.552 0.395 -0.427 0
18 58 18 33 0.636 0.569 -0.540 0.079 0
18 58 18 34 0.636 0.586 0.228 -0.244 0
18 58 18 35 0.636 0.603 -0.138 -0.346 0
18 58 18 36 0.636 0.621 0.434 -0.615 0
18 58 18 37 0.636 0.638 0.470 -0.485 0
18 58 18 38 0.682 0.655 -0.707 0.675 0
18 58 18 39 0.682 0.672 -0.184 -0.183 0
18 58 18 40 0.727 0.690 -0.046 0.109 1
18 58 18 41 0.727 0.707 0.434 -0.496 0
18 58 18 42 0.727 0.724 0.470 -0.506 0
18 58 18 43 0.727 0.741 0.314 -0.261 0
18 58 18 44 0.773 0.759 0.707 -0.705 0
18 58 18 45 0.818 0.776 -0.572 0.646 1
18 58 18 46 0.818 0.793 0.355 -0.339 1
18 58 18 47 0.818 0.810 -0.228 0.018 0
18 58 18 48 0.864 0.828 -0.314 -0.023 1
18 58 18 49 0.864 0.845 0.228 -0.289 0
18 58 18 50 0.864 0.862 0.314 -0.333 0
18 58 18 51 0.864 0.879 0.138 -0.069 0
18 58 18 52 0.864 0.897 0.395 -0.279 0
18 58 18 53 0.864 0.914 0.395 -0.253 1
18 58 18 54 0.909 0.931 0.000 0.313 0
18 58 18 55 0.909 0.948 -0.093 0.031 0
18 58 18 56 0.909 0.966 0.314 0.015 1
18 58 18 57 0.909 0.983 0.138 -0.298 1
19 44 13 0 0.000 0.000 -0.957 0.958 1
19 44 13 1 0.048 0.023 0.160 -0.237 0
19 44 13 2 0.048 0.045 0.283 -0.173 1
19 44 13 3 0.095 0.068 0.475 -0.313 0
19 44 13 4 0.143 0.091 0.032 -0.166 1
19 44 13 5 0.143 0.114 -0.341 0.477 1
19 44 13 6 0.190 0.136 -0.590 0.620 1
19 44 13 7 0.238 0.159 -0.475 0.689 1
19 44 13 8 0.286 0.182 -0.423 0.256 0
19 44 13 9 0.286 0.205 -0.191 -0.114 0
19 44 13 10 0.333 0.227 0.128 -0.228 0
19 44 13 11 0.333 0.250 0.450 -0.558 0
19 44 13 12 0.333 0.273 0.450 -0.481 0
19 44 13 13 0.381 0.295 0.128 -0.198 0
19 44 13 14 0.429 0.318 -0.668 0.692 0
19 44 13 15 0.476 0.341 -0.859 0.647 1
19 44 13 16 0.524 0.364 0.523 -0.461 1
19 44 13 17 0.571 0.386 -0.128 0.031 0
19 44 13 18 0.571 0.409 0.546 -0.588 0
19 44 13 19 0.571 0.432 0.397 -0.304 0
19 44 13 20 0.571 0.455 0.500 -0.573 0
19 44 13 21 0.571 0.477 0.369 -0.431 0
19 44 13 22 0.619 0.500 -0.160 0.043 0
19 44 13 23 0.619 0.523 -0.064 0.108 0
19 44 13 24 0.667 0.545 -0.032 0.246 0
19 44 13 25 0.667 0.568 0.160 -0.197 0
19 44 13 26 0.667 0.591 0.369 -0.359 0
19 44 13 27 0.667 0.614 -0.128 0.092 0
19 44 13 28 0.714 0.636 -0.423 0.457 1
19 44 13 29 0.762 0.659 -0.523 0.403 1
19 44 13 30 0.762 0.682 0.397 -0.371 0
19 44 13 31 0.810 0.705 -0.032 -0.129 1
19 44 13 32 0.810 0.727 0.341 -0.295 0
19 44 13 33 0.810 0.750 0.064 -0.085 0
19 44 13 34 0.810 0.773 0.160 -0.305 0
19 44 13 35 0.857 0.795 -0.064 0.382 1
19 44 13 36 0.857 0.818 -0.032 0.283 0
19 44 13 37 0.857 0.841 0.312 -0.377 0
19 44 13 38 0.857 0.864 0.397 -0.340 0
19 44 13 39 0.857 0.886 0.222 0.044 0
19 44 13 40 0.857 0.909 0.000 0.053 0
19 44 13 41 0.905 0.932 -0.191 0.344 1
19 44 13 42 0.905 0.955 0.423 -0.390 0
19 44 13 43 0.905 0.977 0.222 -0.303 0
20 43 12 0 0.000 0.000 -0.044 0.067 0
20 43 12 1 0.000 0.023 -0.340 0.386 1
20 43 12 2 0.000 0.047 -0.175 0.318 1
20 43 12 3 0.063 0.070 0.300 -0.416 1
20 43 12 4 0.063 0.093 0.300 -0.162 1
20 43 12 5 0.125 0.116 -0.609 0.641 0
20 43 12 6 0.125 0.140 0.550 -0.524 0
20 43 12 7 0.125 0.163 0.415 -0.451 0
20 43 12 8 0.188 0.186 -0.609 0.691 1
20 43 12 9 0.188 0.209 0.044 0.143 1
20 43 12 10 0.188 0.233 0.662 -0.664 0
20 43 12 11 0.250 0.256 -0.175 -0.150 0
20 43 12 12 0.250 0.279 0.000 -0.048 0
20 43 12 13 0.250 0.302 0.217 -0.112 0
20 43 12 14 0.250 0.326 0.768 -0.769 0
20 43 12 15 0.313 0.349 -0.768 0.769 0
20 43 12 16 0.313 0.372 0.175 0.095 0
20 43 12 17 0.313 0.395 -0.217 -0.066 0
20 43 12 18 0.313 0.419 0.451 -0.557 0
20 43 12 19 0.375 0.442 0.609 -0.483 0
20 43 12 20 0.438 0.465 -0.044 -0.370 1
20 43 12 21 0.438 0.488 -0.832 0.818 0
20 43 12 22 0.500 0.512 0.088 -0.276 1
20 43 12 23 0.500 0.535 0.519 -0.390 0
20 43 12 24 0.500 0.558 -0.217 0.527 0
20 43 12 25 0.563 0.581 0.132 -0.171 0
20 43 12 26 0.563 0.605 0.259 -0.138 1
20 43 12 27 0.563 0.628 0.132 -0.220 1
20 43 12 28 0.625 0.651 0.259 -0.259 1
20 43 12 29 0.625 0.674 -0.175 0.077 0
20 43 12 30 0.625 0.698 -0.730 0.704 0
20 43 12 31 0.688 0.721 -0.708 0.715 0
20 43 12 32 0.688 0.744 -0.750 0.538 0
20 43 12 33 0.750 0.767 0.300 -0.412 0
20 43 12 34 0.750 0.791 -0.132 0.032 0
20 43 12 35 0.750 0.814 0.550 -0.515 0
20 43 12 36 0.750 0.837 -0.132 0.125 0
20 43 12 37 0.813 0.860 0.175 -0.366 0
20 43 12 38 0.813 0.884 0.044 -0.089 0
20 43 12 39 0.813 0.907 -0.088 0.149 0
20 43 12 40 0.813 0.930 -0.217 0.056 1
20 43 12 41 0.875 0.953 -0.175 0.164 0
20 43 12 42 0.875 0.977 -0.175 0.002 0
21 34 6 0 0.000 0.000 0.544 -0.488 1
21 34 6 1 0.053 0.029 -0.561 0.387 0
21 34 6 2 0.105 0.059 -0.685 0.587 0
21 34 6 3 0.158 0.088 -0.051 -0.016 0
21 34 6 4 0.211 0.118 -0.685 0.320 1
21 34 6 5 0.263 0.147 0.076 -0.144 1
21 34 6 6 0.263 0.176 -0.468 0.313 0
21 34 6 7 0.316 0.206 0.249 -0.182 0
21 34 6 8 0.316 0.235 0.200 -0.240 0
21 34 6 9 0.316 0.265 -0.407 0.529 0
21 34 6 10 0.368 0.294 0.272 -0.167 0
21 34 6 11 0.368 0.324 -0.051 0.029 0
21 34 6 12 0.421 0.353 0.595 -0.573 0
21 34 6 13 0.474 0.382 -0.544 0.671 1
21 34 6 14 0.474 0.412 0.525 -0.494 0
21 34 6 15 0.474 0.441 0.101 -0.027 1
21 34 6 16 0.526 0.471 -0.788 0.811 0
21 34 6 17 0.579 0.500 0.249 -0.182 0
21 34 6 18 0.579 0.529 0.200 -0.240 0
21 34 6 19 0.579 0.559 -0.407 0.529 0
21 34 6 20 0.632 0.588 0.272 -0.167 0
21 34 6 21 0.632 0.618 -0.051 0.029 0
21 34 6 22 0.684 0.647 0.595 -0.573 0
21 34 6 23 0.737 0.676 -0.544 0.671 0
21 34 6 24 0.737 0.706 0.525 -0.494 0
21 34 6 25 0.737 0.735 0.101 -0.027 0
21 34 6 26 0.789 0.765 -0.788 0.811 0
21 34 6 27 0.842 0.794 0.000 -0.119 0
21 34 6 28 0.842 0.824 0.296 -0.387 1
21 34 6 29 0.842 0.853 0.363 -0.444 0
21 34 6 30 0.895 0.882 0.319 -0.393 0
21 34 6 31 0.895 0.912 0.468 -0.524 0
21 34 6 32 0.895 0.941 0.076 -0.125 0
21 34 6 33 0.895 0.971 0.225 -0.384 0
22 27 6 0 0.000 0.000 -0.130 0.380 0
22 27 6 1 0.000 0.037 0.336 -0.159 0
22 27 6 2 0.056 0.074 -0.703 0.401 1
22 27 6 3 0.111 0.111 -0.813 0.548 1
22 27 6 4 0.167 0.148 -0.130 0.142 0
22 27 6 5 0.222 0.185 0.336 -0.435 0
22 27 6 6 0.222 0.222 0.656 -0.675 0
22 27 6 7 0.278 0.259 -0.044 -0.310 1
22 27 6 8 0.333 0.296 0.481 -0.507 0
22 27 6 9 0.333 0.333 0.130 -0.266 0
22 27 6 10 0.333 0.370 0.411 -0.172 0
22 27 6 11 0.389 0.407 -0.336 0.005 0
22 27 6 12 0.444 0.444 0.256 -0.234 0
22 27 6 13 0.500 0.481 -0.173 0.498 1
22 27 6 14 0.500 0.519 0.215 -0.237 0
22 27 6 15 0.556 0.556 -0.604 0.747 1
22 27 6 16 0.556 0.593 0.545 -0.562 0
22 27 6 17 0.611 0.630 0.256 -0.234 0
22 27 6 18 0.667 0.667 -0.173 0.498 0
22 27 6 19 0.667 0.704 0.215 -0.237 0
22 27 6 20 0.722 0.741 -0.604 0.747 0
22 27 6 21 0.722 0.778 0.545 -0.562 0
22 27 6 22 0.778 0.815 -0.215 -0.144 0
22 27 6 23 0.833 0.852 -0.703 0.634 0
22 27 6 24 0.833 0.889 0.447 -0.471 0
22 27 6 25 0.889 0.926 -0.215 0.430 1
22 27 6 26 0.889 0.963 0.336 -0.159 0
23 36 10 0 0.000 0.000 0.121 -0.014 1
23 36 10 1 0.000 0.028 0.000 0.312 0
23 36 10 2 0.048 0.056 0.542 -0.461 1
23 36 10 3 0.095 0.083 0.349 0.042 0
23 36 10 4 0.095 0.111 0.238 -0.077 0
23 36 10 5 0.143 0.139 0.497 -0.344 0
23 36 10 6 0.143 0.167 -0.180 0.432 0
23 36 10 7 0.190 0.194 0.294 0.076 0
23 36 10 8 0.190 0.222 -0.583 0.214 0
23 36 10 9 0.238 0.250 0.349 -0.414 1
23 36 10 10 0.238 0.278 -0.401 0.344 0
23 36 10 11 0.286 0.306 -0.180 0.409 1
23 36 10 12 0.286 0.333 0.180 -0.398 0
23 36 10 13 0.333 0.361 -0.180 -0.125 0
23 36 10 14 0.333 0.389 0.401 -0.658 0
23 36 10 15 0.381 0.417 -0.401 0.724 0
23 36 10 16 0.429 0.444 0.450 -0.172 1
23 36 10 17 0.429 0.472 -0.774 0.742 0
23 36 10 18 0.476 0.500 0.121 -0.304 1
23 36 10 19 0.476 0.528 -0.401 0.739 0
23 36 10 20 0.524 0.556 -0.180 0.022 0
23 36 10 21 0.524 0.583 -0.061 0.210 0
23 36 10 22 0.571 0.611 -0.797 0.565 0
23 36 10 23 0.571 0.639 0.622 -0.544 0
23 36 10 24 0.619 0.667 0.349 -0.314 1
23 36 10 25 0.619 0.694 -0.121 0.219 1
23 36 10 26 0.667 0.722 0.061 0.132 0
23 36 10 27 0.667 0.750 0.497 -0.675 0
23 36 10 28 0.714 0.778 0.180 -0.399 1
23 36 10 29 0.714 0.806 0.238 -0.376 0
23 36 10 30 0.762 0.833 -0.121 -0.210 0
23 36 10 31 0.762 0.861 -0.121 0.092 0
23 36 10 32 0.810 0.889 0.349 -0.580 0
23 36 10 33 0.810 0.917 -0.542 0.412 0
23 36 10 34 0.857 0.944 0.180 -0.642 0
23 36 10 35 0.905 0.972 -0.918 0.731 1
24 50 8 0 0.000 0.000 -0.148 0.203 1
24 50 8 1 0.056 0.020 -0.460 0.590 0
24 50 8 2 0.056 0.040 -0.378 0.615 0
24 50 8 3 0.111 0.060 0.633 -0.577 1
24 50 8 4 0.167 0.080 -0.050 0.226 1
24 50 8 5 0.167 0.100 0.290 -0.376 0
24 50 8 6 0.167 0.120 0.148 -0.244 0
24 50 8 7 0.222 0.140 0.738 -0.708 1
24 50 8 8 0.222 0.160 -0.498 0.434 0
24 50 8 9 0.222 0.180 -0.244 0.141 0
24 50 8 10 0.222 0.200 -0.378 0.142 0
24 50 8 11 0.222 0.220 0.335 -0.610 0
24 50 8 12 0.278 0.240 -0.196 0.069 0
24 50 8 13 0.278 0.260 0.535 -0.541 0
24 50 8 14 0.278 0.280 0.378 -0.366 0
24 50 8 15 0.278 0.300 -0.904 0.447 1
24 50 8 16 0.333 0.320 -0.196 0.198 0
24 50 8 17 0.333 0.340 0.000 -0.179 0
24 50 8 18 0.333 0.360 0.290 -0.332 0
24 50 8 19 0.333 0.380 0.000 -0.020 0
24 50 8 20 0.389 0.400 0.738 -0.768 1
24 50 8 21 0.444 0.420 0.244 0.035 0
24 50 8 22 0.444 0.440 -0.602 0.813 0
24 50 8 23 0.444 0.460 -0.196 0.027 1
24 50 8 24 0.500 0.480 -0.569 0.581 0
24 50 8 25 0.500 0.500 -0.569 0.583 1
24 50 8 26 0.500 0.520 0.000 -0.109 0
24 50 8 27 0.556 0.540 0.290 -0.325 0
24 50 8 28 0.556 0.560 -0.535 0.700 0
24 50 8 29 0.556 0.580 -0.378 0.483 0
24 50 8 30 0.556 0.600 0.244 -0.063 0
24 50 8 31 0.556 0.620 0.196 0.036 0
24 50 8 32 0.611 0.640 -0.498 0.224 0
24 50 8 33 0.611 0.660 0.602 -0.540 0
24 50 8 34 0.611 0.680 0.244 -0.227 0
24 50 8 35 0.667 0.700 0.000 -0.194 0
24 50 8 36 0.667 0.720 0.460 -0.595 0
24 50 8 37 0.667 0.740 -0.148 0.039 0
24 50 8 38 0.667 0.760 -0.662 0.682 0
24 50 8 39 0.667 0.780 -0.148 0.171 0
24 50 8 40 0.667 0.800 0.244 -0.089 0
24 50 8 41 0.667 0.820 0.196 -0.438 0
24 50 8 42 0.722 0.840 -0.148 0.485 0
24 50 8 43 0.722 0.860 0.335 -0.343 0
24 50 8 44 0.722 0.880 0.244 -0.153 0
24 50 8 45 0.778 0.900 -0.335 0.235 0
24 50 8 46 0.778 0.920 -0.498 0.442 0
24 50 8 47 0.833 0.940 0.378 -0.434 0
24 50 8 48 0.833 0.960 -0.602 0.351 0
24 50 8 49 0.889 0.980 0.714 -0.746 0
25 44 13 0 0.000 0.000 0.472 -0.193 1
25 44 13 1 0.000 0.023 -0.251 0.563 1
25 44 13 2 0.056 0.045 -0.565 0.704 1
25 44 13 3 0.111 0.068 -0.931 0.938 0
25 44 13 4 0.167 0.091 0.646 -0.631 1
25 44 13 5 0.222 0.114 -0.127 -0.183 0
25 44 13 6 0.222 0.136 0.210 -0.296 0
25 44 13 7 0.222 0.159 0.472 -0.530 0
25 44 13 8 0.222 0.182 0.210 -0.081 0
25 44 13 9 0.278 0.205 0.403 -0.282 0
25 44 13 10 0.278 0.227 0.169 -0.159 0
25 44 13 11 0.278 0.250 0.403 -0.260 0
25 44 13 12 0.333 0.273 -0.438 0.133 1
25 44 13 13 0.333 0.295 -0.594 0.130 1
25 44 13 14 0.389 0.318 0.536 -0.339 0
25 44 13 15 0.389 0.341 -0.251 0.563 0
25 44 13 16 0.389 0.364 -0.565 0.704 0
25 44 13 17 0.444 0.386 0.169 -0.110 0
25 44 13 18 0.444 0.409 0.290 -0.159 0
25 44 13 19 0.444 0.432 -0.403 0.472 1
25 44 13 20 0.500 0.455 -0.670 0.734 1
25 44 13 21 0.500 0.477 0.000 -0.076 0
25 44 13 22 0.556 0.500 -0.438 0.378 0
25 44 13 23 0.556 0.523 0.403 -0.492 0
25 44 13 24 0.556 0.545 0.403 -0.488 0
25 44 13 25 0.611 0.568 -0.367 0.197 0
25 44 13 26 0.611 0.591 -0.438 0.103 0
25 44 13 27 0.611 0.614 -0.127 -0.023 0
25 44 13 28 0.611 0.636 -0.621 0.358 0
25 44 13 29 0.667 0.659 -0.127 -0.003 1
25 44 13 30 0.667 0.682 0.472 -0.485 0
25 44 13 31 0.667 0.705 0.536 -0.582 1
25 44 13 32 0.667 0.727 0.000 -0.283 0
25 44 13 33 0.722 0.750 0.594 -0.631 1
25 44 13 34 0.778 0.773 -0.251 0.246 0
25 44 13 35 0.778 0.795 0.043 -0.146 0
25 44 13 36 0.778 0.818 0.251 -0.079 0
25 44 13 37 0.778 0.841 0.290 -0.257 0
25 44 13 38 0.778 0.864 0.438 -0.291 0
25 44 13 39 0.833 0.886 -0.621 0.552 1
25 44 13 40 0.833 0.909 0.169 -0.235 0
25 44 13 41 0.889 0.932 -0.043 -0.206 1
25 44 13 42 0.889 0.955 0.000 -0.259 0
25 44 13 43 0.889 0.977 0.210 -0.063 0
26 22 6 0 0.000 0.000 -0.343 0.594 1
26 22 6 1 0.100 0.045 -0.220 0.541 0
26 22 6 2 0.100 0.091 -0.303 0.508 1
26 22 6 3 0.100 0.136 0.343 -0.244 0
26 22 6 4 0.200 0.182 0.555 -0.595 0
26 22 6 5 0.200 0.227 0.490 -0.523 0
26 22 6 6 0.200 0.273 -0.586 0.548 0
26 22 6 7 0.200 0.318 0.420 -0.583 0
26 22 6 8 0.200 0.364 -0.220 -0.026 0
26 22 6 9 0.300 0.409 0.303 -0.031 0
26 22 6 10 0.300 0.455 -0.667 -0.250 0
26 22 6 11 0.400 0.500 0.303 -0.372 1
26 22 6 12 0.400 0.545 0.089 0.160 0
26 22 6 13 0.400 0.591 0.089 -0.165 1
26 22 6 14 0.500 0.636 -0.220 0.256 0
26 22 6 15 0.500 0.682 0.382 -0.184 0
26 22 6 16 0.500 0.727 -0.303 0.077 1
26 22 6 17 0.500 0.773 0.490 -0.562 0
26 22 6 18 0.600 0.818 -0.807 0.839 0
26 22 6 19 0.700 0.864 0.490 -0.443 0
26 22 6 20 0.700 0.909 0.262 -0.185 0
26 22 6 21 0.800 0.955 -0.667 0.337 1
27 117 32 0 0.000 0.000 -0.516 0.503 1
27 117 32 1 0.000 0.009 0.278 -0.012 0
27 117 32 2 0.000 0.017 -0.762 0.367 1
27 117 32 3 0.040 0.026 -0.211 -0.009 0
27 117 32 4 0.040 0.034 0.142 -0.575 0
27 117 32 5 0.080 0.043 -0.404 0.113 0
27 117 32 6 0.080 0.051 0.000 -0.363 0
27 117 32 7 0.120 0.060 -0.071 0.001 1
27 117 32 8 0.120 0.068 -0.343 -0.067 0
27 117 32 9 0.120 0.077 0.142 -0.184 1
27 117 32 10 0.120 0.085 -0.343 -0.151 0
27 117 32 11 0.160 0.094 0.404 -0.165 1
27 117 32 12 0.200 0.103 0.000 -0.070 1
27 117 32 13 0.200 0.111 0.211 -0.091 0
27 117 32 14 0.200 0.120 -0.404 -0.291 0
27 117 32 15 0.240 0.128 -0.762 0.763 1
27 117 32 16 0.240 0.137 0.211 -0.226 0
27 117 32 17 0.240 0.145 -0.656 0.787 0
27 117 32 18 0.240 0.154 0.516 -0.310 1
27 117 32 19 0.240 0.162 0.404 -0.312 0
27 117 32 20 0.240 0.171 0.343 -0.467 0
27 117 32 21 0.240 0.179 0.278 -0.074 0
27 117 32 22 0.240 0.188 0.211 -0.306 0
27 117 32 23 0.240 0.197 0.343 -0.367 0
27 117 32 24 0.240 0.205 0.278 -0.144 0
27 117 32 25 0.240 0.214 -0.343 0.269 1
27 117 32 26 0.240 0.222 0.211 -0.279 1
27 117 32 27 0.240 0.231 0.567 -0.606 1
27 117 32 28 0.240 0.239 0.142 -0.335 0
27 117 32 29 0.280 0.248 0.278 -0.315 1
27 117 32 30 0.280 0.256 0.462 -0.407 0
27 117 32 31 0.280 0.265 0.000 -0.287 0
27 117 32 32 0.320 0.274 -0.211 0.330 1
27 117 32 33 0.320 0.282 0.000 -0.132 0
27 117 32 34 0.320 0.291 -0.516 0.503 0
27 117 32 35 0.320 0.299 -0.142 0.373 0
27 117 32 36 0.320 0.308 -0.211 0.096 1
27 117 32 37 0.360 0.316 -0.142 -0.003 0
27 117 32 38 0.360 0.325 -0.278 0.143 0
27 117 32 39 0.360 0.333 -0.343 0.332 0
27 117 32 40 0.360 0.342 -0.142 0.210 0
27 117 32 41 0.360 0.350 -0.071 0.204 0
27 117 32 42 0.400 0.359 -0.462 0.312 1
27 117 32 43 0.400 0.368 -0.858 0.842 1
27 117 32 44 0.400 0.376 -0.917 0.939 1
27 117 32 45 0.400 0.385 0.404 -0.455 0
27 117 32 46 0.400 0.393 0.343 -0.148 1
27 117 32 47 0.440 0.402 -0.343 0.454 0
27 117 32 48 0.440 0.410 -0.211 0.040 1
27 117 32 49 0.440 0.419 0.343 -0.149 0
27 117 32 50 0.440 0.427 -0.278 0.324 0
27 117 32 51 0.440 0.436 0.695 -0.715 0
27 117 32 52 0.440 0.444 0.278 -0.318 0
27 117 32 53 0.480 0.453 0.656 -0.664 0
27 117 32 54 0.520 0.462 -0.891 0.783 1
27 117 32 55 0.520 0.470 0.071 0.009 0
27 117 32 56 0.520 0.479 0.343 -0.230 0
27 117 32 57 0.520 0.487 -0.516 0.510 0
27 117 32 58 0.560 0.496 0.211 -0.398 0
27 117 32 59 0.560 0.504 -0.567 0.420 0
27 117 32 60 0.560 0.513 -0.142 0.212 0
27 117 32 61 0.560 0.521 -0.858 0.883 1
27 117 32 62 0.600 0.530 0.343 -0.522 1
27 117 32 63 0.600 0.538 -0.278 0.476 0
27 117 32 64 0.600 0.547 0.404 -0.287 0
27 117 32 65 0.600 0.556 0.000 0.096 1
27 117 32 66 0.600 0.564 0.343 -0.291 0
27 117 32 67 0.600 0.573 0.404 -0.346 0
27 117 32 68 0.600 0.581 0.656 -0.641 0
27 117 32 69 0.600 0.590 0.613 -0.627 0
27 117 32 70 0.600 0.598 0.278 -0.476 1
27 117 32 71 0.600 0.607 -0.404 0.277 0
27 117 32 72 0.640 0.615 0.404 -0.311 0
27 117 32 73 0.640 0.624 0.343 -0.051 0
27 117 32 74 0.640 0.632 -0.343 0.414 1
27 117 32 75 0.640 0.641 -0.404 0.175 0
27 117 32 76 0.640 0.650 -0.211 0.081 1
27 117 32 77 0.640 0.658 -0.071 -0.280 1
27 117 32 78 0.640 0.667 0.404 -0.598 0
27 117 32 79 0.680 0.675 -0.278 0.352 0
27 117 32 80 0.680 0.684 -0.211 0.473 0
27 117 32 81 0.680 0.692 -0.613 0.678 0
27 117 32 82 0.680 0.701 0.567 -0.498 0
27 117 32 83 0.680 0.709 0.613 -0.574 0
27 117 32 84 0.680 0.718 -0.567 0.589 0
27 117 32 85 0.680 0.726 0.462 -0.474 0
27 117 32 86 0.680 0.735 0.656 -0.664 1
27 117 32 87 0.720 0.744 0.343 -0.120 1
27 117 32 88 0.760 0.752 -0.211 0.124 1
27 117 32 89 0.760 0.761 -0.278 0.090 1
27 117 32 90 0.760 0.769 0.278 -0.506 0
27 117 32 91 0.800 0.778 -0.211 -0.082 1
27 117 32 92 0.800 0.786 -0.142 0.308 0
27 117 32 93 0.800 0.795 -0.790 0.866 0
27 117 32 94 0.840 0.803 -0.211 -0.024 0
27 117 32 95 0.840 0.812 0.071 -0.217 0
27 117 32 96 0.840 0.821 0.000 0.139 0
27 117 32 97 0.840 0.829 0.516 -0.398 0
27 117 32 98 0.840 0.838 0.404 -0.235 0
27 117 32 99 0.840 0.846 -0.613 0.638 0
27 117 32 100 0.840 0.855 0.142 -0.250 0
27 117 32 101 0.840 0.863 0.278 -0.314 0
27 117 32 102 0.840 0.872 0.278 -0.152 0
27 117 32 103 0.880 0.880 -0.613 0.389 0
27 117 32 104 0.880 0.889 -0.071 0.286 0
27 117 32 105 0.880 0.897 -0.567 0.689 0
27 117 32 106 0.880 0.906 -0.071 0.094 0
27 117 32 107 0.880 0.915 0.516 -0.582 0
27 117 32 108 0.880 0.923 -0.142 0.267 0
27 117 32 109 0.920 0.932 -0.211 -0.125 0
27 117 32 110 0.920 0.940 -0.343 0.335 0
27 117 32 111 0.920 0.949 -0.613 0.463 0
27 117 32 112 0.920 0.957 0.516 -0.491 0
27 117 32 113 0.920 0.966 0.567 -0.437 0
27 117 32 114 0.920 0.974 0.343 -0.238 0
27 117 32 115 0.920 0.983 0.516 -0.324 0
27 117 32 116 0.920 0.991 0.211 -0.407 0
28 35 9 0 0.000 0.000 -0.408 0.457 1
28 35 9 1 0.000 0.029 0.172 -0.249 0
28 35 9 2 0.000 0.057 0.295 -0.099 0
28 35 9 3 0.063 0.086 0.086 0.056 1
28 35 9 4 0.125 0.114 0.295 -0.122 0
28 35 9 5 0.125 0.143 0.511 -0.569 0
28 35 9 6 0.125 0.171 0.129 -0.140 0
28 35 9 7 0.125 0.200 -0.778 0.682 0
28 35 9 8 0.125 0.229 0.172 -0.314 0
28 35 9 9 0.188 0.257 -0.862 0.678 0
28 35 9 10 0.250 0.286 -0.043 -0.140 0
28 35 9 11 0.250 0.314 -0.334 0.429 0
28 35 9 12 0.250 0.343 -0.824 0.816 0
28 35 9 13 0.250 0.371 -0.172 0.578 0
28 35 9 14 0.250 0.400 -0.086 -0.083 0
28 35 9 15 0.313 0.429 0.478 -0.414 1
28 35 9 16 0.375 0.457 0.213 -0.296 1
28 35 9 17 0.375 0.486 0.086 -0.453 1
28 35 9 18 0.375 0.514 0.372 -0.211 1
28 35 9 19 0.375 0.543 -0.572 0.680 1
28 35 9 20 0.375 0.571 0.334 -0.135 1
28 35 9 21 0.375 0.600 -0.478 0.649 0
28 35 9 22 0.375 0.629 0.254 -0.224 0
28 35 9 23 0.438 0.657 -0.295 0.388 0
28 35 9 24 0.438 0.686 -0.172 0.122 1
28 35 9 25 0.438 0.714 -0.627 0.608 0
28 35 9 26 0.500 0.743 0.572 -0.553 0
28 35 9 27 0.563 0.771 -0.172 -0.168 0
28 35 9 28 0.625 0.800 0.213 -0.195 0
28 35 9 29 0.688 0.829 0.043 -0.154 0
28 35 9 30 0.750 0.857 0.213 -0.195 0
28 35 9 31 0.813 0.886 0.372 -0.498 0
28 35 9 32 0.813 0.914 0.478 -0.516 0
28 35 9 33 0.813 0.943 0.542 -0.585 0
28 35 9 34 0.875 0.971 0.511 -0.507 0
29 52 15 0 0.000 0.000 0.178 -0.144 0
29 52 15 1 0.000 0.019 0.264 -0.196 0
29 52 15 2 0.029 0.038 -0.090 -0.224 1
29 52 15 3 0.057 0.058 0.222 -0.233 0
29 52 15 4 0.086 0.077 0.385 -0.412 0
29 52 15 5 0.114 0.096 0.385 -0.379 0
29 52 15 6 0.143 0.115 0.459 -0.417 0
29 52 15 7 0.171 0.135 0.346 -0.407 0
29 52 15 8 0.200 0.154 0.222 -0.297 0
29 52 15 9 0.229 0.173 0.090 -0.229 0
29 52 15 10 0.257 0.192 -0.222 0.137 0
29 52 15 11 0.286 0.212 0.045 0.048 0
29 52 15 12 0.314 0.231 0.045 -0.008 0
29 52 15 13 0.343 0.250 -0.589 0.579 0
29 52 15 14 0.371 0.269 0.645 -0.646 0
29 52 15 15 0.400 0.288 0.459 -0.354 0
29 52 15 16 0.429 0.308 0.306 -0.414 0
29 52 15 17 0.457 0.327 -0.045 0.176 0
29 52 15 18 0.486 0.346 0.134 -0.008 1
29 52 15 19 0.486 0.365 0.134 -0.073 0
29 52 15 20 0.514 0.385 -0.222 0.352 1
29 52 15 21 0.514 0.404 -0.134 0.176 0
29 52 15 22 0.543 0.423 0.178 -0.207 0
29 52 15 23 0.543 0.442 -0.670 0.624 0
29 52 15 24 0.543 0.462 -0.134 -0.083 0
29 52 15 25 0.571 0.481 -0.459 0.564 0
29 52 15 26 0.571 0.500 0.423 -0.517 0
29 52 15 27 0.600 0.519 -0.974 0.958 1
29 52 15 28 0.629 0.538 -0.459 0.533 1
29 52 15 29 0.629 0.558 0.459 -0.476 0
29 52 15 30 0.629 0.577 0.000 -0.115 0
29 52 15 31 0.657 0.596 -0.045 0.096 1
29 52 15 32 0.657 0.615 0.178 -0.375 0
29 52 15 33 0.657 0.635 0.045 -0.287 0
29 52 15 34 0.686 0.654 -0.090 0.010 1
29 52 15 35 0.686 0.673 0.423 -0.405 0
29 52 15 36 0.714 0.692 -0.346 0.374 1
29 52 15 37 0.743 0.712 -0.911 0.919 1
29 52 15 38 0.771 0.731 -0.346 0.344 1
29 52 15 39 0.771 0.750 0.000 -0.236 0
29 52 15 40 0.800 0.769 -0.306 0.267 1
29 52 15 41 0.829 0.788 0.090 -0.235 0
29 52 15 42 0.857 0.808 0.346 -0.443 0
29 52 15 43 0.857 0.827 0.459 -0.433 0
29 52 15 44 0.857 0.846 0.346 -0.276 0
29 52 15 45 0.857 0.865 -0.222 0.168 0
29 52 15 46 0.857 0.885 0.045 -0.164 1
29 52 15 47 0.857 0.904 0.000 -0.012 1
29 52 15 48 0.886 0.923 -0.178 0.010 0
29 52 15 49 0.914 0.942 -0.589 0.680 1
29 52 15 50 0.943 0.962 -0.178 -0.137 1
29 52 15 51 0.943 0.981 -0.385 0.186 0
30 30 9 0 0.000 0.000 -0.827 0.895 1
30 30 9 1 0.071 0.033 -0.117 -0.091 0
30 30 9 2 0.143 0.067 -0.175 0.121 0
30 30 9 3 0.143 0.100 0.175 -0.090 0
30 30 9 4 0.143 0.133 0.678 -0.621 0
30 30 9 5 0.214 0.167 -0.286 0.281 0
30 30 9 6 0.214 0.200 -0.529 0.332 1
30 30 9 7 0.214 0.233 0.059 0.185 0
30 30 9 8 0.214 0.267 -0.340 0.129 1
30 30 9 9 0.286 0.300 0.175 -0.264 0
30 30 9 10 0.286 0.333 -0.391 0.438 0
30 30 9 11 0.357 0.367 -0.807 0.864 1
30 30 9 12 0.429 0.400 0.286 -0.442 1
30 30 9 13 0.500 0.433 -0.059 -0.168 0
30 30 9 14 0.500 0.467 0.117 -0.224 0
30 30 9 15 0.571 0.500 -0.570 0.390 1
30 30 9 16 0.571 0.533 0.609 -0.617 0
30 30 9 17 0.571 0.567 -0.708 0.509 0
30 30 9 18 0.643 0.600 0.340 -0.171 0
30 30 9 19 0.714 0.633 0.117 -0.383 1
30 30 9 20 0.714 0.667 0.486 -0.487 0
30 30 9 21 0.714 0.700 0.059 -0.169 0
30 30 9 22 0.786 0.733 0.000 0.200 1
30 30 9 23 0.786 0.767 0.117 -0.031 0
30 30 9 24 0.786 0.800 -0.175 0.012 0
30 30 9 25 0.786 0.833 0.340 -0.210 0
30 30 9 26 0.857 0.867 -0.175 0.179 0
30 30 9 27 0.857 0.900 0.645 -0.471 0
30 30 9 28 0.857 0.933 0.486 -0.493 0
30 30 9 29 0.857 0.967 0.340 -0.309 1
