1.0785731833928416;0.18693597701748932;184;15690600 ;
0.2291321709828767;0.1793462131836814;265;14679632 ;
0.32054973297233064;0.08863929581800832;311;12475592 ;
0.7688529572433521;0.22049575209417943;141;13285912 ;
0.6751496864153868;0.27575268576988443;109;10526576 ;
0.5490664647274444;0.2285902150502331;160;11430144 ;
0.2184747503106446;0.13160332539674155;151;7311224 ;
0.7393393266123298;0.1282864358809908;167;11655216 ;
0.51280746813723;0.27687106935886424;265;14922064 ;
0.902258630826422;0.1984576751990074;192;13032424 ;
0.7683296120233503;0.24620715208204147;226;5636616 ;
0.32112790319031753;0.2453345183980269;248;9764800 ;
0.5547395664240717;4.799876864812608E258;174;6556880 ;
0.34414422191444105;0.22441819146055936;242;7062912 ;
1.1351912799975394;0.3481885628597691;270;8824888 ;
0.4840714124070035;0.12142484528737482;180;10234960 ;
0.2806022711847468;0.11040253586829392;205;12995224 ;
0.7960940583881597;0.20508323530336187;143;5285544 ;
0.7395745421492494;0.2348306976335115;219;8796320 ;
0.41648171968903636;172.22953374681592;158;7554296 ;
0.6813224144373511;0.2952832113591212;155;15079232 ;
0.41437526103684075;0.1732925665340535;262;12457992 ;
0.32696198826978123;0.18049451750475123;237;10418624 ;
0.6753870530619301;0.19650186583596752;191;5419728 ;
0.7064106487082596;0.4057183722488804;172;10331392 ;
0.302408789709859;0.16105467407675939;236;6321000 ;
0.5856480221626937;0.12193650779355494;259;6303640 ;
0.81012168473763;0.19028681311001525;234;12289320 ;
0.3986664761919603;0.12988822310828602;209;12137176 ;
0.20734282980493585;0.06893792738073969;314;14549048 ;
Average---
0.5647735375703339
Average test---
1.599958954937536E257
Average size---
209.3
; Time: 149042--
 00 hours, 02 mins, 29 seconds
