0.3043219199684252;2.377570175327888;140;8735632 ;
0.26255330527360915;3.5670340605311406;191;6861464 ;
0.26568161690588;4.732705384877193;162;12119928 ;
0.16221407553529182;7.512567097237882;197;10782608 ;
0.1785339614798206;4.446367478953757;198;10886304 ;
0.15269500814502432;6.384237625739299;174;8436280 ;
0.13898899714010543;6.13009975859465;176;4325792 ;
0.1919469101695349;2.3289716286733757;215;8583840 ;
0.370795817686172;4.948835867234432;280;12018488 ;
0.10503641708488892;3.992739861686908;194;15286096 ;
0.3650795819646066;4.944567644405659;212;8017112 ;
0.27317850861743254;4.395358177098751;180;7900728 ;
0.19975432760918735;3.454624441620437;128;10844928 ;
0.2633308420282902;5.139087756956005;152;9983744 ;
0.5222861052102294;5.395459684566303;99;7528416 ;
0.330801555496251;2.7263690901607442;155;5348680 ;
0.3117452075230459;6.311127207782482;135;8273128 ;
0.29093732399445393;3.0540715267783143;194;9866488 ;
0.24391586049475938;2.5672759109815795;240;9757664 ;
0.32452429768212226;3.6577596061454862;215;10235616 ;
0.29909785281885193;2.4887177175480315;195;7196472 ;
0.3061806778447836;3.1576776780333446;173;8214904 ;
0.3143954248532224;6.525723504849613;137;11004648 ;
0.2968916004674798;5.2271423963425;158;15067824 ;
0.15766819516032798;2.978364625184233;236;13718408 ;
5.551115123125783E-17;7.0;12;8442496 ;
0.3144881638147891;3.4205890283973135;171;8753304 ;
0.39086558662184;2.6042410725008533;208;14254328 ;
0.3398886345291939;4.227103554560404;226;9623552 ;
0.39318916599723513;3.8957636589379643;174;9872296 ;
Average---
0.2690328980705618
Average test---
4.31973844072355
Average size---
177.56666666666666
; Time: 117605--
 00 hours, 01 mins, 57 seconds
