1.0497579081621256;2.803778573197027;195;12613352 ;
0.9469472196580784;1.9147098775462796;140;8110720 ;
1.8842655420273329;8.94872809790275;165;10539168 ;
0.9739892025097171;4.100077456514749;156;5671408 ;
1.1428641065096585;8.96293840777426;198;11970208 ;
0.6465768740830417;4.699666945966521;120;3220128 ;
0.9844309863996752;3.153116847643985;136;9361056 ;
1.630751644545137;8.6094205117056;151;14356816 ;
1.0237498168770065;8.331585540913851;142;12534072 ;
0.26022566859467944;0.5806680739662679;127;8589816 ;
1.9659440560626953;8.240247490512832;138;7644496 ;
2.3848352671540436;22.24471767149376;264;11037856 ;
0.5200617819731914;2.3005876288007974;106;14080248 ;
1.1267463825064672;2.029481763952985;143;9190304 ;
1.1642795543828424;5.003765163360853;153;10093912 ;
0.4094108790373738;7.166969448660659;126;11570352 ;
0.9010951737446787;10.388452312028052;196;6825544 ;
1.147611286980537;8.433694267263002;187;7796192 ;
0.9972719954665611;7.801979984798758;127;8411976 ;
0.6282715174703006;1.5913157337053003;207;11123008 ;
1.2810739601231125;6.00934911654227;168;6219736 ;
1.694178172761784;11.128418275464606;172;6981208 ;
0.9907908032480557;8.662504982683313;213;12124112 ;
0.7264239931451759;7.021219212586464;125;7971904 ;
1.3511526234101157;5.663821645830685;222;10414936 ;
0.5131655879258628;8.808995813862303;181;7731648 ;
2.0468160678622587;6.544593415888549;147;13456744 ;
0.8463351452330755;7.43256576561012;226;7480360 ;
0.630889048693377;8.11255776216833;175;13803688 ;
1.274470436222975;2.3743959986650984;148;5878352 ;
Average---
1.1048127567590313
Average test---
6.635477459567003
Average size---
165.13333333333333
; Time: 110626--
 00 hours, 01 mins, 50 seconds
