9
3576 -1 24780 PASS -1
8614 27480 28380 PICKUP_PEOPLE 19
8621 28560 28575 PICKUP_PARCEL 20
21317 31800 31815 DELIVERY_PARCEL 20
21987 32160 32175 DELIVERY_PEOPLE 19
8611 34815 34830 PICKUP_PEOPLE 42
10807 35415 35430 PICKUP_PARCEL 40
21436 38370 38385 DELIVERY_PEOPLE 42
21296 38430 38445 DELIVERY_PARCEL 40
10809 41565 41580 PICKUP_PARCEL 43
10807 41640 41655 PICKUP_PEOPLE 68
21285 44655 44670 DELIVERY_PEOPLE 68
21291 44700 44715 DELIVERY_PARCEL 43
8622 47655 47655 PICKUP_PEOPLE 90
8048 50220 50385 STOP -1
10814 52020 52020 PICKUP_PARCEL 102
21443 55035 55050 DELIVERY_PARCEL 102
8620 57765 57780 PICKUP_PARCEL 93
21277 61125 61140 DELIVERY_PARCEL 93
21279 61155 61170 DELIVERY_PEOPLE 90
10812 64305 64320 PICKUP_PEOPLE 136
8615 67515 67530 PICKUP_PARCEL 106
21442 70875 70890 DELIVERY_PEOPLE 136
21435 71055 71070 DELIVERY_PARCEL 106
10806 74235 74250 PICKUP_PARCEL 108
21318 77190 77205 DELIVERY_PARCEL 108
3576 78615 -1 FINISH_WORK -1
-1
29
20189 -1 24780 PASS -1
10807 26220 27120 PICKUP_PEOPLE 15
21298 30075 30090 DELIVERY_PEOPLE 15
8624 33075 33090 PICKUP_PEOPLE 37
21994 36150 36165 DELIVERY_PEOPLE 37
8612 38685 38700 PICKUP_PEOPLE 57
8618 38850 38865 PICKUP_PARCEL 39
21990 42585 42600 DELIVERY_PEOPLE 57
17751 42900 42915 DELIVERY_PARCEL 39
8616 46740 46755 PICKUP_PEOPLE 83
8612 50175 50190 PICKUP_PARCEL 47
21446 53655 53670 DELIVERY_PEOPLE 83
21283 53910 53925 DELIVERY_PARCEL 47
10810 57075 57090 PICKUP_PARCEL 76
21318 60105 60120 DELIVERY_PARCEL 76
10817 63360 63375 PICKUP_PEOPLE 135
10810 63465 63480 PICKUP_PARCEL 86
21363 66720 66735 DELIVERY_PEOPLE 135
21294 66945 66960 DELIVERY_PARCEL 86
8615 69705 69720 PICKUP_PARCEL 94
21451 73035 73050 DELIVERY_PARCEL 94
20189 76245 -1 FINISH_WORK -1
-1
44
6446 -1 23955 PASS -1
8621 26700 27600 PICKUP_PEOPLE 16
10808 28980 28995 PICKUP_PARCEL 26
17748 31875 31890 DELIVERY_PARCEL 26
21451 32055 32070 DELIVERY_PEOPLE 16
8613 34605 34620 PICKUP_PARCEL 30
8620 34980 34995 PICKUP_PEOPLE 45
17751 38175 38190 DELIVERY_PEOPLE 45
17750 38205 38220 DELIVERY_PARCEL 30
10807 42480 42495 PICKUP_PARCEL 72
10806 42510 42525 PICKUP_PEOPLE 70
21300 45465 45465 DELIVERY_PEOPLE 70
8623 48420 48420 PICKUP_PEOPLE 87
21277 51660 51675 DELIVERY_PEOPLE 87
21277 51675 51690 DELIVERY_PARCEL 72
8615 54495 54510 PICKUP_PARCEL 99
21320 57915 57930 DELIVERY_PARCEL 99
8623 60900 60915 PICKUP_PARCEL 100
18242 64350 64365 DELIVERY_PARCEL 100
8615 67185 67200 PICKUP_PARCEL 101
21359 70800 70815 DELIVERY_PARCEL 101
10816 73995 74010 PICKUP_PARCEL 103
21320 77130 77145 DELIVERY_PARCEL 103
8622 80070 80085 PICKUP_PARCEL 110
21989 83640 83655 DELIVERY_PARCEL 110
6446 85290 -1 FINISH_WORK -1
-1
48
6403 -1 61260 PASS -1
10811 63600 64500 PICKUP_PEOPLE 137
10816 64590 64605 PICKUP_PARCEL 138
21436 67695 67710 DELIVERY_PEOPLE 137
21996 67860 67875 DELIVERY_PARCEL 138
6403 70050 -1 FINISH_WORK -1
-1
49
5914 -1 20835 PASS -1
8615 22500 23400 PICKUP_PEOPLE 6
10816 23700 23715 PICKUP_PARCEL 8
21320 26835 26850 DELIVERY_PEOPLE 6
8616 29595 29610 PICKUP_PEOPLE 28
18239 33405 33420 DELIVERY_PEOPLE 28
21366 33525 33540 DELIVERY_PARCEL 8
10817 37020 37035 PICKUP_PEOPLE 50
8610 40125 40140 PICKUP_PARCEL 29
21994 43605 43620 DELIVERY_PEOPLE 50
21994 43620 43635 DELIVERY_PARCEL 29
8614 46230 46245 PICKUP_PARCEL 44
21283 49725 49740 DELIVERY_PARCEL 44
8624 52770 52785 PICKUP_PEOPLE 104
10809 52920 52935 PICKUP_PARCEL 63
21987 56265 56280 DELIVERY_PEOPLE 104
21284 56625 56640 DELIVERY_PARCEL 63
10810 59790 59805 PICKUP_PARCEL 67
10809 59820 59835 PICKUP_PEOPLE 117
21286 62895 62910 DELIVERY_PEOPLE 117
21284 62925 62940 DELIVERY_PARCEL 67
8615 65715 65730 PICKUP_PARCEL 119
17749 69015 69030 DELIVERY_PARCEL 119
5914 71460 -1 FINISH_WORK -1
-1
80
15761 -1 23070 PASS -1
8613 25560 25560 PICKUP_PARCEL 12
8620 25785 25800 PICKUP_PEOPLE 11
21991 29445 29460 DELIVERY_PEOPLE 11
21995 29565 29580 DELIVERY_PARCEL 12
8614 39120 39135 PICKUP_PARCEL 61
8624 39420 39435 PICKUP_PEOPLE 60
21434 42570 42585 DELIVERY_PEOPLE 60
21318 42630 42645 DELIVERY_PARCEL 61
8623 45600 45615 PICKUP_PARCEL 65
10805 46620 46635 PICKUP_PEOPLE 82
21439 49515 49530 DELIVERY_PEOPLE 82
8619 54660 54675 PICKUP_PEOPLE 111
21301 57960 57975 DELIVERY_PEOPLE 111
21292 58005 58020 DELIVERY_PARCEL 65
8612 60675 60690 PICKUP_PARCEL 113
21360 64380 64395 DELIVERY_PARCEL 113
10816 67575 67590 PICKUP_PARCEL 115
21275 70785 70800 DELIVERY_PARCEL 115
8617 73620 73635 PICKUP_PARCEL 118
21320 77025 77040 DELIVERY_PARCEL 118
15761 78540 -1 FINISH_WORK -1
-1
86
3579 -1 22860 PASS -1
8614 25560 26460 PICKUP_PEOPLE 13
21279 29955 29970 DELIVERY_PEOPLE 13
8610 32625 32640 PICKUP_PARCEL 38
8621 32940 32955 PICKUP_PEOPLE 36
21451 36120 36135 DELIVERY_PEOPLE 36
18239 36750 36765 DELIVERY_PARCEL 38
8620 40260 40275 PICKUP_PEOPLE 66
10810 40515 40530 PICKUP_PARCEL 48
21301 43545 43560 DELIVERY_PARCEL 48
21997 43755 43770 DELIVERY_PEOPLE 66
8621 46485 46500 PICKUP_PEOPLE 81
10809 46740 46755 PICKUP_PARCEL 75
21364 49995 50010 DELIVERY_PARCEL 75
21990 50160 50175 DELIVERY_PEOPLE 81
8616 61680 61695 PICKUP_PEOPLE 127
8620 62520 62535 PICKUP_PARCEL 131
21362 66015 66030 DELIVERY_PARCEL 131
21367 66090 66105 DELIVERY_PEOPLE 127
3579 67650 -1 FINISH_WORK -1
-1
96
8062 -1 28815 PASS -1
8625 31080 31980 PICKUP_PEOPLE 33
10808 32100 32115 PICKUP_PARCEL 34
21328 35280 35295 DELIVERY_PARCEL 34
21987 35460 35475 DELIVERY_PEOPLE 33
8610 38580 38595 PICKUP_PEOPLE 59
21987 42450 42465 DELIVERY_PEOPLE 59
8612 45135 45150 PICKUP_PARCEL 62
8613 45180 45195 PICKUP_PEOPLE 77
21355 48960 48975 DELIVERY_PARCEL 62
21987 49245 49260 DELIVERY_PEOPLE 77
8610 57480 57495 PICKUP_PEOPLE 116
10807 61140 61155 PICKUP_PARCEL 124
17751 64035 64050 DELIVERY_PEOPLE 116
21433 64335 64350 DELIVERY_PARCEL 124
8616 67080 67095 PICKUP_PARCEL 125
21279 70560 70575 DELIVERY_PARCEL 125
8062 72975 -1 FINISH_WORK -1
-1
106
21431 -1 57270 PASS -1
10811 61920 62820 PICKUP_PEOPLE 130
10814 62880 62895 PICKUP_PARCEL 133
21434 65970 65985 DELIVERY_PEOPLE 130
21298 66030 66045 DELIVERY_PARCEL 133
21431 66135 -1 FINISH_WORK -1
-1
118
6914 -1 21735 PASS -1
8625 24720 24720 PICKUP_PARCEL 10
10806 24900 24915 PICKUP_PEOPLE 9
21361 28080 28095 DELIVERY_PEOPLE 9
8610 30825 30840 PICKUP_PEOPLE 31
21327 34530 34545 DELIVERY_PEOPLE 31
10818 37695 37710 PICKUP_PEOPLE 54
17746 40725 40740 DELIVERY_PEOPLE 54
21447 40845 40860 DELIVERY_PARCEL 10
8625 46800 46815 PICKUP_PARCEL 84
10818 46830 46845 PICKUP_PEOPLE 85
21363 50190 50205 DELIVERY_PEOPLE 85
21353 50400 50415 DELIVERY_PARCEL 84
8614 53445 53460 PICKUP_PARCEL 97
8621 53640 53655 PICKUP_PEOPLE 107
21303 56880 56895 DELIVERY_PEOPLE 107
8615 59940 59955 PICKUP_PEOPLE 120
21989 63705 63720 DELIVERY_PEOPLE 120
21992 63810 63825 DELIVERY_PARCEL 97
6914 65265 -1 FINISH_WORK -1
-1
155
8038 -1 19980 PASS -1
8610 21840 21840 PICKUP_PARCEL 2
10811 22365 22380 PICKUP_PEOPLE 1
21275 25500 25515 DELIVERY_PEOPLE 1
21991 25830 25845 DELIVERY_PARCEL 2
8610 28410 28425 PICKUP_PEOPLE 21
10806 29025 29040 PICKUP_PARCEL 3
21358 32175 32190 DELIVERY_PARCEL 3
21999 32580 32595 DELIVERY_PEOPLE 21
8612 35025 35040 PICKUP_PARCEL 25
10817 35430 35445 PICKUP_PEOPLE 46
21290 38580 38595 DELIVERY_PEOPLE 46
21274 38655 38670 DELIVERY_PARCEL 25
10816 42420 42435 PICKUP_PEOPLE 71
10807 42840 42855 PICKUP_PARCEL 73
21317 45795 45810 DELIVERY_PEOPLE 71
8610 60540 60555 PICKUP_PEOPLE 122
21272 64185 64200 DELIVERY_PARCEL 73
21993 64575 64590 DELIVERY_PEOPLE 122
8038 66450 -1 FINISH_WORK -1
-1
163
8060 -1 23400 PASS -1
10815 25740 26640 PICKUP_PEOPLE 14
21296 29745 29760 DELIVERY_PEOPLE 14
8613 37740 37755 PICKUP_PEOPLE 55
10806 38295 38310 PICKUP_PARCEL 56
21433 41250 41265 DELIVERY_PARCEL 56
21359 41505 41520 DELIVERY_PEOPLE 55
10809 44790 44805 PICKUP_PEOPLE 79
21329 47985 48000 DELIVERY_PEOPLE 79
8619 50985 51000 PICKUP_PEOPLE 98
8625 51180 51195 PICKUP_PARCEL 80
18242 54585 54600 DELIVERY_PEOPLE 98
18242 54600 54615 DELIVERY_PARCEL 80
10810 61740 61755 PICKUP_PEOPLE 128
21435 64770 64785 DELIVERY_PEOPLE 128
8060 67005 -1 FINISH_WORK -1
-1
228
7309 -1 20670 PASS -1
8615 22560 23460 PICKUP_PEOPLE 7
21998 26850 26865 DELIVERY_PEOPLE 7
8622 29595 29610 PICKUP_PARCEL 24
10809 29805 29820 PICKUP_PEOPLE 27
21994 32760 32775 DELIVERY_PEOPLE 27
21446 33045 33060 DELIVERY_PARCEL 24
8623 36480 36495 PICKUP_PARCEL 49
10813 37080 37095 PICKUP_PEOPLE 51
17751 40080 40095 DELIVERY_PARCEL 49
18242 40650 40665 DELIVERY_PEOPLE 51
8614 43470 43485 PICKUP_PEOPLE 74
10805 43995 44010 PICKUP_PARCEL 58
21320 46935 46950 DELIVERY_PEOPLE 74
21316 46995 47010 DELIVERY_PARCEL 58
8616 49725 49740 PICKUP_PARCEL 95
10810 50115 50130 PICKUP_PEOPLE 96
21289 53190 53205 DELIVERY_PARCEL 95
21995 53400 53415 DELIVERY_PEOPLE 96
8622 56280 56295 PICKUP_PEOPLE 114
10805 56595 56610 PICKUP_PARCEL 105
21281 59595 59610 DELIVERY_PEOPLE 114
21359 59760 59775 DELIVERY_PARCEL 105
8620 62805 62820 PICKUP_PARCEL 121
10806 63150 63165 PICKUP_PEOPLE 132
21276 66195 66210 DELIVERY_PEOPLE 132
21271 66225 66240 DELIVERY_PARCEL 121
7309 68595 -1 FINISH_WORK -1
-1
231
5836 -1 20115 PASS -1
10815 22320 23220 PICKUP_PEOPLE 5
21274 26400 26415 DELIVERY_PEOPLE 5
8613 30720 30735 PICKUP_PEOPLE 32
10810 31920 31935 PICKUP_PARCEL 35
21288 34995 35010 DELIVERY_PARCEL 35
18241 35535 35550 DELIVERY_PEOPLE 32
8619 48120 48135 PICKUP_PEOPLE 91
10808 48435 48450 PICKUP_PARCEL 92
17748 51330 51345 DELIVERY_PARCEL 92
21438 51555 51570 DELIVERY_PEOPLE 91
10814 61800 61815 PICKUP_PEOPLE 129
8617 65025 65040 PICKUP_PARCEL 134
21319 68430 68445 DELIVERY_PEOPLE 129
21366 68745 68760 DELIVERY_PARCEL 134
5836 71250 -1 FINISH_WORK -1
-1
234
16755 -1 24420 PASS -1
8615 26820 27720 PICKUP_PEOPLE 17
8619 27825 27840 PICKUP_PARCEL 18
21303 31125 31140 DELIVERY_PEOPLE 17
8612 33750 33765 PICKUP_PEOPLE 41
21296 37275 37290 DELIVERY_PEOPLE 41
21294 37305 37320 DELIVERY_PARCEL 18
8622 41640 41655 PICKUP_PEOPLE 69
10806 41925 41940 PICKUP_PARCEL 64
17751 44805 44820 DELIVERY_PARCEL 64
21994 45030 45045 DELIVERY_PEOPLE 69
10817 47940 47955 PICKUP_PEOPLE 89
10812 48015 48030 PICKUP_PARCEL 88
21436 51075 51090 DELIVERY_PEOPLE 89
8619 55020 55035 PICKUP_PEOPLE 112
21320 58350 58365 DELIVERY_PEOPLE 112
8610 60960 60975 PICKUP_PEOPLE 123
21287 64560 64575 DELIVERY_PEOPLE 123
21288 64590 64605 DELIVERY_PARCEL 88
16755 66405 -1 FINISH_WORK -1
-1
243
22000 -1 17835 PASS -1
10809 22080 22980 PICKUP_PEOPLE 4
21288 26025 26040 DELIVERY_PEOPLE 4
8610 28650 28665 PICKUP_PEOPLE 22
8619 28920 28935 PICKUP_PARCEL 23
21997 32205 32220 DELIVERY_PEOPLE 22
10805 37140 37155 PICKUP_PEOPLE 52
21354 40350 40365 DELIVERY_PARCEL 23
21988 40665 40680 DELIVERY_PEOPLE 52
8610 43275 43290 PICKUP_PARCEL 53
10809 44640 44655 PICKUP_PEOPLE 78
21995 47610 47625 DELIVERY_PEOPLE 78
10808 54240 54255 PICKUP_PEOPLE 109
18239 57675 57690 DELIVERY_PARCEL 53
21988 57855 57870 DELIVERY_PEOPLE 109
10807 61620 61635 PICKUP_PEOPLE 126
21451 64515 64530 DELIVERY_PEOPLE 126
22000 64770 -1 FINISH_WORK -1
-1
-2
