1.469071105654662;2.297494551143054;116;8797480 ;
1.0747320225187238;4.606859076260346;194;7927128 ;
1.4190947975156916;2.2102664957500977;119;9498352 ;
1.3997925315154651;3.6104327206559406;141;11110688 ;
1.7983570050881024;4.481894558662861;168;13839112 ;
1.709936972773582;5.360425587406156;240;8512632 ;
1.4635591464488997;3.7605293173694396;163;11697584 ;
1.642573928849449;4.334725791349791;188;9027744 ;
0.8649956040913309;9.073266916310565;151;7892080 ;
0.618372499415585;3.338128915415374;184;7822384 ;
1.1682223665850728;5.952114661599447;161;9951352 ;
2.4091939980438175;4.835675031322675;106;13687696 ;
1.6052307905590617;5.946137385446519;165;7112840 ;
1.3141306148295606;6.093562267128722;174;13240456 ;
1.7884270332062766;5.519665168551928;154;4236976 ;
1.3042591436198403;4.288255280702277;141;8278024 ;
1.0539692107490246;9.976138735340992;226;11811216 ;
1.269315093882355;4.884842494786597;169;12962496 ;
1.0141744852690568;3.1779007272465747;232;14156544 ;
1.1051541364713935;3.0964198438271264;202;13094544 ;
0.7703764166813609;2.8402095464388575;189;6786304 ;
1.4846205914788215;3.7788280741182954;150;10536432 ;
1.123355710364436;2.9869513667576646;173;9559520 ;
1.7798225842290298;8.89424716875094;133;12445368 ;
0.8504467390508739;2.712291159114657;207;11423184 ;
0.8989720714334289;3.6589736657030514;217;9042040 ;
1.0977446638499104;2.8698569672628302;150;9334400 ;
1.0309602628193772;1.8889544918786447;146;13472120 ;
0.8302321631122345;6.666869015838879;216;8246656 ;
1.2290973421498472;5.624203151527472;155;6763904 ;
Average---
1.2862730344085425
Average test---
4.625537337788926
Average size---
171.0
; Time: -115416--
 23 hours, 58 mins, 04 seconds
