0.14058776372634585;0.03654420756205329;193;13207200 ;
0.10405087877469514;0.03191940116186597;170;9035160 ;
0.35641231748510344;0.08090471060449018;272;8998952 ;
0.12817988090232965;0.03941251926920307;174;8313664 ;
0.22696890924536925;0.0530539015392726;331;12790664 ;
0.1543944683149658;0.06844042586468216;274;14100664 ;
0.30877377615189716;0.06432352238128333;175;8106112 ;
0.26277238789007373;0.06958517356428025;266;12424248 ;
0.12967731371818503;0.029969543890460148;126;7998928 ;
0.31045466501449287;0.05501149052927133;221;6420640 ;
0.13017208231942562;0.06976962726728042;294;12048584 ;
0.3367346775315664;0.07076126300365268;245;10222888 ;
0.1614861943145141;0.07915182572461893;175;10796200 ;
0.10026757257372988;0.0660536573726586;222;9422632 ;
0.1358956818272808;0.021340508127844573;197;11942728 ;
0.300888485325271;0.11982508897116304;108;7431232 ;
0.09331595337109978;0.07398801190940063;179;9919576 ;
0.11513984530728966;0.04429213723218482;215;9349288 ;
0.147725722832712;0.056500776953115006;198;8463280 ;
0.14493931260192452;0.1485839632396459;188;10627600 ;
0.19695459560593345;0.055139362959883496;258;6590104 ;
0.06948684975793586;0.019836901502669764;148;13508096 ;
0.35999427908099113;0.3289018381513067;274;5677104 ;
0.17970279612957046;0.026841908618434267;130;10759328 ;
0.25251373519948245;0.11000759021360637;130;6307840 ;
0.13687909845890342;0.04923454922218009;157;10219080 ;
0.24581515910658397;0.04411634064658544;181;8677632 ;
0.06350405420145866;0.022570625757912438;203;7368688 ;
0.10865801475473745;0.24390851989457799;177;8313056 ;
0.26769843552969147;0.03286097915320149;202;4932504 ;
Average---
0.18900149690178533
Average test---
0.07376167907629284
Average size---
202.76666666666668
; Time: 134854--
 00 hours, 02 mins, 14 seconds
