15.37499117063079 19.927240229404013 16.6

7.922249808216482 11.94918674803514 18.5

6.607663113093774 11.285685925462602 45.3

5.623796407046433 10.767160346851304 43.9

4.875666904522678 10.712094752240134 41.2

3.9748627216252146 9.560089044109475 65.0

3.1965682223098195 9.705971006812732 42.0

2.9143792728367037 9.549590818928078 61.2

2.808272091916339 9.0 69.2

2.562161417335339 9.0 67.9

2.4402152511578117 9.0 73.5

2.2646061992652067 9.0 81.4

2.2269335036880378 9.0 78.5

2.2129832893326116 9.0 94.2

2.102757593817272 9.0 96.6

1.9165206219945248 9.0 85.8

1.9074323674283171 9.0 100.6

1.8067425348219381 9.0 106.7

1.800261780359645 8.545729889322494 93.1

1.7955522982046932 9.0 110.3

1.6334057867938039 9.0 122.9

1.5678579745743142 9.0 118.4

1.525699432509092 9.0 120.7

1.447539371974596 9.0 106.7

1.4128754398277774 9.0 107.3

1.4044396802480192 9.0 112.8

1.3641432909421245 9.0 125.7

1.285257791899392 9.0 133.1

1.280046576057521 9.0 139.8

1.2164529796877237 9.0 137.3

1.1861057569584843 9.0 134.0

1.1759304535680293 9.0 135.9

1.1589598672930588 8.941064220737006 131.7

1.14904094677178 8.941064220737006 122.4

1.155879738398562 8.941064220737006 136.0

1.1338060868287965 8.941064220737006 128.9

1.072923380440806 8.908825881817922 146.3

1.1079007438293176 8.908825881817922 142.9

1.0971502358302576 8.908825881817922 142.5

1.099686199782709 8.908825881817922 161.1

1.0930464901827235 8.908825881817922 152.8

1.0837065142290663 9.0 155.8

1.064829499997194 9.0 177.2

1.0466092109149714 9.0 148.8

0.9965738809505446 9.0 164.7

1.0053581923492525 9.0 172.5

0.9775698923274148 9.0 155.9

0.9046266998025821 8.874376292583301 172.1

0.9007380304642363 8.874376292583301 169.1

0.894765317135694 8.874376292583301 164.3

0.8896867122217161 8.874376292583301 168.2

0.885797674375295 8.874376292583301 167.3

0.8758618337863083 8.911170843570202 172.7

0.883479379020317 8.874376292583301 177.5

0.8556928325283201 8.874376292583301 186.1

0.8513581179893611 8.874376292583301 178.5

0.8465039008353891 8.874376292583301 167.6

0.8431750222723403 8.874376292583301 174.0

0.824350234616821 8.874376292583301 192.3

0.8328362287420534 8.874376292583301 186.7

0.8078190299734004 8.874376292583301 176.1

0.8077183387074557 8.874376292583301 189.0

0.8067318513473738 8.874376292583301 188.5

0.8071250752059607 8.874376292583301 186.2

0.7948627385951987 8.874376292583301 180.1

0.7936113694393138 8.874376292583301 183.9

0.7820193081841191 8.886704140803216 190.9

0.7882183523205647 9.0 190.7

0.7784385202396548 8.874376292583301 198.8

0.7758445027371954 8.814162214838266 187.4

0.7644641761314255 9.0 190.3

0.7594898861719457 9.0 192.5

0.7522762680504326 8.874376292583301 189.5

0.7457921991268253 8.814162214838266 209.0

0.7406003065500961 8.874376292583301 204.6

0.7389641387843123 8.874376292583301 183.3

0.7381131760871174 8.874376292583301 197.8

0.7332009297756377 8.874376292583301 203.1

0.730950979388618 8.874376292583301 206.5

0.7310745112602721 8.874376292583301 191.4

0.7283730183336081 8.874376292583301 192.3

0.7275715827705935 8.874376292583301 200.6

0.7280425956838095 8.874376292583301 206.4

0.7159609094589495 8.874376292583301 200.5

0.7143009568653955 8.874376292583301 196.0

0.7134755673329607 8.814162214838266 197.9

0.7043694643959958 8.814162214838266 215.1

0.712196522384748 8.874376292583301 202.1

0.7050440392465644 8.85407724873003 214.1

0.7026229094039158 8.814162214838266 193.7

0.6939557497340767 8.85407724873003 215.8

0.6943937863316221 8.85407724873003 210.3

0.6957462540075446 8.814162214838266 213.1

0.6930297527422595 8.85407724873003 216.4

0.6931472913293135 8.85407724873003 218.5

0.6852942859286147 8.15808717298604 201.8

0.6809046577920711 8.820770483365191 198.8

0.6799270066640357 8.820770483365191 211.3

0.6837749971727856 8.820770483365191 213.9

0.6706458522541958 8.486874205392194 210.1

