0.4411508142423934;3.244245248884231;184;12505280 ;
1.037001491877818;5.621651563377827;137;13654256 ;
1.3153183160415345;8.66019940848328;189;15336584 ;
0.5914205131414402;6.1900734641051365;254;18243544 ;
1.0227164542777687;7.7259677787385375;256;16574800 ;
0.43909822854992503;7.88406979842379;262;19003624 ;
0.8072535469430149;10.442239990793025;208;21924696 ;
0.60546161271953;10.207243685881801;159;14777368 ;
0.7237144820842678;12.239976564873034;211;15531112 ;
0.5493186595244355;6.946925337623682;159;22518232 ;
0.630087800236867;6.941888533170413;215;13165920 ;
0.8429072085505309;8.599531879443806;199;15032040 ;
0.700745050970581;9.049248574934797;130;12457432 ;
0.615567334354812;7.294883112405779;176;13050912 ;
0.37487038646401205;8.144631506428105;286;13304880 ;
0.6335337275540138;7.873453124230992;208;19851968 ;
0.8576759501625717;8.362025693818012;160;15255304 ;
0.7002472676443998;9.540285631894642;209;15372232 ;
0.8253216591547333;3.4210590463985326;249;21200840 ;
0.6877452996466711;9.729601581698637;179;14115040 ;
0.758865417577067;6.276961821477299;183;14429952 ;
0.8926662951797446;9.144099711267977;145;19014320 ;
0.3277280889485906;5.055716653037406;256;18541648 ;
1.007736326295544;12.692518708057431;255;20370720 ;
0.6027093203330077;6.219755514886632;245;17889368 ;
1.1211575981185404;9.15021617676206;205;20921880 ;
0.8630173050890642;9.88090556098682;172;14007304 ;
0.7916098002098659;6.928651652052701;275;22492616 ;
0.2924542606388227;6.38988740238546;290;12318152 ;
0.5813473369455676;7.155813425656513;165;12672568 ;
Average---
0.7213482517825711
Average test---
7.900457605072613
Average size---
207.36666666666667
; Time: 354129--
 00 hours, 05 mins, 54 seconds
