0.509293182210242;1.7908757937665296;97;9078328 ;
0.9877326265810109;12.080399026744464;158;12376768 ;
0.7844254057320788;8.350617305599954;181;14001632 ;
0.6312348078511558;12.440997007670791;263;19743880 ;
0.489859252251295;1.8681305349727388;159;18408920 ;
0.5147752217256452;4.0377321533283625;154;18716936 ;
0.6664446109705606;1.888093468473641;90;16891080 ;
0.3654215684385518;1.2815531389388655;167;10214064 ;
0.3490111884171587;6.3080526501217875;294;21381592 ;
0.9561004653556511;10.722549413999444;112;8996472 ;
0.5152640873115235;4.2496023285748015;159;12493216 ;
0.4349416819274299;6.864317857484473;123;17094664 ;
0.7130286633981746;72.30720538417481;199;14715960 ;
0.6300855574588788;7.994650501971093;165;12350192 ;
1.1293255451190158;5.58826220666026;140;18768264 ;
0.5756538882705082;2.0873064445210923;170;12384936 ;
0.4504279348238027;3.6892823789990206;148;18205560 ;
1.8894408100139586;20.479628372129007;111;14025032 ;
0.4064466852022308;1.9042507116504777;134;15757360 ;
0.35713617835423017;2.210294165250782;139;7245400 ;
0.8533934211934673;2.007791283425184;156;14716928 ;
0.7454809493740084;3.5896031954492176;122;7014456 ;
0.5947277994869031;6.27617435703212;176;9341792 ;
0.459661153216945;30.043579362897763;230;17060344 ;
0.8338483187125512;5.1865659590207525;118;17179384 ;
0.5942853165546964;2.307576320460224E303;247;18830232 ;
0.613002778950217;4.0829537347083775;172;10391344 ;
1.0351807356908056;5.626441844542112;210;12972528 ;
0.3808700590215168;2.1407683376010658;103;8562080 ;
0.3612904698904136;2.1072337978346445;143;11830672 ;
Average---
0.6609263454501543
Average test---
7.691921068200747E301
Average size---
161.33333333333334
; Time: 289807--
 00 hours, 04 mins, 49 seconds
