9         
7373.54 1850.94 0.25102 72.2748 1035995.401 82.2271 3018.03 21 36.6733 5.832
8569.51 2095.52 0.24453 85.6867 1215084.024 118.469 3889.37 73 34.4689 5.233
14940.9 3689.94 0.24696 184.622 2104849.376 214.553 5713.2 65 22.938 1.182
7677.77 3548.1 0.46212 81.4507 932775.2759 138.648 2316.07 75 40.5953 16.64
15941.1 5573.22 0.34961 156.567 2220699.457 230.304 7932.78 54 25.7623 15.978
8938.94 4149.05 0.46415 92.4123 1281623.668 131.192 3735.31 28 34.3761 10.46
15238.1 4535 0.2976 184.645 2102521.596 248.959 5255.77 93 25.5394 5.148
9880.43 2824.41 0.28585 107.046 1355619.904 136.504 3984.69 36 35.878 9.165
6561.96 1900.04 0.28955 63.9857 908399.8364 86.6121 3896.12 70 37.5316 3.055
5503.56 1323.03 0.24039 44.6948 786838.387 58.5922 2418.02 12 40.1785 2.195
11862.6 2817.75 0.23753 149.415 1587896.809 179.633 4510.74 60 24.4228 4.312
14262.8 4948.28 0.34693 130.587 2059589.837 200.803 4840.18 125 29.151 4.201
8565.25 1962.18 0.22908 109.253 1201938.6 146.283 4199.49 54 33.5756 2.874
14091.3 5097.66 0.36175 93.4892 1892267.245 203.56 4780.9 114 30.579 11.96
14313.8 4864.14 0.33982 91.8533 1972511.8 192.799 5070.02 149 28.5373 4.428
7635.65 2921.49 0.38261 61.1173 1048506.122 105.709 3839.42 68 37.6294 13.262
9465.28 3017.2 0.31876 74.5875 1332420.015 121.595 3741.08 53 37.4545 18.137
10572.7 3233.1 0.30579 95.8645 1425814.627 161.418 4149.91 148 32.7768 16.424
15047.2 7020.1 0.46653 146.818 2087834.909 249.015 4369.72 101 30.2627 19.628
19377.1 6378.16 0.32915 251.838 2673543.031 318.066 5476.33 79 23.3446 3.886
9416.38 3637.32 0.38627 95.3281 1335252.92 149.767 3866.18 90 35.4438 12.32
9053.62 2140.44 0.23641 86.9486 1288339.679 108.191 4592.65 28 33.5188 2.281
7258.6 1383.35 0.19058 60.1399 1016992.519 76.4939 3446.44 47 37.7726 5.532
6627.94 2782.23 0.41977 62.1561 954949.3657 94.2195 2404.72 67 40.4961 8.943
17836.1 5278.61 0.29595 158.42 2512040.579 253.024 5574.37 196 22.1107 3.693
4236.27 1376.4 0.3249 35.0902 576542.2839 54.2159 1426.57 34 44.3511 11.733
4838.86 1692.92 0.34985 46.3231 700043.1802 73.4881 2464.66 53 42.0444 12.456
8319 2654.18 0.31905 63.0818 1187976.545 104.285 4248.88 45 37.8182 11.683
7511.85 1688.14 0.22473 86.303 1046228.329 104.778 3840.11 25 36.2923 1.516
9482.44 2722.6 0.28712 102.246 1313907.541 129.849 3869.28 14 33.9961 2.212
14465.7 4985.91 0.34467 102.038 1969329.743 200.921 5037.19 146 27.7611 6.577
8077.33 1955.89 0.24214 69.5043 1134998.645 102.856 3542.57 16 36.7329 13.561
9253.84 2652.01 0.28658 100.135 1266476.129 160.321 4149.07 72 33.192 0.556
9054.19 3110.39 0.34353 100.999 1252553.576 145.086 3905.01 34 33.7522 10.503
11171.3 4172.41 0.37349 111.065 1650162.626 154.318 4549.79 72 31.1566 2.993
7735.44 1706.44 0.2206 73.5278 1097281.645 104.053 3952.37 49 35.0952 0
5228.85 1610.46 0.30799 48.6731 747852.3998 54.9062 1993.13 3 42.392 5.331
5941.69 1608.25 0.27067 59.8822 802172.2225 78.5753 3188.62 36 39.2894 6.237
9897.86 3043.84 0.30752 90.1432 1377066.186 124.172 3530.74 65 35.5621 13.336
15505.2 5366.03 0.34607 163.5 2198535.64 229.896 5903.91 152 26.7838 8.588
8428.96 2058.58 0.24422 96.4205 1194829.678 119.74 3806.6 56 35.1576 4.027
5709.34 1421.13 0.24891 52.3057 789879.8074 82.9841 2645.72 33 40.838 5.298
6724.16 1799.22 0.26757 61.7573 922185.232 92.2208 3265.8 25 38.0097 17.583
13614.3 3796.36 0.27885 172.157 1879564.335 197.959 5100.57 64 26.6874 2.073
14036.1 4798.67 0.34188 199.948 1971735.575 229.154 4878.21 141 23.0604 19.205
11638.1 4583.39 0.39382 132.548 1603413.79 181.688 4621.89 90 29.3328 13.988
12874.5 4174.61 0.32425 153.051 1768452.793 196.773 4558.93 45 30.4081 3.805
6488.31 1968.19 0.30334 58.0428 850979.0102 87.7534 2672.19 42 39.1787 3.132
19195.5 6411.46 0.334 201.013 2565705.502 301.331 5596.76 177 23.3663 3.058
7649.47 2421.72 0.31658 64.3883 1098224.719 93.0226 3787.69 46 38.4719 11.934
8134.82 3106.02 0.38181 69.7501 1146484.35 114.279 3311.01 30 37.2873 18.823
9068.27 1995.18 0.22001 96.7449 1281607.009 130.622 3854.62 48 34.9438 3.05
9543.45 2234.61 0.23415 111.864 1324950.244 132.213 4221.34 56 34.3281 2.159
6981.89 2188.04 0.31338 63.4287 966942.0505 101.125 3509.9 59 37.3867 13.335
8779.59 3421.12 0.38966 101.734 1253256.058 134.156 4664.17 108 33.8939 15.214
16733.4 6088.38 0.36384 133.856 2382250.023 244.839 6468.15 57 24.3735 8.811
11946 2737.53 0.22915 146.199 1631820.765 198.922 4893.82 138 29.3127 0.842
12664.1 4082.6 0.32237 152.535 1800547.699 210.449 4941.61 75 29.2647 1.625
11837.3 5049.76 0.42659 96.3511 1691186.588 160.48 5165.75 49 37.2482 15.663
14566.9 3309.42 0.22718 182.402 2032596.192 203.438 4063.98 148 32.0099 1.429
8625.69 3417.3 0.39617 73.5595 1231463.939 111.509 3655.45 19 37.9844 11.325
8961.98 3421.6 0.38179 89.8607 1237735.376 143.956 4021.18 34 35.2142 15.929
6612.86 2245.81 0.33961 62.407 922140.961 98.9037 3822.42 73 36.0666 1.815
6570.06 2560.55 0.38973 54.0008 863197.0061 108.933 3450.97 58 34.0708 16.462
6423.19 1188.1 0.18497 54.1855 847714.8902 70.9529 3244.2 40 38.0433 4.342
10551.9 3648.65 0.34578 87.8739 1522562.798 150.498 4785.48 41 32.897 16.226
9306.91 2763.1 0.29688 100.055 1293200.177 134.741 3496.76 120 35.0083 1.866
8573.63 2441.18 0.28473 61.3221 1204334.817 100.48 3057.59 41 36.8556 16.704
16198 5391.66 0.33285 130.407 2298971.803 225.87 5510.17 68 24.9599 11.249
7438.56 2442.88 0.3284 91.5449 1051582.324 99.3233 3452.36 27 36.9505 9.007
5967.66 1103.91 0.18498 52.5181 816963.0989 73.5838 2396.34 25 40.5292 14.695
13942 4074 0.29221 173.422 1982904.391 198.751 4737.9 63 28.5884 3.052
8650.62 2425.01 0.28032 93.6804 1189130.039 113.477 3636.6 39 35.1771 3.17
3375.97 1248.27 0.36975 24.5279 461737.1434 44.7686 1392.54 6 45.2663 6.135
10984.9 2665.08 0.24261 128.471 1488623.977 154.596 3686.64 16 34.564 2.23
8492.7 1958.19 0.23057 68.9086 1217185.495 94.9999 3204.77 72 39.1549 19.755
5208.71 1214.92 0.23324 45.0719 722102.5886 71.2471 2681.78 17 40.4347 3.778
8138.85 2013.88 0.24744 96.6283 1149753.097 101.841 3852.27 89 34.8174 4.711
5964.08 1950.12 0.32697 54.1675 815584.1398 83.6522 3160.93 12 39.5247 7.928
6746.08 1940.55 0.28765 67.9976 944219.3498 83.7765 3678.39 46 37.111 10.496
27671.4 10795 0.39011 268.687 3858804.046 390.84 6353.75 168 23.402 18.975
18210.9 5745.37 0.31549 238.461 2484834.762 318.982 5106.17 152 25.2792 11.022
6128.98 1451.85 0.23688 58.5824 827526.3708 78.7861 3202.84 27 39.0369 6.423
8398.47 2249.84 0.26788 90.9179 1184997.216 123.07 3324.29 5 36.0082 2.415
12211.9 3656.73 0.29943 144.565 1722973.224 164.091 4484.16 120 30.7101 18.162
4214.24 557.34 0.13225 39.7192 573782.0462 45.3279 2214.94 32 42.508 12.872
10243.6 3542.33 0.3458 89.3464 1471456.323 142.423 3634.06 17 34.8223 3.475
9472.53 2244.6 0.23695 101.677 1321527.21 134.816 4228.2 57 34.1433 1.753
9377.46 2104.36 0.2244 96.8279 1317344.856 127.16 3855.91 52 34.8935 3.42
7127.24 2051.3 0.28781 68.4997 955422.7452 101.928 3606.84 85 37.2029 1.836
22638.1 5492.36 0.24261 337.405 3115601.72 400.968 6217.11 155 19.8168 1.112
6537.05 1886.15 0.28853 69.366 935147.8733 81.6642 3159.38 13 39.4065 2.235
8682.58 2348.39 0.27047 98.1656 1221977.877 130.857 3224.91 4 36.9912 0.525
3926.54 1157.77 0.29485 35.0194 534838.3448 50.008 1379.88 32 44.5265 11.219
10286.9 2922.37 0.28408 101.52 1463771.096 146.511 4109.62 53 35.1281 11.794
7343.45 2773.7 0.37771 81.5535 1013734.874 100.215 3356.73 57 38.5808 2.323
6303.94 2044.34 0.32429 36.6719 873947.8034 82.6206 2267.77 22 40.3577 12.184
4707.45 1784.38 0.37905 46.9947 681089.7568 67.6508 2345.3 58 41.3947 11.327
15147.5 5488.1 0.36231 142.337 2096988.26 216.924 4699.81 98 29.1559 17.162
4246.02 1318.58 0.31054 35.6454 588383.8786 50.6559 1406.68 17 44.183 1.396
