2
0.2720161028904118 0.3309284264879627 0.6499669672133608
0.22328087457091061 0.9963757703076225 0.22449746233882395
0.34444573545639445 0.9402058586658945 0.36711174216479014
0.059822114007124116 0.5266162220157159 0.2269214547219303
0.6389263372325904 0.016455674063551418 0.9926555191994626
0.4580934132510488 0.6167182135293596 0.6178800680796627
0.9141101318797085 0.8839849231692377 0.9236837047112444
0.40093467406353955 0.8697643670655387 0.4516141863027568
0.17952806431325719 0.379948713424464 0.5207251399339804
0.8995366902950923 0.14282312951713105 0.9849922939731212
0.026849957788840473 0.38015562560869987 0.25278661485050213
0.6877847703017413 0.9246578742330006 0.7074556591803403
0.37383153292950244 0.5949938215802961 0.5568584567731157
0.6509316241225616 0.06006101504046646 0.9745424138176834
0.8549504976424483 0.5320028656925588 0.920009688155826
0.47722651513587766 0.5767580795894616 0.6526822430000327
0.9413081580922247 0.16475626274716837 0.9900842530624306
0.8160869690705975 0.4822294801022733 0.906643831142586
0.584997671597828 0.4377095205995559 0.7908263823488029
0.5683879609275617 0.13610432751113288 0.9259895915829044
0.8203613178234693 0.8522216917568626 0.8447211030037983
0.8073037149122391 0.5130349805259877 0.8959973061497136
0.8078446197047693 0.29367358323282167 0.9392574182301897
0.7067693758329036 0.29160431258682273 0.9037508819632692
0.6550982132536733 0.5122932167581868 0.8051837887650273
0.2225990104478346 0.47885174849465995 0.48703520781329435
0.8378092663992287 0.5327500308139986 0.9100297314768081
0.7074523611157332 0.8411882972312978 0.7474240083620195
0.4164300144590384 0.5604854035705511 0.6120104782671321
0.8650185591575348 0.9719575752927923 0.8685431215089456
0.6264063367047179 0.867452234142966 0.6664727648768438
0.13816435824024131 0.5369830139371715 0.3454675549172411
0.8598691094983929 0.21288555963799716 0.9683705953229377
0.9916146482327863 0.5278714546322127 0.9955648139687592
0.3538871359613184 0.09529390554767336 0.9057525441248081
0.9246836024965678 0.748345542754486 0.9430856357272077
0.9039510969598572 0.1656883849380798 0.9834079736229027
0.1286527377386435 0.9712394714439795 0.13646856089802442
0.7507338728153042 0.12610432706805896 0.9644911506244573
0.35017646497699073 0.08305967729500252 0.9165340868893894
0.9223710995432517 0.5062541576157383 0.9599162816926611
0.6552192450067094 0.31229181118309424 0.8763125931209841
0.46676489919815733 0.6139172238002272 0.6264027839328861
0.44833384541193155 0.8515236977736961 0.50504542670676
0.20535554606605333 0.8364834056819934 0.2660253618134508
0.4554270419664279 0.3043582315266181 0.7871127627340235
0.026669441022037055 0.6509712378253262 0.09448879896246752
0.5476763234911235 0.362804315305133 0.8037766149074563
0.7028130684889274 0.8982200243713292 0.7284981729965325
0.3069798916299602 0.3080470714669925 0.6950334644191676
0.9084513807958565 0.9493343851003065 0.9128814031709739
0.7198909496077732 0.39783693423211264 0.8774359555917645
0.8260858868852676 0.34500471920363485 0.9362100596017764
0.2794593911486526 0.6112913141941443 0.45871129674664646
0.9707545776193411 0.5637447079446144 0.9834063744137742
0.23413454651031584 0.44449890839849504 0.5244789982279532
0.3951277439872467 0.4234542233548855 0.6748959185979034
0.4653208430840128 0.7078635390703253 0.5818541192385736
0.5592122563918875 0.2893040368108437 0.8452261304313399
0.128945228385406 0.927365816403679 0.14963054654138666
0.48575146662545854 0.1429546812798066 0.901927088115108
0.3915764406942406 0.5926940316019057 0.5736735175851926
0.3122375828312225 0.23062671098552479 0.7645656437825068
0.09849153806729771 0.14984936194570664 0.7065802114210793
8.780313138724294E-4 0.3958342422646055 0.061678897012516554
0.7062076822918882 0.9803870060237482 0.7110421151012029
0.2229243859061193 0.004115449401628335 0.9938420670791734
0.8952156956099814 0.9531772774953824 0.899867494953612
0.6379382662447456 0.8941535014210353 0.6690246965246325
0.5925764324516863 0.031344182648407326 0.9837321343640247
0.7476354708398082 0.09383256005854046 0.9730787750436127
0.2862438042809121 0.3317163007783749 0.6603748227843437
0.4487206296019236 0.9255516351902283 0.4763057796007629
0.7305902498858645 0.7893365238438002 0.7805357655995218
0.9879036912682451 0.8795863787243311 0.9893524676569818
0.2536895221433433 0.02973839312368376 0.9600302430201466
0.9877397331545398 0.6945080506016774 0.9914691144709266
0.0905082168394894 0.05609249917494197 0.8739327670276944
0.04679397828816001 0.9677132550552585 0.05165652728698686
0.002235566842711534 0.7337108261866216 0.011355781560791825
0.9438714698789687 0.9425944254909244 0.94700658906631
0.45666719328774463 0.9264721981094793 0.4837585910926052
0.7926828637398302 0.44723048824454703 0.9013100352665422
0.13034537396439616 0.0367568055764127 0.9278413896100672
0.8154633492522793 0.5139248905455285 0.90046853086248
0.7416141885019953 0.9030173244522715 0.7634287518460199
0.7013516400120337 0.914164802128808 0.7230360418379684
0.6078703449157328 0.778474117544647 0.6787384078114667
0.5613049961853518 0.625568499183685 0.696797746118912
0.803754550171043 0.20832388831784898 0.9555093630220329
0.8275955060800778 0.695329925570566 0.8767110534193481
0.033302240124559956 0.33588567644563594 0.3189480818105231
0.9029221818616848 0.8999870746082073 0.9121911687374927
0.24389768103682918 0.3483260367497355 0.6117140797541878
0.04811845033975937 0.690255214759435 0.12315689550491385
0.8575332386586076 0.160088610746855 0.9756953592540382
0.7868192499291318 0.11950642828476954 0.9717541194405368
0.46720946111508643 0.3951289096463545 0.7403114905561772
0.6560090660432604 0.9102342356006248 0.681310480076025
0.4021793012005278 0.75956187252739 0.5006477839103644
