2
0.5550714387276854 -0.7805320856022415 0.2786556712985119
-0.1624864279197542 -0.4692803521929123 1.066851494373059
-0.13926966249424355 -0.4169032156229715 1.0571186659006115
0.5669855957090144 -0.31945937251561674 0.35963498227674917
0.14219618913759557 0.6005788215834778 0.42136069949769467
0.0677601704645232 -0.3907859544787875 0.9361487922887006
0.6359768175014537 0.89646145110441 0.6078102097590181
0.05910347754290446 0.6790976860355493 0.3375060950476378
-0.5411123650489844 0.4977466582878607 0.42968505353251696
-0.7733720092373997 -0.1269907457237336 1.0081010807462667
0.0611106002165287 0.7304754302774976 0.29500142051074507
-0.4517957036787301 -0.5321812143730984 1.0343263501102151
0.20869029190597055 0.8858127597269345 0.2750950918341171
0.38288188743969687 -0.4430409194130136 0.6077708003919258
-0.8403269981425767 0.2520530580594835 0.7693704037000972
0.33310915260869955 0.40059746073212366 0.5226179113522339
-0.757372653234079 -0.129618865969505 1.0135419553383982
0.3801590721932646 0.08193862530174889 0.5699834080425331
0.8475891089005751 -0.7147491267715955 -0.34743206851642333
0.9463237480039928 0.16493487552675967 0.20088994798875418
0.9645108193566065 0.8559326225253747 0.8306690859742283
0.8724700954290068 0.6997448078440978 0.6487885785376011
0.1332749231873378 -0.4829637557723543 0.8951611915773082
0.19761182264115829 -0.8261913454736345 0.8311767544815725
0.5113985102016378 -0.3869083278710421 0.4290961260646089
0.9379435327134173 0.42087313573127805 0.4306860672993184
0.1713731520175401 0.8207737846804057 0.28862492447398125
0.6848541657527365 0.966483821721402 0.6724627590015452
0.5309556008108107 -0.322461321668323 0.41006101909750553
0.09118859269309931 -0.035604097099927845 0.8050002153337056
-0.5480653844841294 0.5053684591178966 0.4160826730836706
0.7646884731778285 0.17403484890973453 0.32622020506473026
0.7902784742042563 -0.4683319047179555 -0.06701567022757099
-0.16306032558969719 0.8727558287493915 0.005141170784379395
-0.4831344264663433 0.2696663415636522 0.7531684775774699
0.31494969903386605 0.9103965919874262 0.3480734346126281
-0.7525244853657622 -0.3058854968489093 0.9834408931338949
-0.9542872051920781 0.9832904467525534 -0.9056920296446213
0.34851459421765485 -0.9718391166343334 0.620631384384575
-0.3137038260505005 -0.9251356035905838 0.8651617133152936
0.1674166960701864 -0.5859202266118781 0.8707241160804481
0.042264585953242895 -0.6105405718097479 0.9737946412736881
-0.31596529370418636 0.9952713959151631 -0.3082485802211366
0.748253632401606 -0.5782782803901836 -0.045744950071884005
-0.7308626198693244 -0.7893593679087603 0.6213560225336259
0.09245152895353015 -0.7265846806403218 0.9328187739326097
0.08152516862057468 -0.5044021073742007 0.9410634596154734
0.732282366344609 -0.15449573989450993 0.19104677579390666
-0.6424136225678307 -0.8027451676144364 0.695451441328843
0.6552507123381037 -0.0153941728760556 0.3328637615040145
0.7618406868580045 -0.2717129915097962 0.09125906871183403
0.2947002898699902 0.9923175479556061 0.2978546737119875
-0.20309164369180377 0.590188647673433 0.3534441591273154
-0.7906209294847131 -0.7137801246017761 0.6371271472044742
-0.8018726398504479 -0.866271385669598 0.47524785874276265
0.4996329585930708 -0.3711315107533115 0.4480709825533422
-0.5369666734867831 -0.2739899668891077 1.0730617975944958
-0.1422454040821648 0.12498844805158216 0.8234097588333175
-0.5544552234664994 0.7047584521412897 0.0522408274548849
-0.21208149696414647 0.021767533440320452 0.922144811413868
-0.05999934016357411 -0.3163330312765722 1.00362189656868
-0.9610311630534503 -0.46619145514481075 0.7112320973611985
-0.907201430611511 -0.8059743904075938 0.4330212211312003
0.04519000414419394 0.9461820024762078 0.09412131933939577
0.7560421659569199 -0.415000073379614 0.024627663466864347
0.6106442045021843 -0.5857340844516479 0.2212540226833941
-0.20511549706644083 -0.5587567612235926 1.0676467165196057
-0.3057455263994744 -0.5040414415158874 1.077834810562576
-0.38355779727715866 -0.7643434655680739 0.9377863568049021
-0.9404947278732347 -0.4641925870763568 0.732410581755794
0.21399534555110855 -0.29612433337424937 0.7880890376861358
0.7864598638021971 0.21703930980150155 0.3371083807693117
-0.8688704841188379 -0.5412824146591437 0.7284819785490634
-0.02770313074108377 -0.9777671516280517 0.9223564528477148
0.9826019170993916 -0.26223665164280474 -0.2357155038142292
0.5520873845656611 -0.9954301362797955 0.22987990189709218
-0.36925320311709453 -0.5433003668295304 1.0571018074037892
-0.15875360089168677 -0.5862269412926073 1.0575664392570485
-0.6520832149077007 0.9694315935524866 -0.5816699828033276
0.15859308898250624 0.40694594625111313 0.5430863374677535
0.5401122742712898 -0.3938115396267521 0.38529224256092076
-0.406579584951537 -0.6524723773905494 0.99455488961
-0.019211712226934186 -0.5248649043683977 1.0099451758374032
-0.14279711923304994 0.4193504174121072 0.5560469808761725
0.13271546922388922 -0.6002903085177917 0.903654507269082
-0.2804290128855571 -0.20999664745584545 1.0586584337080507
0.7406999285672846 -0.6568617860908896 -0.07000813118790639
0.1486847883713045 0.8259751942367659 0.270418562989467
-0.18165053996354796 0.22611915260608928 0.7511565174631071
0.5444680184153385 -0.9462032111553855 0.25972320205300226
-0.7382123589272283 0.4681532331597049 0.4527007333527
-0.6050024859357372 -0.22837519979151 1.0589366551544255
-0.7484946211511538 -0.18401016165431128 1.0155819631410075
0.8482431472314176 0.03103651757632586 0.17284400768154684
0.6268667041415603 0.11785619717236417 0.3971257380515651
-0.6198041905167258 0.37480402562814263 0.6159570578828495
0.6665392780584432 0.7800150857346264 0.5932012479010942
0.5816459869248207 -0.2869959678988754 0.3458500559351751
0.4496093599221487 -0.5856761586200652 0.5027682533861582
-0.30907727765631066 -0.9287082655048495 0.8654414327576441
