1
39.33764634194959 4.365490680035629
15.587777508447099 3.440661606671342
8.337927408233814 2.81753864421093
32.589394770651325 4.177369408833877
27.180312268364393 3.9959783070761707
8.844578327322129 2.8761324664943277
79.27935221506975 5.066164673208445
37.78153541592112 4.325142774955041
74.56010397261538 5.0047977128113095
7.864875683735228 2.7595712538085437
25.96306493000857 3.9501927982864897
81.90717545619962 5.098771042475815
87.57141226699527 5.165634379489877
85.55646618318576 5.1423579133953226
74.8711469280879 5.008960370183056
81.69143306824216 5.096133778073803
22.824003200622244 3.8214394958144977
57.117241144641596 4.738329820518384
76.54870060838077 5.031116989646762
72.89538672518894 4.982219579883878
37.48238056633498 4.317196049033164
4.076102346273524 2.113006710495204
41.76185976073997 4.425273971104951
8.435987832315561 2.8291485519754014
48.67100794788448 4.578336233011233
39.56290017171791 4.371198678727939
49.718430078695434 4.599623991982643
13.434419026837274 3.292349476523127
60.71417550388669 4.7993921986143695
45.69968370188633 4.5153582411300786
87.79968118480627 5.168237479000697
8.234510946032714 2.8051478562140435
51.816164899029026 4.640942444648416
14.461698203260276 3.3658440615934997
53.52561183333723 4.673394694651985
36.38223845102752 4.287416697202691
33.814623261713294 4.214259099341367
0.439384969171297 0.4263504433626751
19.792218622528978 3.6790736236364348
62.93972791400403 4.835387852124104
68.0621691881335 4.913622683479921
14.765009711400678 3.386552145907671
77.95133719093907 5.049273070555411
81.61921753856599 5.095249449717889
27.029372898514413 3.9904133554630854
61.21337516278501 4.807579606601767
61.176996029800414 4.806985208897886
30.494696493228478 4.110968693686218
96.92606980051511 5.267122311252646
62.4640505447243 4.827802448062698
92.9805347990569 5.225566264495433
99.63128597578348 5.294648596479323
42.94969247043156 4.453312166394489
14.152958468595035 3.344316620685481
37.98330150808984 4.330467047139251
15.244008122509223 3.4184077895269547
83.82464326908197 5.12190979457485
63.10003353910513 4.837931264321411
61.27294071384297 4.808552084488318
58.546683945090095 4.763044559631787
32.65305338838095 4.1793199410418405
29.15874736996352 4.066196037243835
22.334008583184673 3.7997585644277208
71.4055529755272 4.961571847638663
38.63964062326616 4.347593292822534
96.99034468523764 5.26778518931758
99.29935659981246 5.291311625306675
2.0348911610419407 1.4591312696915841
89.58587065723714 5.1883759433023116
72.7929739647249 4.980813796634675
33.02956024689914 4.1907791850807214
54.21273930861214 4.686148155466127
55.52506135699986 4.710062734506581
96.02996331398528 5.257834549891363
0.4455605444379729 0.4319978764523579
60.970567827943846 4.8036056780095535
17.806195384116428 3.5734811944515052
48.95108900968912 4.5840731118160445
27.127351842694804 3.994029242754478
89.37111320525761 5.185975990642807
74.83093810798015 5.008423233600251
57.68781757560281 4.748268312250738
15.331140395538167 3.4240951987498516
27.045596420877004 3.991012983646351
71.86277078309021 4.967953925726306
51.32416255129141 4.63140371980631
41.006688915599064 4.40703101758158
44.21871675883712 4.4824231695296195
36.677569210589134 4.295498343691266
53.52763928475114 4.673432565481071
90.06611820623442 5.193722045379608
24.022272508353925 3.8725615438147556
30.888856857116696 4.123804598134089
14.820034123509151 3.3902634247354992
8.871724119100932 2.8791776247138996
14.506414027875215 3.3689239768376944
20.71819502898331 3.7247413933529923
14.988058083130051 3.401511966011898
47.933867489332535 4.563078269646753
98.45038744571151 5.282725713291627
