2
0.9021030761998183 -0.37755896759998975 0.3769660273725439
0.18768612457362255 0.4518096158798164 -0.3551142212651778
0.13508860129752098 0.3991484060355035 -0.32162088001766287
0.6556289146697507 0.39472504879460657 -0.4138723313983337
-0.1463738632672027 0.24499105131869414 -0.2113855948078365
-0.7100578569562424 -0.5024138692721414 1.2408218721852244
0.3016341951523578 0.3274179720391579 -0.2929824079805027
-0.030063677379581932 -0.966104466966212 1.432811376705446
0.5549936430915758 -0.7391072585145846 0.9361740812490974
-0.270398496583244 -0.23730313915220047 0.29057566293187187
0.16756771365867418 -0.40325185350121484 0.4806411854202625
-0.8907823771976888 0.591903617593901 0.9197326539461943
0.23404849871504374 -0.06267230138094959 0.05481604356929755
0.36887983139480096 0.5184263385806025 -0.41572206347078006
-0.8101383141333014 -0.827675000865481 2.132672553117526
-0.6567820065898264 -0.737581672714217 1.4789799277025144
-0.0795252705404279 0.9399531234688026 -0.4976542507596872
0.16481848866164395 -0.5511492979465029 0.6992927004124134
0.7031283330003417 -0.8331709595006913 1.0770595825802591
0.22371898146296054 0.04833136444593178 -0.055855559154603635
-0.48394249014275204 -0.4641249361639179 0.7400202033991741
0.0853857613056257 0.06426242844312458 -0.06276696825095288
-0.925195750716016 0.04728267718153667 1.4785048949924602
-0.5726069713443465 -0.3369707434154956 0.6889955092596776
-0.4153701117768227 -0.15235834932967096 0.26539706054293366
0.9346790500814255 0.5385839759383582 -0.44688603046499986
0.21739263690211108 -0.5182139086678412 0.6444463220549743
-0.20095997125358056 -0.1544273747977114 0.17609797316258152
-0.3361025060224432 -0.7306134709598975 1.048240344488007
-0.30997658962222596 -0.24928144629786986 0.3193687379715365
0.5309231103326724 -0.16977005313199123 0.11398069528804725
0.8474592555296288 -0.5465708126679423 0.6030990976820766
0.7549874593982893 0.03494295395897762 -0.13977296610575518
0.08007756032512514 -0.5724613262396328 0.7358449397318928
-0.5238564401335541 -0.4216720719167615 0.7296447355455995
-0.8896993005899982 0.1488439967569306 1.193062864899413
0.19475987177899357 0.6354635145370171 -0.43950529978778696
-0.3548679340297718 -0.4345115214592794 0.5894592952091481
-0.2049061565405519 0.8887329624318396 -0.4834436551219523
-0.6085170211481745 -0.09359703171505651 0.460423685866898
-0.9202511863341705 -0.4893394652768166 2.1055676715266602
0.31759355644606035 -0.5544517476715758 0.6862997147819997
-0.010981081879166243 0.5249644911106339 -0.38716929396204514
0.8486386655620706 0.7142229606799795 -0.55167461558461
0.3934279978782991 0.6047799252973385 -0.45883895213776427
0.8445462945237825 -0.1285925097229217 0.04321835828427738
-0.9421740824694365 0.9935017906809787 1.1243786003993188
0.7958389572861333 -0.6091569975688598 0.6917852823029582
-0.8162828962089042 -0.48525071465554337 1.590868005187736
0.3146522898215778 -0.3437448224577466 0.3814747899654418
0.3829223981731562 0.5792949858940402 -0.4461511607165567
0.12458020657201119 -0.19844182721191883 0.21643877088461322
0.7882855719689144 -0.40165042095855874 0.37860659479681436
0.21988147795139223 -0.9628525745139151 1.418101830756569
0.3869640159491943 -0.7649217561592216 1.021952377960082
-0.3929545994316337 -0.659898379359501 0.9621522106462513
0.1338855197798603 0.873356211577929 -0.4940593003316623
-0.7749174915208228 0.5253473444379309 0.43858008210224364
0.2280324371813034 -0.2704395191536306 0.2978547489624067
0.5993163915098398 -0.9395213834097169 1.2946194255740184
-0.40526508049733967 0.5943125210711642 -0.3241734777092077
-0.7987558022579506 0.30041362183400966 0.6613832252250791
0.8269729476613845 0.9336611080568638 -0.5956556790581777
0.3340079929867874 -0.8828080614718032 1.2476666515547368
0.6383386011121168 -0.4184237924881533 0.4118920882634613
0.19132634894710643 -0.14274447596493145 0.14726880253420271
-0.6189896276527884 0.9257874784172915 -0.11327900260347024
0.29591781544494156 -0.8050118949058676 1.1107892718230914
-0.9742030939727888 0.9250201163804328 1.328136578721001
-0.9451363107126256 0.8020043245991222 1.1618288933762455
-0.8658493344797593 -0.9672053080908705 2.6461140375400487
0.8213034347730293 -0.6264497823800905 0.7236712874401773
-0.5614818562907591 -0.5125925419228703 0.9203719714944758
0.10722591027718686 0.4054797583653811 -0.3243734697665762
-0.015355378626314087 0.46315814043282 -0.3558967327037254
-0.9861994097239168 -0.21351983652720063 2.141412065744979
0.7150015122193729 -0.5203552693132871 0.5515650898596394
0.7342213633940196 -0.7574534080312947 0.9391247820606492
0.7485937664250244 -0.5578893958103719 0.6080431539109554
-0.12895314262644653 -0.4347169032867204 0.5316271676245946
-0.8930192317854626 0.16020152959284828 1.200778393421719
-0.09978689779599104 0.883620528605054 -0.49213513845888146
0.744910907358485 0.6700768284855649 -0.5510152271597095
0.2820776591067733 0.09488183618538559 -0.10649381944289246
0.22908514289260973 0.1326456789977477 -0.13311647915277405
-0.014778732073842171 -0.8036640246447617 1.1266052324386946
0.8721817398633196 -0.7771229101613346 0.9942794004033961
-0.7021292158168577 -0.4650988279794803 1.1624314050689848
-0.8353524468643534 -0.2599228038368513 1.3635671008579306
0.02200079101839414 -0.48425456856598337 0.6014953972955895
0.09333410762421557 0.8430848732868952 -0.48842599280138166
-0.34645396346090185 -0.2134509091535619 0.292223829171898
-0.15740126295755275 0.8594289364916974 -0.4856064385257632
0.18399508818218213 0.9523894025823672 -0.5039495142884276
-0.05362375630426808 -0.7012727841469109 0.9473270070808777
0.07917996392841875 -0.11885711376313779 0.12546351057555483
0.8306279917819015 0.6034659416425194 -0.5184450720604992
-0.17504870353161683 -0.11777210557052586 0.13101002602108525
0.09143857802174082 0.2547630261000604 -0.22300553900852726
0.9961502368468185 -0.027615399618106995 0.024191232693337627
