2
-0.8642747590398596 0.9034040600442117 2.2452297432553103
-0.3137081186219075 0.48632365948067013 3.426236469767677
-0.7956664560269393 0.9364589293461727 2.279176022835638
-0.6798233574352028 0.8486729271449058 2.5138216713941914
0.05302738408409513 -0.7032581345138487 3.2033521065236092
-0.13239960501016257 0.0373822365454497 3.9625007022042356
0.8989477102766368 -0.4357253196058233 2.6684780829970327
-0.9396069609491717 0.5997583864093687 2.4671777747002444
0.4477483842873937 0.8715312830396307 2.7026612561609156
-0.009433639955936046 0.9157652718713911 2.8181765075657004
0.41049211576049793 -0.6363447794746699 3.108681298753167
0.1474847642851418 -0.45322449421604283 3.5920117644266103
0.2900725491119638 -0.9039652176760815 2.7573891840067315
-0.6784894855291559 0.6508672734263201 2.7739480058378914
-0.24123494489573027 -0.5900743143901317 3.3244929592022183
-0.34498991295939585 0.42042987445963953 3.4846554860307464
-0.6064813366349193 0.19133520895903056 3.3271935883178068
-0.37556571854590426 0.45675646109427914 3.404724629726686
-0.16004370903960785 0.2009739880885173 3.8722083487292744
-0.09301000462228126 -0.99956466741778 2.659768658334362
0.6663722366900746 -0.14163187830937796 3.2466062709046466
-0.28469885425106467 0.8216040687825787 2.9026663232450005
5.446675321467698E-4 0.3372884803653151 3.784718018526799
-0.21997650572468963 0.3814342927225223 3.6465045942560828
0.3816568217180123 -0.5262517453979887 3.3022334094183914
0.5977904310352882 0.35621733853026494 3.2202953424249112
0.9028875265785448 -0.3365335612836271 2.731810584224023
-0.914744144464297 0.191791658651431 2.78402163247261
0.06652743667330197 0.07521196666752061 3.9799356721773176
0.775699253178938 -0.728244875680292 2.5542376966957576
-0.8972434556563571 0.2676619832519682 2.780975169219741
-0.5139968222684124 0.7211751236419071 2.8732677462922913
-0.47225399840240945 0.5314826628368443 3.192978436191819
-0.8684456515859054 -0.044618849759124 2.9025588939668987
-0.0906789011496627 0.8379792580244272 2.9515591223749307
0.5184974141322798 -0.014680470173054294 3.5256966893671966
-0.04930980612324931 0.39650456360213227 3.7043085247857355
-0.015571998428172806 0.712583420350906 3.1897702561115038
-0.2726733794009295 -0.17828780603222616 3.7984228038169117
-0.09922658783606364 -0.9583630800595708 2.7319551970054685
-0.5387452985475705 -0.6643432368722091 2.9286881640816906
-0.5606327222523415 0.3070235405078954 3.321469454524128
0.4953611442441417 -0.3850582178820363 3.3421726916355294
0.610358992550835 0.23163090942998776 3.2973496614946054
-0.1680090015247282 -0.6927382128861397 3.1896486254234233
0.16831592080856805 -0.168171602818447 3.8898928161052053
-0.7741610494996229 -0.9497955210803883 2.2847763116469504
0.9076444732469826 -0.028624845304265012 2.8322214611929657
-0.440903142673972 0.9459087165920868 2.589718464363012
-0.699270883448077 -0.951066089637101 2.3574435641241926
0.16164318519242027 -0.10087222008181751 3.9286870152548174
-0.4815314299974278 -0.2978411439596165 3.4474112377926907
0.7834116215322227 0.8401943542416122 2.4098851162039177
-0.1625587226353029 -0.3342937930793006 3.741503842655745
-0.9260891273446858 -0.5370622778726233 2.5428494268813417
0.6519661898447973 0.45662824630639 3.037702519211756
0.3141790123617867 0.6601251834530908 3.156473854741185
0.1557351313588169 0.4308502494531443 3.6200972745897713
0.09287807756192823 -0.5192450256940035 3.511479875296466
0.700638431072927 -0.14723958235028967 3.1839861978293116
-0.9902527839019581 0.6182406647912959 2.378954274864193
0.46703335844619565 0.11642026329917754 3.5847532342555857
0.15259206113075097 0.8547164617184884 2.905050705013518
0.8538000718172649 -0.5661630669534465 2.623367822465225
-0.9495103695834337 0.2870903944330714 2.6809733803753484
-0.513841495515649 -0.9547516093686412 2.5192218849049857
-0.4308875970885069 -0.6574994568096895 3.0558031788177855
0.4576226951252238 0.9193662674473899 2.6189555258965895
-0.07386274507345303 -0.3297598907159385 3.783942035796504
0.32193986529206975 0.2459345829761339 3.69663714373839
-0.4067994439960725 0.5846653801623589 3.1906585247498747
0.17978566972811016 0.5866799396219202 3.366271969903201
-0.34941066346618754 -0.26015752153413585 3.653352142709523
0.7077869167829733 0.015509151219037953 3.1984610881580267
0.334307112786024 -0.8431676367922132 2.8341729889845078
-0.9041453031107516 0.8985267196282014 2.207000664302822
0.9636144794587729 -0.2938420689870911 2.653491175020617
0.530561497225658 0.7242045764603728 2.8510662463600815
-0.15733150943480667 -0.08990860220313168 3.9353873144220715
-0.8433948416295813 -0.4294152809792431 2.7627053567406623
-0.8712755344760297 0.38188766839757315 2.753911265646023
0.6062183193814021 -0.9788351976847887 2.405567207811656
0.15380423109976338 -0.8620676512662493 2.8914098047474184
-0.19545990806896163 -0.32132805719959845 3.7357755163720614
0.5915154457941278 0.30902581626795533 3.2714651861291437
0.2783390975911051 -0.44847911775043925 3.5109182522329743
-0.902864184435664 0.024077317745637927 2.8411679310272056
0.23860486648321877 -0.13182897605780708 3.8567019979903563
-0.27394583445203313 -0.5327281632992835 3.3914894408967946
-0.054747449712444496 -0.5262365112416696 3.5088917415274015
0.7203316751637219 -0.886363769328061 2.4209276213144246
0.2711852891111435 -0.4850398983533324 3.464995714949684
0.05343372129998536 -0.0010385277079139055 3.994295664255605
0.5925178957671484 -0.7473259332975042 2.7495438694706458
0.027940421298398244 0.574962114706842 3.431470383050698
-0.3652854916029036 -0.8200424021129626 2.851132027655155
-0.3971728854161847 0.8527331845502462 2.773059547000585
0.5451713732568351 0.5054734968589463 3.1339178543102606
-0.6668714733435261 -0.36945245447001795 3.0993184203525224
-0.5946851688120576 0.15855395582251175 3.3630545989202547
