1
-0.6670021885279975 -0.17350278736011
-0.6610453630634268 -0.16813605062084544
-0.8004725160869832 -0.22816705829261621
-0.44695211030127346 0.043869116263966966
0.24351227039041046 0.07299299390464148
-0.6198020061251002 -0.1271163802340364
0.8321480486953012 -0.2171219971602528
-0.8072116908120668 -0.22668509763165376
0.23468113007618085 0.07007846682401736
0.7804380983318087 -0.22986268304494564
-0.47441086341363436 0.022784454504698914
-0.38570773100482736 0.07613520467091088
-0.603545432226533 -0.10966301216976063
0.8738150156956466 -0.186739130737601
-0.2463303167149904 0.0738794520610347
-0.417413844519436 0.062102265714000814
0.22461930462294988 0.06653075513817953
0.831769566917818 -0.21731549638231418
-0.34303526701110854 0.0858229136870661
-0.6680351861173663 -0.17441583693331625
0.6454224282157826 -0.1533095778116503
0.9178888344646603 -0.13584801243085376
0.09826092617305848 0.017065277848388176
0.17111552839507138 0.045157136743843876
-0.46920146689510567 0.027069273705987003
0.6799548917153366 -0.1845478504711045
0.9792067653085721 -0.03827025859258752
-0.7473763877632409 -0.224182452826807
-0.7448022610269829 -0.22332153152725456
0.05865111541362156 0.006338390243823889
-0.9926586041550838 -0.013731742622116154
0.05481338188615581 0.005552065847674993
0.45435234369613187 0.038560413314216634
0.9181128272215782 -0.13554384247754614
-0.8298757672385602 -0.2182612585106297
0.3142573642489861 0.08669711112193802
0.34774719994822223 0.08525950719517393
0.7028778807801654 -0.20168837422570376
0.15775494314001026 0.03959739357316937
0.41619077627458423 0.06275165581773391
0.9162983542645236 -0.13799530012829891
0.6591209505497821 -0.16636652433544077
0.36972324777511023 0.08098690214340461
0.5966743368878569 -0.10216612558186548
-0.7687924809589539 -0.22903182497525887
0.13376859174515854 0.029896156146101048
0.5141756204838412 -0.01372082772079007
-0.30898608157741414 0.08640203666935137
0.7026611926723751 -0.20154227138668745
-0.5916176585497646 -0.09661958114508112
-0.38560828114448875 0.07616999355475229
0.9707053066349116 -0.05329941278716517
0.7585093439425201 -0.22722764055207265
0.5163079902888983 -0.015843465485579276
0.6175490890994033 -0.12472773768728544
-0.2733324924203482 0.08112014502542969
0.48196953363489703 0.016345503051166062
0.903824244935783 -0.15405992407948016
-0.5712173389841755 -0.07414759443511182
-0.7462543614167265 -0.22381431158235396
-0.4143163172334974 0.06373024388325517
0.27432313889004956 0.08133774595354434
0.1807198351679633 0.049159962406300876
0.21503632701750597 0.06296047721465264
0.038029893639225154 0.0027002915877597836
0.5931780846517383 -0.09833329166222746
-0.9237625041326087 -0.1277299308658466
-0.7973421234529017 -0.22869786736438047
-0.8522566612338918 -0.20469544759178926
-0.707876954675515 -0.20496853778532567
0.15828322559168528 0.03981610049032313
-0.7169626991424229 -0.2104714186382799
-0.9197576077956795 -0.13329708327824977
0.7514816244877269 -0.22543471851705166
-0.002472872575486784 1.1526225852489022E-5
0.02273942400223361 9.713627683068261E-4
-0.17928864869395178 0.048564721902593554
-0.13774175316140957 0.031462623590785936
0.467372412573017 0.028543213197838403
-0.5673637548575019 -0.06991067500102219
-0.7841029037718144 -0.22985133946837738
0.4203197867853712 0.060525035190040606
0.3792146162632082 0.07828536948373055
-0.2134341222761178 0.06234773443047039
-0.19007909762171638 0.053029748707441884
-0.7904969288710835 -0.22951334259031667
0.4923603044714522 0.00708750555176956
-0.8602501393464621 -0.19859144676392557
-0.7364068237731203 -0.22011676756780454
-0.693089957578062 -0.19477516165191125
0.9833597078148058 -0.030788103657816073
-0.550584388932859 -0.05161844525029117
-0.7583414038424365 -0.22719003293551387
-0.6565204012521746 -0.16394870015115084
0.3090914521983006 0.08640924700936263
0.13378273916928252 0.029901697802454257
-0.9504729593968213 -0.08730741997674948
-0.6242826385383817 -0.13183209764460632
0.744481883035693 -0.22321033681561586
0.4110271321311312 0.06539852711817196
