1
3.6103380183096356 1.900088950104609
3.456212452634356 1.8590891459621715
0.27699254684918495 0.5263008140305171
2.6893358884641794 1.6399194762134448
2.693737520699737 1.641260954479737
3.970519947677094 1.992616357374669
0.7911158822602968 0.8894469530333424
2.787556949932961 1.669597840778719
0.23827373191037537 0.48813290394151404
1.2976047787570373 1.1391245668306154
0.4906299892679655 0.7004498477892371
3.0497293832831422 1.7463474405979877
0.7708120826022387 0.8779590438068502
1.9378543126496988 1.3920683577503292
0.42533971809997606 0.6521807403626514
1.3238351402308823 1.1505803493154585
1.2702321050146108 1.1270457422015359
0.33012176618974376 0.5745622387433269
0.926223012031171 0.9624048067373577
1.7683624545688015 1.329797899896372
