1
-0.4654768753898588 0.09078956018417442
-0.7601192621997908 0.005904186857629217
-0.06595116919468236 0.7613825577146444
0.2881718058577676 2.6892093692983274
-0.8407481668984806 0.0015853352538597648
0.817696210899683 7.0578044321185445
-0.15882471733087855 0.5026775192953412
0.8933384020823047 7.501928019155504
0.5020310681325608 4.51827952382139
-0.8372466064790935 0.0016984761157834186
-0.687757984149207 0.014088529964515893
0.5351946655598538 4.816287750011521
0.4537154275568347 4.084493474716209
-0.4013494047837418 0.13731547337533595
-0.8189767150124854 0.0023826287609248244
0.46195124607276905 4.158147639738534
0.992623189708228 7.97016505958875
-0.5036375854962378 0.06959108736923103
0.07780450191825006 1.3488245804203345
0.3512974422645132 3.19574640092264
