1
-0.39679767004881006 1.0174007417302047
0.47506906655434467 0.573180813461679
0.48058616937216314 0.562684139010097
0.4364733360124988 0.6437456373950696
-0.9751923290504998 1.4865498536639103
-0.7701584950922946 1.3178266800612062
-0.3536658746824817 1.0018634151514134
0.3783331347459735 0.7394501190943111
0.28838283655156083 0.8586365597958447
-0.5348341995439401 1.100427589350045
0.828230562899821 -0.18665293773968633
-0.24304656912004807 0.9840914811348151
0.14035828737058864 0.9725984836901467
-0.28755462534483756 0.9876953564118995
-0.4159821386393825 1.0259573837616867
0.8779221568168023 -0.2871316096434903
0.0384964527712095 0.9983494012627977
-0.5276492929919137 1.0949617358202408
0.3064955451370597 0.8376409867993921
0.32834767583473146 0.8102608818821887
