0.6627461245778488;3.9674080438116937;260;9226816 ;
0.4644508294623304;1.172721529562507;143;8692376 ;
0.6516765271402272;2.7619517584673883;271;7319176 ;
0.7639839161426583;3.3910646908868682;147;14362528 ;
0.40117286159622534;1.41968176312972;158;13193576 ;
0.5948913586305606;1.4917432841301328;87;6350784 ;
0.6685747061686136;2.656351342123825;142;6553976 ;
0.602080232988403;36025.13416505282;164;7917384 ;
0.5690631335457448;1.5535157440523455;201;10383760 ;
0.4912519854953472;1.5926203795924403;164;8248024 ;
0.5213753281027369;1.5171067007648844;142;8992384 ;
0.5495851136097483;1.0314306767403223;159;11897344 ;
0.5928276891958981;1.3420955561417236;151;3778192 ;
0.6436633370462528;1.6463609943481268;170;13903896 ;
0.47459566822184907;1.3943349529660851;328;12172760 ;
0.5366761417058048;0.8143915716772459;204;11033128 ;
0.4393694981595746;2.3742061610444196;257;13905600 ;
0.6473142012316915;2.885197812502594;118;10216440 ;
0.5255414353364192;1.7316374752707058;260;11916816 ;
0.6259446128546555;1.7320622632078642;236;9901696 ;
0.48389019126331534;2.058171628206463;138;9604232 ;
1.0811513630787322;13.494728668013146;339;12092520 ;
0.5388214177644213;0.765332726138866;133;7688592 ;
0.579429435995622;1.5553336256876813;168;9686368 ;
0.652586399612902;2.034912229960367;148;11210256 ;
0.558686335649855;1.0216712389764897;144;10357736 ;
0.6898669061489924;5.2810742486122955;172;11574584 ;
0.6292457722041023;2.434548963054061;235;11717352 ;
0.603824869320563;1.132322936834922;262;11655568 ;
0.6752412841401172;1.8017907327260851;128;8530520 ;
Average---
0.5973176225463737
Average test---
1203.106331158381
Average size---
187.63333333333333
; Time: 205429--
 00 hours, 03 mins, 25 seconds
